1 67.0 94.0 -0.02
2 61.0 89.0 -0.03
3 68.0 112.0 -0.0
4 62.0 117.0 0.0
5 47.0 2.0 -0.01
6 60.0 26.0 -0.03
7 140.0 83.0 0.02
8 69.0 128.0 -0.01
9 27.0 41.0 0.02
1 67.02 94.0 0.02
2 61.06 89.01 0.02
3 67.99 112.0 -0.01
4 62.0 117.0 -0.01
5 46.99 2.04 -0.04
6 60.0 26.01 0.01
7 140.0 83.01 0.02
8 68.95 127.98 0.03
9 27.03 41.03 0.0
10 59.0 111.0 0.01
11 236.0 108.0 0.02
1 66.98 94.0 0.08
2 60.94 88.97 0.19
3 68.0 112.0 -0.0
4 61.99 117.0 0.01
5 46.97 2.02 0.02
6 59.98 25.99 0.01
7 140.02 83.01 0.03
8 68.98 127.99 -0.01
9 27.01 41.02 0.03
10 59.0 111.02 -0.01
11 236.02 107.96 -0.02
12 59.0 84.0 0.05
13 247.0 115.0 0.01
14 142.0 93.0 -0.02
15 70.0 101.0 0.0
16 47.0 43.0 -0.02
17 230.0 119.0 -0.01
1 67.05 94.01 -0.0
2 61.1 89.0 -0.01
3 67.99 112.01 0.02
4 62.0 117.01 0.01
5 47.01 2.04 -0.03
6 59.99 25.98 -0.01
7 140.0 82.99 -0.01
8 68.99 128.01 0.0
9 27.03 41.04 0.02
10 59.0 111.02 0.01
11 236.01 108.02 0.01
12 59.01 83.99 0.01
13 246.99 114.99 0.02
14 142.01 92.99 -0.02
15 70.0 100.99 -0.0
16 46.98 43.0 0.01
17 229.99 119.06 0.02
18 247.0 121.0 -0.0
19 37.0 45.0 0.05
1 67.08 94.01 -0.05
2 61.14 89.01 -0.08
3 68.0 112.0 -0.01
4 61.99 116.99 -0.01
5 47.0 2.03 -0.0
6 59.98 25.96 -0.0
7 140.01 83.0 0.02
8 68.98 128.0 0.01
9 27.02 40.98 0.0
10 59.01 111.03 -0.01
11 235.98 108.02 0.04
12 59.05 83.98 -0.07
13 247.0 115.01 0.0
14 142.0 92.99 0.02
15 70.02 101.01 -0.03
16 47.0 43.03 -0.0
17 230.0 119.03 0.02
18 247.0 121.02 -0.0
19 37.03 44.99 -0.03
20 264.0 68.0 0.0
21 131.0 115.0 0.01
22 216.0 132.0 -0.03
23 69.0 35.0 -0.0
24 260.0 48.0 -0.0
25 236.0 133.0 0.02
1 67.05 94.0 -0.02
2 61.1 89.0 -0.06
3 68.01 111.99 -0.01
4 62.01 116.97 -0.02
5 46.98 2.03 0.05
6 59.95 25.94 0.03
7 140.01 82.99 0.01
8 68.97 128.0 0.03
9 27.04 41.0 -0.02
10 59.01 110.98 -0.02
11 236.01 108.01 -0.0
12 59.02 83.99 -0.07
13 247.01 115.0 -0.02
14 142.06 92.99 -0.01
15 70.0 101.0 -0.0
16 46.98 42.99 -0.0
17 230.02 119.01 -0.01
18 247.01 121.03 -0.02
19 37.0 44.99 0.0
20 263.99 67.97 -0.0
21 131.02 114.96 -0.02
22 215.94 132.03 0.02
23 69.01 35.03 -0.01
24 260.0 48.02 -0.01
25 236.03 132.99 0.01
1 67.02 94.02 -0.01
2 61.04 89.0 -0.02
3 68.01 112.0 -0.01
4 61.99 116.98 0.0
5 47.0 2.07 -0.02
6 60.0 25.97 -0.02
7 139.99 82.97 0.05
8 68.99 128.02 -0.0
9 27.04 40.99 0.0
10 59.0 111.02 0.01
11 236.01 107.99 0.01
12 58.96 83.98 -0.02
13 247.01 115.01 -0.01
14 142.04 92.99 -0.02
15 69.99 101.0 -0.01
16 47.0 42.99 -0.03
17 229.99 119.04 0.02
18 246.99 121.07 0.0
19 37.0 44.98 0.02
20 263.99 68.0 -0.02
21 130.98 114.99 0.03
22 215.98 131.99 0.0
23 69.0 35.01 -0.0
24 260.0 48.01 -0.02
25 235.99 133.0 0.0
1 67.01 93.99 -0.01
2 61.01 88.98 0.0
3 68.01 112.0 -0.02
4 62.0 116.99 -0.01
5 46.98 2.07 0.0
6 59.98 25.96 -0.01
7 140.0 82.96 -0.0
8 68.99 128.02 -0.0
9 27.01 41.0 0.05
10 59.01 111.03 -0.02
11 236.02 108.0 -0.02
12 58.94 83.96 0.01
13 247.0 115.01 -0.01
14 142.03 93.0 0.05
15 69.98 100.98 -0.0
16 46.99 43.0 -0.02
17 229.98 119.03 0.0
18 247.0 121.06 -0.01
19 36.99 44.96 0.04
20 263.99 67.96 0.01
21 131.02 115.02 -0.03
22 215.96 131.99 -0.02
23 69.02 35.03 -0.01
24 259.99 47.98 0.0
25 236.04 132.99 -0.01
1 67.01 94.0 -0.02
2 61.01 88.98 0.02
3 68.01 112.0 -0.01
4 62.01 116.97 -0.01
5 47.0 2.04 -0.01
6 59.99 25.98 -0.02
7 139.96 82.97 0.03
8 68.99 128.02 0.0
9 27.02 41.01 0.04
10 59.01 111.0 -0.02
11 236.0 108.0 0.01
12 58.95 83.97 0.01
13 247.0 114.98 0.0
14 142.06 93.01 0.01
15 69.98 101.0 -0.01
16 46.99 42.94 -0.02
17 230.01 119.02 -0.01
18 247.0 121.06 -0.0
19 36.99 44.99 0.01
20 263.95 67.94 0.04
21 131.02 115.03 -0.01
22 215.95 132.05 0.05
23 69.0 35.03 0.02
24 260.01 47.96 0.0
25 236.05 132.97 -0.04
1 67.01 94.01 -0.03
2 61.03 88.98 -0.06
3 68.01 111.99 -0.01
4 61.99 116.99 -0.01
5 47.0 2.09 -0.01
6 59.97 25.95 0.01
7 139.99 82.95 0.02
8 68.99 128.01 0.01
9 27.02 41.02 0.03
10 59.0 111.01 -0.01
11 236.02 108.0 0.0
12 58.95 83.97 -0.04
13 247.01 114.98 -0.01
14 142.05 93.01 -0.01
15 69.98 101.0 -0.0
16 47.0 42.98 -0.01
17 229.96 119.07 0.03
18 246.99 121.05 -0.01
19 37.02 44.98 0.01
20 263.99 67.96 0.01
21 131.0 115.04 0.0
22 215.95 132.04 0.02
23 69.0 35.04 0.01
24 259.99 48.0 0.0
25 236.06 132.94 -0.05
1 66.99 93.98 0.07
2 61.0 88.98 0.12
3 67.99 111.99 0.07
4 61.99 116.99 0.07
5 46.99 2.07 0.03
6 59.99 25.95 0.0
7 140.01 82.94 0.06
8 68.98 128.03 0.07
9 27.06 41.0 0.04
10 58.99 111.01 0.07
11 236.0 108.02 0.06
12 58.94 83.97 0.11
13 247.01 115.01 0.01
14 142.06 92.95 0.01
15 69.96 100.98 0.09
16 46.98 42.97 -0.0
17 230.01 119.0 0.01
18 247.01 121.06 0.0
19 37.02 44.97 0.01
20 263.97 67.96 0.01
21 131.02 115.0 0.07
22 69.01 35.03 0.01
23 260.0 48.01 0.01
24 236.03 132.95 0.03
1 66.98 94.0 -1.13
2 60.97 88.97 -0.96
3 67.99 112.0 -2.08
4 61.98 116.99 -2.4
5 47.01 2.1 0.44
6 59.96 25.94 0.39
7 139.99 82.97 -0.28
8 69.0 127.99 -2.67
9 27.03 41.05 -0.68
10 58.98 111.0 -2.37
11 236.0 108.0 2.56
12 58.93 83.97 -0.99
13 246.99 115.0 3.69
14 142.03 92.99 -0.73
15 69.97 100.99 -1.42
16 46.98 42.97 -0.64
17 230.01 119.04 2.3
18 246.99 121.06 3.8
19 37.01 45.04 -1.21
20 264.02 68.0 3.75
21 131.0 115.01 -0.88
22 69.01 35.05 0.34
23 236.05 132.98 3.33
1 67.46 111.87 -2.32
2 61.97 106.81 -2.86
3 67.75 130.13 -2.78
4 61.66 135.29 -3.11
5 48.85 13.41 -3.79
6 61.58 37.77 -3.09
7 140.51 99.51 -0.34
8 68.24 146.85 -2.91
9 29.38 56.07 -6.67
10 58.85 128.9 -3.48
11 235.76 128.01 8.79
12 60.05 101.75 -3.38
13 247.09 136.14 10.82
14 142.2 109.84 -0.06
15 70.24 119.15 -2.45
16 48.94 58.68 -5.24
17 230.13 139.54 7.32
18 247.16 142.25 10.82
19 38.55 59.89 -5.33
20 262.37 87.23 17.25
21 130.83 132.47 -0.29
22 70.28 47.44 -2.03
23 236.55 155.09 8.26
24 58.0 137.0 -1.04
25 42.0 13.0 -2.48
1 65.88 107.91 -0.72
2 59.87 103.07 -0.82
3 66.04 126.15 -1.26
4 59.68 131.08 -1.33
5 46.47 15.28 -3.01
6 59.66 40.22 -2.07
7 139.97 96.56 1.47
8 66.51 142.76 -1.24
9 25.29 54.96 -5.36
10 56.64 125.56 -1.81
11 240.41 123.53 11.96
12 57.66 97.86 -1.25
13 252.59 131.32 14.79
14 141.76 106.41 1.47
15 68.59 115.06 -0.82
16 45.48 56.82 -3.26
17 233.83 135.32 10.4
18 252.67 137.32 14.84
19 35.33 58.83 -4.07
20 270.85 82.38 22.92
21 130.49 128.11 0.89
22 68.83 49.38 -0.94
23 240.75 151.13 11.87
24 58.2 135.53 -1.61
25 40.84 9.45 -3.16
26 33.0 4.0 -1.67
27 220.0 149.0 4.92
28 275.0 60.0 13.34
29 216.0 134.0 4.66
30 271.0 20.0 11.96
31 113.0 99.0 1.41
32 43.0 75.0 -0.92
33 152.0 129.0 1.25
1 65.39 109.02 -0.76
2 59.35 104.15 -0.75
3 65.34 127.5 -1.01
4 58.82 132.41 -0.82
5 44.66 14.29 -2.77
6 58.21 39.66 -1.62
7 140.46 97.63 2.11
8 65.49 144.49 -0.71
9 22.45 54.51 -5.36
10 55.63 126.78 -1.58
11 246.41 124.88 14.27
12 56.88 98.83 -1.31
13 260.05 133.48 17.44
14 142.48 107.54 1.74
15 68.12 116.2 -0.66
16 43.46 56.52 -2.92
17 239.28 137.46 12.17
18 260.19 139.51 17.45
19 33.0 58.61 -3.86
20 282.43 80.07 27.71
21 130.99 129.32 1.48
22 68.22 49.68 -0.89
23 246.9 153.8 13.63
24 57.24 137.0 -1.15
25 39.13 8.48 -2.96
26 32.62 3.73 -2.94
27 221.37 149.7 8.65
28 277.47 58.86 26.03
29 217.25 134.71 7.73
30 273.17 18.24 23.27
31 113.46 99.36 1.81
32 42.87 75.04 -2.83
33 152.36 129.22 2.1
34 38.0 10.0 -1.69
35 56.0 109.0 -0.23
36 194.0 130.0 1.77
37 264.0 129.0 9.94
1 64.98 108.86 -1.26
2 58.91 104.01 -1.22
3 64.65 127.78 -1.6
4 58.23 132.54 -1.46
5 43.35 12.04 -3.75
6 57.54 38.43 -3.22
7 141.57 97.7 1.35
8 65.12 145.21 -1.76
9 19.32 52.42 -6.24
10 54.67 126.95 -2.22
11 253.96 125.15 15.22
12 56.23 98.6 -2.18
13 269.18 134.53 19.01
14 143.32 107.66 1.38
15 67.68 116.04 -1.34
16 41.94 55.25 -4.23
17 245.52 138.43 13.21
18 269.33 141.11 18.96
19 31.03 57.01 -5.21
20 131.44 129.02 1.14
21 67.86 48.83 -1.87
22 253.78 156.45 14.68
23 56.46 137.35 -1.77
24 37.54 5.78 -3.84
25 31.15 1.09 -4.41
26 226.18 151.56 8.41
27 221.48 135.25 7.36
28 114.59 99.55 0.65
29 41.73 74.11 -4.24
30 153.35 129.02 1.53
31 37.83 10.4 -4.02
32 55.88 109.27 -1.11
33 194.27 130.3 3.1
34 265.79 129.47 18.64
1 64.42 108.25 -0.88
2 58.38 103.38 -0.55
3 63.97 127.82 -1.39
4 57.61 132.46 -1.1
5 41.55 8.64 -4.18
6 56.36 36.12 -3.07
7 142.65 97.17 1.1
8 64.5 145.31 -1.61
9 16.45 49.77 -7.0
10 53.63 126.85 -1.83
11 262.43 124.8 17.32
12 55.18 97.72 -2.57
13 279.57 135.1 22.12
14 144.37 107.28 1.52
15 67.28 115.47 -1.46
16 40.02 52.93 -4.63
17 252.69 138.9 15.09
18 279.62 142.06 22.04
19 28.39 54.57 -5.42
20 132.48 128.73 1.52
21 67.02 46.82 -1.58
22 261.81 158.34 17.32
23 55.67 137.47 -1.38
24 35.85 2.42 -4.53
25 29.37 -2.45 -4.7
26 230.81 152.6 9.13
27 225.64 135.66 8.69
28 115.25 99.2 1.03
29 39.69 72.3 -4.39
30 154.54 128.65 1.4
31 35.9 6.97 -4.48
32 55.59 108.74 -0.98
33 196.07 130.22 3.85
34 275.95 129.77 21.54
35 254.0 144.0 8.84
1 63.73 108.78 -1.88
2 57.77 103.9 -1.57
3 62.98 128.59 -1.74
4 56.8 133.36 -1.34
5 39.08 6.71 -4.73
6 54.07 34.53 -3.71
7 143.3 97.85 0.61
8 63.3 146.46 -1.92
9 12.49 48.36 -8.1
10 52.45 127.67 -2.16
11 271.31 125.54 19.94
12 53.85 98.19 -3.56
13 144.83 107.78 1.28
14 66.3 116.16 -1.91
15 37.28 51.97 -5.37
16 260.53 140.72 16.64
17 290.89 144.32 25.59
18 25.37 53.59 -6.51
19 132.8 129.46 1.47
20 65.98 46.5 -2.27
21 270.58 161.53 19.49
22 54.66 138.43 -1.38
23 235.71 154.86 10.5
24 229.89 137.22 9.63
25 115.46 99.91 0.55
26 37.05 71.81 -5.88
27 155.14 129.53 1.09
28 33.37 4.93 -4.86
29 54.8 109.31 -1.28
30 197.91 131.1 3.68
31 287.0 131.52 24.49
32 255.68 143.91 15.97
33 280.0 129.0 11.4
1 63.31 108.89 -3.21
2 57.52 104.03 -2.95
3 62.42 128.9 -3.41
4 56.36 133.64 -2.77
5 36.77 4.6 -4.96
6 52.71 33.46 -4.56
7 143.86 97.79 0.13
8 62.7 147.28 -3.36
9 8.5 46.56 -10.48
10 51.56 128.01 -3.26
11 281.98 125.08 22.18
12 51.86 98.26 -4.51
13 145.93 107.78 0.27
14 65.63 116.35 -3.48
15 34.7 50.72 -6.41
16 269.61 141.56 18.32
17 22.22 52.12 -7.69
18 134.15 129.51 0.01
19 65.12 45.71 -3.24
20 281.34 164.13 21.13
21 54.12 138.73 -2.67
22 241.71 156.52 10.38
23 235.59 137.62 9.2
24 116.26 99.85 -0.59
25 33.95 70.85 -6.69
26 156.03 129.63 0.27
27 30.74 2.73 -4.17
28 54.43 109.59 -2.29
29 200.35 131.33 2.61
30 264.53 144.99 17.32
31 282.2 129.14 22.16
32 47.0 103.0 -2.59
33 45.0 123.0 -2.83
1 61.28 107.91 -2.38
2 55.57 103.09 -2.26
3 60.59 128.75 -2.85
4 54.91 133.4 -2.48
5 49.95 30.12 -4.35
6 143.81 96.99 0.62
7 60.94 147.31 -3.21
8 2.74 42.63 -6.61
9 49.55 127.67 -2.49
10 293.43 124.6 27.59
11 49.4 97.32 -4.7
12 145.99 107.26 0.79
13 63.65 115.53 -2.95
14 30.93 47.74 -6.3
15 279.15 142.47 21.95
16 17.75 48.73 -7.49
17 134.12 129.0 0.33
18 62.59 42.8 -2.34
19 292.29 167.06 25.8
20 52.69 138.54 -2.38
21 247.37 158.1 12.71
22 240.44 137.47 11.32
23 115.76 99.29 0.12
24 29.86 68.35 -6.35
25 156.15 129.03 0.84
26 53.11 108.75 -1.55
27 201.85 130.7 3.63
28 273.6 146.2 20.45
29 293.67 128.82 27.07
30 46.2 102.69 -4.05
31 44.11 122.85 -3.9
32 44.0 109.0 -1.55
33 41.0 130.0 -1.93
1 59.73 107.15 -2.51
2 54.26 102.18 -2.59
3 58.71 128.21 -2.84
4 53.27 132.79 -2.41
5 47.15 26.81 -4.41
6 143.99 96.68 0.75
7 58.99 147.4 -3.19
8 -2.35 39.38 -5.81
9 47.91 127.2 -2.32
10 46.72 96.72 -5.77
11 146.25 106.81 0.68
12 61.76 115.04 -2.98
13 27.46 44.85 -6.75
14 290.4 143.98 26.08
15 13.51 45.59 -8.0
16 134.18 128.75 0.4
17 61.37 41.03 -3.15
18 51.15 138.33 -2.48
19 253.6 160.27 14.95
20 246.16 138.11 13.01
21 115.7 98.83 0.07
22 26.14 66.02 -6.86
23 156.38 128.77 0.92
24 51.85 107.93 -1.45
25 203.54 130.92 3.99
26 284.06 148.11 23.3
27 43.81 102.02 -5.04
28 41.78 122.4 -4.06
29 43.59 108.71 -3.37
30 40.61 129.69 -3.96
31 57.0 98.0 -1.82
32 42.0 115.0 -1.92
33 250.0 144.0 7.39
1 58.56 106.95 -2.14
2 52.79 102.0 -2.05
3 57.42 128.51 -2.73
4 52.12 133.28 -2.58
5 45.19 24.84 -4.59
6 144.53 96.72 1.24
7 57.51 148.23 -3.04
8 -4.89 37.87 -6.43
9 46.75 127.44 -2.19
10 44.13 97.13 -5.63
11 146.81 106.97 0.7
12 60.44 115.17 -2.76
13 23.97 42.77 -6.66
14 9.3 43.15 -7.61
15 134.49 129.01 0.81
16 60.04 39.71 -2.89
17 49.97 138.85 -2.63
18 261.47 163.25 17.76
19 253.28 139.24 15.18
20 115.86 99.0 0.55
21 22.6 64.44 -6.99
22 157.06 128.94 1.34
23 51.4 107.87 -1.72
24 205.73 131.26 5.0
25 41.52 102.15 -5.18
26 39.72 122.56 -4.0
27 42.07 108.8 -3.42
28 38.64 130.01 -4.09
29 56.48 97.77 -2.4
30 41.63 114.87 -2.7
31 251.45 143.95 15.1
32 220.0 100.0 3.93
1 57.37 106.83 -3.11
2 51.76 101.78 -3.21
3 56.08 128.86 -3.89
4 51.08 133.67 -3.65
5 42.66 22.16 -5.15
6 145.34 96.7 0.71
7 55.9 148.77 -3.97
8 45.75 127.69 -3.25
9 40.96 97.19 -6.65
10 147.21 107.11 0.45
11 58.88 115.37 -3.81
12 20.34 40.39 -7.56
13 135.2 129.1 0.12
14 58.21 37.69 -3.68
15 48.84 139.28 -3.5
16 270.65 166.51 19.11
17 261.2 140.64 16.41
18 116.24 98.96 -0.08
19 18.79 62.71 -8.07
20 157.7 129.22 0.85
21 50.5 107.72 -2.63
22 208.55 131.65 4.78
23 38.77 102.19 -6.27
24 37.74 122.7 -5.11
25 40.29 108.8 -3.71
26 36.63 130.24 -5.33
27 55.25 97.55 -3.57
28 40.21 114.83 -3.04
29 259.36 145.42 16.3
30 221.26 99.67 6.35
31 32.0 115.0 -3.79
32 224.0 87.0 3.55
33 259.0 159.0 7.8
34 234.0 151.0 5.0
1 55.9 106.13 -4.0
2 50.32 101.06 -4.4
3 54.38 128.68 -4.46
4 49.32 133.55 -4.03
5 39.71 18.57 -5.81
6 146.02 96.17 0.13
7 53.92 149.43 -4.39
8 44.22 127.49 -3.61
9 37.18 97.16 -7.64
10 147.61 106.74 0.2
11 57.21 115.19 -4.68
12 16.48 37.28 -8.51
13 135.31 129.07 0.02
14 56.63 35.4 -4.15
15 47.12 139.44 -3.89
16 281.26 170.33 21.69
17 270.06 141.84 19.01
18 116.41 98.69 -0.65
19 14.62 60.09 -9.35
20 158.49 128.92 0.32
21 49.36 107.23 -3.66
22 211.34 131.82 5.02
23 35.28 101.62 -6.79
24 35.16 122.44 -5.05
25 38.01 108.31 -2.6
26 33.99 129.94 -5.85
27 53.53 96.6 -4.75
28 38.57 114.39 -2.8
29 268.16 146.67 18.86
30 224.91 97.9 6.71
31 31.28 114.85 -6.82
32 224.72 86.6 6.79
33 260.56 159.47 15.78
34 235.13 151.26 9.93
1 53.44 106.85 -2.94
2 47.64 101.62 -3.1
3 51.49 129.65 -3.42
4 46.59 134.6 -3.17
5 36.15 16.33 -5.54
6 145.58 97.07 1.14
7 51.21 150.95 -3.37
8 41.69 128.43 -2.47
9 33.01 97.89 -7.46
10 147.33 107.73 1.36
11 54.31 116.16 -3.73
12 11.6 35.14 -8.22
13 135.22 129.92 0.45
14 54.11 34.27 -3.82
15 44.32 140.6 -2.73
16 292.2 175.8 26.54
17 279.43 144.7 23.72
18 115.66 99.71 0.67
19 9.09 58.53 -9.1
20 158.15 129.97 1.48
21 47.17 107.82 -2.57
22 213.55 133.12 6.77
23 31.54 102.45 -6.41
24 31.83 123.21 -3.0
25 36.03 109.0 -1.34
26 30.34 130.77 -4.64
27 50.68 97.11 -3.4
28 36.53 115.09 -1.41
29 277.46 149.64 23.4
30 227.92 97.77 8.91
31 27.41 115.4 -5.88
32 227.86 85.7 8.64
33 268.38 163.59 19.77
34 239.73 154.34 12.61
35 29.0 108.0 -3.07
36 225.0 94.0 4.31
37 290.0 141.0 14.06
38 246.0 160.0 7.45
39 244.0 148.0 7.26
1 51.73 107.26 -2.93
2 45.74 102.02 -3.05
3 49.73 130.55 -3.4
4 45.1 135.27 -3.36
5 33.22 13.38 -5.7
6 146.18 97.51 1.29
7 49.41 152.07 -3.66
8 40.43 129.1 -2.54
9 29.05 98.3 -6.24
10 148.01 108.11 1.59
11 52.33 117.23 -3.69
12 7.08 32.12 -8.19
13 135.36 130.59 1.55
14 52.14 32.32 -3.43
15 43.19 141.56 -3.45
16 291.82 147.23 27.81
17 115.86 99.95 0.74
18 4.12 56.5 -8.87
19 158.99 130.63 1.42
20 45.58 108.28 -2.3
21 217.25 133.99 7.78
22 28.25 102.72 -4.49
23 30.0 123.69 -2.3
24 35.29 109.25 -1.29
25 27.97 131.52 -3.68
26 48.55 97.5 -3.39
27 35.67 115.41 -1.29
28 232.51 96.7 10.5
29 24.32 115.53 -3.88
30 232.39 83.86 10.02
31 278.95 167.42 22.42
32 246.62 156.5 13.95
33 28.81 108.22 -3.59
34 225.54 94.23 9.11
35 292.76 141.77 27.74
36 247.69 160.47 14.14
37 245.56 148.62 13.85
38 20.0 121.0 -1.78
39 31.0 131.0 -1.54
40 250.0 139.0 8.18
41 248.0 169.0 7.69
42 260.0 178.0 8.95
1 50.37 106.57 -3.83
2 44.37 101.48 -3.97
3 47.73 130.46 -4.15
4 43.18 135.3 -3.97
5 30.31 10.15 -6.25
6 147.06 96.83 0.56
7 47.48 152.54 -4.54
8 38.94 128.86 -3.41
9 25.11 97.74 -4.11
10 148.75 107.66 1.18
11 50.45 117.41 -4.16
12 135.86 130.03 1.17
13 50.26 29.96 -4.18
14 41.24 141.38 -4.01
15 116.43 99.26 0.37
16 159.74 130.2 1.12
17 44.52 107.7 -3.39
18 221.48 133.67 8.05
19 24.9 102.4 -2.74
20 28.66 123.41 -2.92
21 34.58 108.68 -2.37
22 25.58 131.54 -3.21
23 46.99 96.84 -4.29
24 34.96 114.93 -2.36
25 237.7 94.07 11.62
26 21.42 114.94 -2.85
27 237.72 80.54 11.11
28 253.74 158.21 15.43
29 25.82 107.71 -2.19
30 230.43 91.76 9.6
31 254.84 162.53 15.65
32 252.63 149.87 15.25
33 19.76 121.29 -4.54
34 30.76 131.42 -3.14
35 251.33 139.77 15.31
36 249.45 170.29 14.15
37 261.63 179.38 17.07
38 15.0 99.0 -3.42
1 48.15 106.42 -5.05
2 42.16 101.4 -5.45
3 45.19 130.39 -4.99
4 40.61 135.18 -4.8
5 26.92 7.07 -7.02
6 147.28 96.62 0.24
7 44.73 153.18 -5.05
8 36.81 128.77 -4.26
9 21.96 97.44 -3.37
10 149.1 107.49 0.61
11 47.95 117.58 -5.25
12 136.34 129.74 0.32
13 48.21 28.26 -5.93
14 38.89 141.61 -4.84
15 116.48 99.03 -0.07
16 160.05 129.81 0.74
17 42.48 107.56 -4.33
18 225.4 133.78 8.59
19 23.06 102.17 -3.3
20 27.06 123.16 -3.76
21 33.14 108.43 -2.89
22 23.55 131.41 -4.03
23 44.64 96.64 -5.78
24 33.47 114.65 -2.9
25 243.85 91.87 12.62
26 19.65 114.67 -3.45
27 243.44 77.47 11.83
28 261.54 160.43 17.94
29 24.56 107.45 -3.31
30 235.44 89.58 9.87
31 262.82 165.2 18.16
32 260.38 151.67 17.42
33 17.2 121.0 -4.59
34 28.73 131.28 -4.12
35 259.18 141.18 17.2
36 256.78 173.6 15.99
37 270.46 183.56 19.58
38 14.2 98.58 -6.47
39 14.0 101.0 -3.05
40 235.0 132.0 4.64
1 45.03 104.93 -4.68
2 38.72 100.14 -4.87
3 42.38 129.61 -4.92
4 38.02 134.52 -4.71
5 147.29 95.5 0.62
6 41.67 153.66 -4.77
7 34.47 128.12 -3.87
8 19.7 96.08 -2.44
9 149.36 106.57 1.1
10 44.84 116.65 -4.96
11 136.37 128.85 0.87
12 44.82 24.56 -4.61
13 35.97 141.77 -4.38
14 116.43 97.89 0.1
15 160.35 129.07 1.16
16 39.78 106.3 -3.92
17 229.9 133.46 10.37
18 20.81 101.03 -2.38
19 24.62 122.27 -3.09
20 31.38 107.24 -2.5
21 21.09 130.56 -3.71
22 41.0 95.27 -5.1
23 31.67 113.53 -2.3
24 250.06 88.38 15.54
25 17.16 113.61 -2.26
26 249.48 73.14 14.57
27 270.77 162.41 21.14
28 22.27 106.31 -2.42
29 240.51 86.28 12.18
30 272.22 167.81 21.4
31 269.33 153.21 20.63
32 14.08 120.07 -2.76
33 26.23 130.45 -3.67
34 267.86 141.71 20.78
35 264.89 177.45 18.99
36 280.52 188.25 23.2
37 9.92 96.29 -4.12
38 12.42 100.41 -2.84
39 235.39 132.19 10.66
1 42.73 104.88 -6.08
2 36.42 99.93 -6.47
3 39.83 129.68 -6.29
4 35.54 134.55 -6.05
5 147.69 95.38 0.15
6 39.2 154.61 -6.33
7 32.45 128.19 -5.22
8 18.62 95.75 -3.8
9 150.07 106.6 0.31
10 42.34 117.0 -6.02
11 137.02 128.95 0.01
12 42.25 21.48 -5.2
13 33.73 142.18 -6.1
14 116.56 97.62 -0.38
15 161.06 129.07 0.4
16 37.91 106.02 -5.26
17 235.54 134.06 10.88
18 19.76 100.75 -3.63
19 23.11 122.23 -4.52
20 30.23 106.96 -3.59
21 19.43 130.5 -5.11
22 38.54 95.0 -6.63
23 30.59 113.36 -3.78
24 258.45 85.77 17.19
25 16.18 113.5 -3.66
26 257.18 69.37 16.29
27 281.73 165.69 23.54
28 21.24 106.07 -3.49
29 246.79 83.82 13.54
30 283.3 171.71 23.93
31 280.1 155.94 23.08
32 12.58 119.92 -3.57
33 24.49 130.48 -5.3
34 278.74 143.75 23.51
35 274.86 182.54 20.81
36 292.67 193.9 26.07
37 7.53 95.6 -4.16
38 10.88 99.97 -3.74
39 241.21 132.78 11.27
40 3.0 87.0 -2.63
41 4.0 114.0 -1.82
1 39.62 104.5 -5.28
2 33.19 99.23 -5.93
3 36.76 129.05 -5.96
4 32.62 133.94 -5.26
5 147.93 94.73 0.78
6 36.29 154.69 -6.18
7 29.8 127.43 -5.03
8 16.45 94.66 -2.85
9 150.48 105.9 0.44
10 39.32 116.69 -5.54
11 137.16 128.31 0.37
12 39.79 17.99 -5.45
13 31.08 141.78 -6.03
14 116.51 97.17 -0.2
15 161.49 128.4 0.98
16 35.26 105.3 -4.86
17 241.32 133.92 13.14
18 17.68 99.8 -2.81
19 20.85 121.43 -3.75
20 28.37 106.06 -3.45
21 16.98 129.7 -4.6
22 28.77 112.46 -3.72
23 267.6 82.08 20.1
24 14.31 112.62 -3.05
25 265.82 64.22 18.99
26 294.21 168.88 28.49
27 19.42 105.16 -2.82
28 254.38 80.45 15.56
29 292.27 158.09 28.38
30 10.86 119.12 -3.11
31 22.01 129.66 -4.74
32 290.98 144.99 28.49
33 285.75 187.15 24.7
34 5.21 94.44 -2.87
35 8.82 98.84 -2.92
36 247.27 132.64 13.58
37 2.61 86.99 -2.86
38 3.63 113.91 -2.79
1 36.26 103.39 -5.71
2 29.4 97.84 -5.82
3 33.2 128.18 -5.86
4 29.4 133.43 -5.24
5 147.98 93.91 0.93
6 32.55 154.9 -6.17
7 26.81 126.46 -5.3
8 14.58 93.2 -3.12
9 150.46 105.36 0.56
10 35.87 115.48 -5.63
11 137.1 127.66 0.68
12 36.67 14.24 -6.14
13 27.51 141.23 -5.88
14 116.17 96.58 -0.24
15 161.55 127.92 1.25
16 32.28 103.85 -5.66
17 247.77 134.11 15.0
18 15.87 98.55 -3.12
19 18.36 120.4 -3.78
20 26.36 104.6 -4.64
21 13.98 128.73 -4.43
22 26.49 111.22 -4.71
23 277.41 77.91 23.0
24 12.29 111.47 -3.16
25 275.64 58.76 20.77
26 17.55 103.82 -3.03
27 262.38 76.78 16.93
28 8.72 117.95 -3.02
29 18.93 128.71 -4.53
30 3.26 93.02 -2.81
31 6.89 97.44 -3.07
32 253.9 132.79 15.62
33 0.44 85.58 -2.55
34 1.86 112.76 -3.92
35 271.0 159.0 10.46
1 33.7 103.13 -7.34
2 26.56 97.7 -6.68
3 30.24 128.58 -6.67
4 26.78 133.94 -6.18
5 148.83 93.71 0.38
6 29.53 156.23 -7.14
7 24.32 126.77 -6.55
8 13.24 93.04 -3.81
9 151.0 105.19 0.33
10 33.18 115.64 -7.13
11 137.79 127.74 0.34
12 33.92 11.31 -6.47
13 24.43 141.96 -6.53
14 116.31 96.31 -0.43
15 162.68 128.01 0.55
16 29.77 103.64 -6.97
17 256.35 134.6 16.28
18 14.58 98.47 -3.77
19 16.75 120.59 -4.62
20 24.47 104.44 -6.06
21 12.02 128.99 -5.24
22 24.59 111.0 -6.33
23 290.19 73.02 25.56
24 10.98 111.49 -3.66
25 287.23 52.18 23.25
26 16.28 103.73 -3.51
27 271.73 72.44 19.17
28 7.59 118.02 -3.65
29 16.81 129.09 -5.39
30 1.96 92.68 -3.53
31 5.59 97.14 -3.74
32 262.69 133.43 17.75
33 0.45 112.78 -3.76
34 273.25 159.76 20.68
35 5.0 108.0 -1.89
1 29.52 104.02 -7.56
2 22.68 98.75 -6.69
3 26.4 129.97 -6.87
4 23.21 135.39 -6.66
5 148.76 94.75 0.96
6 25.39 158.62 -7.55
7 20.52 128.15 -6.55
8 10.81 93.93 -3.34
9 151.01 106.3 0.89
10 29.13 117.12 -7.54
11 137.65 128.83 0.72
12 20.48 143.69 -6.72
13 115.91 97.5 -0.01
14 162.78 129.06 0.91
15 25.62 104.61 -6.68
16 264.3 136.32 19.29
17 12.23 99.52 -3.39
18 13.94 121.83 -4.53
19 20.86 105.46 -6.02
20 8.72 130.35 -4.83
21 20.78 112.0 -6.16
22 8.57 112.58 -3.24
23 14.1 104.74 -3.83
24 281.12 69.41 23.58
25 5.06 119.19 -3.27
26 13.63 130.4 -5.31
27 -0.22 93.91 -3.24
28 3.26 98.31 -3.38
29 271.4 135.21 21.46
30 283.53 163.98 24.8
31 4.44 108.15 -3.33
32 242.0 76.0 6.32
33 235.0 141.0 5.37
34 218.0 134.0 3.59
35 280.0 146.0 12.32
36 254.0 120.0 8.27
37 4.0 124.0 -2.67
38 206.0 133.0 2.37
39 229.0 83.0 4.88
40 269.0 141.0 10.78
41 276.0 115.0 12.16
42 200.0 121.0 1.97
1 25.74 103.9 -13.09
2 23.04 130.52 -12.92
3 20.13 135.9 -12.37
4 149.55 94.57 0.33
5 21.76 160.55 -13.81
6 17.34 128.55 -11.89
7 151.77 106.18 0.35
8 138.36 129.21 -0.11
9 17.31 144.61 -12.6
10 115.98 97.22 -0.49
11 163.52 129.31 0.28
12 275.05 136.95 32.08
13 11.89 122.3 -8.95
14 17.99 105.47 -11.42
15 6.51 130.67 -8.79
16 17.74 111.92 -10.72
17 12.72 104.83 -9.46
18 11.09 130.84 -10.86
19 282.89 136.06 35.31
20 243.46 75.16 17.97
21 236.19 141.32 14.54
22 219.09 134.08 9.14
23 255.6 120.16 23.79
24 3.77 124.2 -7.8
25 206.7 133.1 5.57
26 230.36 81.95 12.73
27 271.27 141.13 31.37
28 278.55 115.09 35.86
29 200.68 121.05 4.27
30 290.0 132.0 25.62
31 237.0 137.0 10.08
1 149.71 95.46 0.33
2 152.11 107.17 0.25
3 138.37 130.32 -0.05
4 115.84 97.73 -0.93
5 163.78 130.42 0.39
6 253.63 70.8 22.8
7 244.78 144.33 18.02
8 224.37 135.93 11.36
9 269.39 121.14 30.97
10 210.03 134.61 6.52
11 237.84 79.05 15.7
12 203.27 121.97 5.1
13 241.31 138.52 17.64
14 224.0 98.0 6.82
1 149.91 95.84 0.05
2 152.2 107.87 0.21
3 138.33 131.25 -0.17
4 115.32 98.49 -0.91
5 164.0 131.35 0.25
6 266.36 64.6 21.38
7 255.15 147.68 16.42
8 231.0 138.05 10.37
9 286.77 121.74 30.08
10 213.92 136.32 5.5
11 246.78 75.14 14.7
12 206.37 122.74 4.04
13 251.37 141.77 16.22
14 226.42 97.3 9.11
15 233.0 143.0 5.47
16 233.0 133.0 5.23
17 229.0 126.0 4.38
18 248.0 145.0 7.62
19 273.0 154.0 10.86
20 222.0 136.0 3.72
21 222.0 91.0 3.94
22 301.0 140.0 17.07
23 234.0 89.0 5.04
1 149.92 95.29 0.69
2 152.29 107.42 0.44
3 138.26 130.86 0.31
4 114.67 97.85 -0.46
5 164.17 131.17 0.87
6 278.45 57.87 23.34
7 264.38 149.73 18.28
8 236.82 138.9 11.3
9 217.07 136.72 6.02
10 255.06 70.25 16.36
11 208.7 122.5 4.46
12 260.52 143.35 18.02
13 231.6 95.17 9.89
14 234.07 143.38 11.1
15 233.97 133.16 10.54
16 229.65 126.08 9.43
17 249.77 145.88 14.69
18 275.28 154.83 22.43
19 222.63 136.3 7.87
20 222.51 90.7 8.51
21 234.84 88.51 10.35
22 292.0 55.0 14.3
23 276.0 155.0 11.63
24 243.0 78.0 7.21
1 150.32 95.2 0.41
2 152.54 107.42 0.66
3 138.35 131.0 0.34
4 114.57 97.85 -0.89
5 164.65 131.24 0.73
6 290.65 51.58 26.89
7 273.99 151.86 20.87
8 242.8 140.04 12.56
9 220.34 137.43 6.65
10 263.47 65.92 18.71
11 211.56 122.61 4.25
12 270.01 145.27 20.69
13 236.76 93.67 11.2
14 239.91 144.64 12.24
15 239.59 133.87 11.19
16 234.62 126.71 10.01
17 257.6 147.72 16.33
18 286.86 157.83 26.48
19 226.7 137.11 8.94
20 227.14 89.09 9.15
21 240.33 87.08 11.5
22 294.84 53.37 27.58
23 278.45 155.49 22.13
24 244.73 77.14 12.97
25 242.0 140.0 6.37
26 216.0 135.0 3.34
27 300.0 60.0 15.52
28 238.0 86.0 6.31
1 150.51 94.74 0.74
2 152.71 106.89 1.1
3 138.55 130.81 0.72
4 113.91 97.26 -0.36
5 165.03 131.31 1.11
6 284.74 154.0 25.62
7 249.42 140.86 15.18
8 223.67 137.71 8.47
9 273.43 60.15 21.25
10 213.43 122.46 6.11
11 280.6 147.11 25.32
12 242.6 91.03 12.9
13 246.38 145.48 14.36
14 245.62 134.48 13.06
15 240.04 126.83 11.85
16 266.21 149.2 19.97
17 231.24 137.56 11.07
18 231.96 86.57 10.51
19 246.38 84.45 13.37
20 289.72 157.94 27.49
21 251.32 73.72 15.32
22 243.15 140.03 13.15
23 216.65 134.92 7.05
24 239.17 85.22 12.29
25 243.0 131.0 7.29
26 286.0 144.0 14.55
27 246.0 98.0 7.29
28 248.0 121.0 7.5
1 150.72 94.35 0.78
2 153.23 106.58 1.27
3 138.75 130.83 1.0
4 113.62 96.7 -0.15
5 165.54 131.24 1.25
6 257.23 141.79 18.12
7 227.9 138.18 9.55
8 284.39 53.25 25.22
9 216.6 121.93 6.9
10 249.21 87.88 15.11
11 253.79 146.57 16.63
12 252.36 134.8 15.61
13 246.07 127.19 14.07
14 276.71 151.05 23.77
15 237.31 138.36 12.27
16 237.38 83.52 12.18
17 253.14 81.37 15.95
18 259.1 69.22 18.13
19 249.94 140.77 15.41
20 220.24 135.12 7.9
21 245.39 82.09 14.37
22 244.52 131.33 13.97
23 288.62 144.04 28.72
24 247.29 97.55 14.68
25 249.45 121.04 14.61
26 294.0 53.0 14.88
27 250.0 88.0 8.42
28 250.0 137.0 8.28
29 268.0 101.0 11.0
30 237.0 84.0 6.27
31 145.0 131.0 0.84
1 151.35 94.31 0.16
2 153.97 106.69 0.49
3 139.41 130.9 0.25
4 113.61 96.81 -0.67
5 166.25 131.39 0.62
6 266.54 143.73 19.86
7 232.76 139.37 10.3
8 220.18 122.14 6.92
9 257.24 85.19 15.57
10 262.6 148.88 17.68
11 260.39 136.09 16.9
12 253.52 127.79 14.87
13 288.98 153.74 26.34
14 243.52 139.75 13.14
15 243.83 80.76 12.46
16 261.54 78.56 16.74
17 268.63 64.58 18.81
18 258.15 142.46 16.38
19 224.43 135.79 7.99
20 253.13 79.25 14.57
21 251.84 132.07 14.79
22 255.04 95.26 15.32
23 257.27 121.23 15.42
24 251.67 87.53 14.63
25 251.57 137.39 14.73
26 270.22 100.35 20.04
27 238.49 83.37 10.14
28 145.16 131.01 0.43
29 265.0 149.0 9.25
30 273.0 137.0 10.33
31 263.0 86.0 8.22
32 244.0 141.0 6.13
33 269.0 158.0 9.67
34 233.0 88.0 4.22
35 239.0 146.0 5.6
36 241.0 164.0 5.7
1 151.43 94.15 0.23
2 154.13 106.66 0.57
3 139.46 130.98 0.46
4 113.15 96.69 -0.76
5 166.57 131.45 0.61
6 276.9 145.58 22.91
7 238.19 140.59 11.39
8 223.8 122.12 7.46
9 265.71 81.46 17.79
10 271.8 151.2 20.33
11 269.26 137.34 19.78
12 261.36 128.38 17.16
13 250.47 141.33 14.76
14 250.71 77.38 14.37
15 270.62 74.67 19.12
16 279.01 58.93 21.26
17 266.59 143.99 19.68
18 228.51 136.72 8.95
19 261.22 75.45 16.43
20 259.62 132.76 16.95
21 263.3 92.05 17.55
22 265.39 121.49 18.09
23 259.62 84.41 16.6
24 259.37 138.51 16.63
25 280.89 98.21 23.45
26 243.98 80.36 11.88
27 145.32 131.17 0.41
28 266.37 150.12 19.16
29 274.56 137.77 21.22
30 264.3 86.21 17.31
31 244.75 141.8 12.67
32 270.46 159.11 19.95
33 233.63 88.39 8.84
34 239.57 146.79 11.94
35 241.56 164.95 11.21
36 286.0 157.0 13.13
37 278.0 83.0 11.68
38 262.0 74.0 9.46
39 263.0 106.0 9.07
40 292.0 93.0 14.26
1 151.53 97.75 0.57
2 154.52 110.24 0.49
3 139.63 134.88 0.6
4 112.83 100.45 -1.12
5 166.92 135.35 0.73
6 288.64 152.36 30.43
7 244.04 146.27 14.49
8 227.67 126.32 8.81
9 274.75 82.52 23.26
10 282.28 158.5 26.73
11 279.17 143.35 26.92
12 270.05 133.52 23.0
13 257.96 78.48 18.67
14 280.27 75.55 25.36
15 289.69 57.96 28.35
16 276.32 150.37 26.22
17 233.55 141.94 10.32
18 269.55 76.32 21.28
19 268.33 138.2 22.33
20 272.11 93.29 23.51
21 274.31 126.31 24.74
22 267.95 85.88 21.64
23 267.89 144.06 21.7
24 250.12 81.76 15.35
25 145.57 135.05 0.64
26 276.07 156.93 25.0
27 285.43 143.84 28.1
28 272.97 87.59 23.22
29 251.32 147.59 16.29
30 280.66 167.08 26.25
31 238.35 90.32 11.13
32 245.79 152.51 14.85
33 247.68 172.17 14.41
34 288.26 157.77 29.64
35 280.05 82.71 25.85
36 263.72 73.83 20.05
37 264.53 106.56 20.22
38 291.0 154.0 17.13
39 275.0 77.0 13.01
40 287.0 122.0 16.73
41 281.0 68.0 14.48
42 295.0 87.0 17.53
43 298.0 61.0 17.88
44 290.0 102.0 16.4
45 273.0 132.0 14.34
46 301.0 168.0 19.39
1 152.0 98.26 1.06
2 155.02 110.73 0.61
3 140.13 135.83 0.53
4 112.53 100.76 -0.96
5 167.57 136.43 0.53
6 251.21 148.49 16.61
7 232.28 126.93 10.52
8 285.96 78.98 28.5
9 281.09 135.15 27.71
10 267.13 74.38 22.64
11 288.71 153.5 31.97
12 238.63 143.22 12.31
13 279.86 72.28 25.76
14 279.11 140.1 26.84
15 283.4 89.86 28.47
16 286.33 126.63 29.51
17 278.5 82.46 26.03
18 278.41 145.82 25.74
19 257.54 78.77 18.64
20 146.18 135.88 0.5
21 288.11 160.49 29.03
22 284.05 84.55 28.34
23 259.28 150.0 18.72
24 243.9 88.39 13.47
25 253.17 154.75 16.57
26 254.81 176.53 16.66
27 273.49 69.74 23.96
28 274.34 105.15 24.18
29 277.19 76.46 25.5
30 290.0 122.2 28.49
31 283.5 67.17 27.93
32 292.68 101.8 28.08
33 275.62 132.78 26.85
34 284.0 81.0 14.63
35 282.0 145.0 13.72
1 152.22 97.92 0.36
2 154.98 110.56 0.35
3 140.24 135.72 0.28
4 111.62 100.55 -1.26
5 167.68 136.48 -0.13
6 260.14 150.43 17.22
7 237.95 126.79 10.45
8 279.21 67.92 24.55
9 245.05 144.27 12.32
10 293.72 66.05 28.45
11 292.47 76.59 28.32
12 292.22 147.81 27.79
13 267.49 73.98 19.54
14 146.21 135.78 0.03
15 269.41 152.19 19.83
16 250.98 84.88 14.33
17 261.99 156.66 17.59
18 263.57 181.33 17.74
19 286.47 63.37 25.12
20 287.19 102.64 26.4
21 290.83 70.25 27.81
22 290.03 133.72 28.34
23 286.91 79.11 26.94
24 284.33 144.96 26.09
25 275.0 158.0 10.42
26 240.0 131.0 5.4
1 153.26 97.56 -0.27
2 155.79 109.98 -0.12
3 140.78 135.26 -0.09
4 111.65 99.96 -2.08
5 168.35 135.97 -0.34
6 269.76 151.55 19.67
7 244.04 126.16 11.28
8 252.37 144.59 13.78
9 278.4 68.23 22.11
10 146.81 135.33 -0.37
11 280.35 153.53 23.32
12 259.16 80.84 15.75
13 271.79 157.82 20.14
14 273.51 184.61 19.96
15 277.19 158.4 21.19
16 241.3 130.87 11.03
17 288.0 57.0 13.47
18 255.0 140.0 8.75
1 153.15 96.91 -0.53
2 155.65 109.44 -0.23
3 140.66 135.27 -0.08
4 110.36 99.05 -1.81
5 167.85 136.27 -0.19
6 279.71 154.21 23.68
7 249.89 126.02 12.98
8 259.46 146.02 16.07
9 289.9 61.74 26.55
10 146.52 135.32 -0.34
11 267.49 76.41 18.55
12 282.03 160.56 23.86
13 283.79 190.17 23.13
14 288.0 161.24 24.85
15 246.9 130.69 13.22
16 290.8 55.67 26.23
17 257.12 140.42 15.99
18 294.0 154.0 14.46
1 153.17 95.4 -0.35
2 155.63 107.95 -0.03
3 140.69 133.85 -0.17
4 109.44 97.28 -1.82
5 168.05 134.88 -0.09
6 256.75 124.29 16.06
7 267.84 145.71 19.73
8 146.46 133.86 -0.28
9 277.32 69.86 22.86
10 253.83 128.99 16.01
11 265.39 140.1 19.52
12 298.0 157.0 15.63
1 152.39 93.78 0.82
2 155.3 106.5 0.58
3 140.44 132.29 0.24
4 108.32 95.42 -1.37
5 167.6 133.53 0.9
6 264.73 122.58 18.76
7 277.5 145.72 23.37
8 146.03 132.41 0.3
9 288.47 62.67 26.48
10 261.99 127.43 18.22
11 275.09 140.02 22.93
12 266.0 118.0 10.03
13 287.0 152.0 13.35
14 247.0 144.0 7.07
1 153.32 91.66 0.17
2 155.99 104.63 0.15
3 140.81 130.79 0.22
4 108.07 93.13 -2.34
5 168.78 131.98 -0.04
6 275.43 120.42 23.84
7 290.75 146.01 30.97
8 146.58 130.85 0.15
9 272.34 125.37 23.42
10 288.16 140.27 29.99
11 268.53 118.82 22.26
12 249.09 145.05 15.09
13 289.0 122.0 17.95
14 256.0 138.0 10.28
15 279.0 112.0 14.65
16 232.0 146.0 6.28
1 153.17 92.22 0.53
2 155.94 105.35 0.58
3 140.71 131.7 0.64
4 106.53 93.58 -1.78
5 168.79 132.92 -0.13
6 288.12 120.56 29.49
7 146.39 131.76 0.58
8 284.67 125.57 29.45
9 280.38 118.87 27.92
10 257.14 147.33 18.56
11 259.14 138.46 18.81
12 283.36 111.59 27.83
13 233.97 146.66 11.11
14 238.0 62.0 6.2
15 178.0 101.0 0.86
16 296.0 133.0 18.22
17 236.0 116.0 6.29
18 122.0 93.0 -0.25
19 238.0 137.0 6.13
1 153.88 91.55 -0.04
2 156.72 104.5 0.25
3 141.31 131.22 0.19
4 105.93 92.63 -2.11
5 169.07 132.62 -0.46
6 147.3 131.29 0.13
7 266.54 148.11 21.72
8 268.63 139.28 22.11
9 239.78 147.27 12.52
10 239.31 60.67 11.56
11 178.79 100.76 0.54
12 237.55 115.67 11.26
13 122.21 92.82 -0.49
14 239.41 137.2 11.49
1 153.82 91.61 0.12
2 156.79 104.53 0.3
3 141.42 131.49 0.19
4 104.72 92.4 -2.88
5 168.8 133.0 -0.63
6 147.33 131.59 -0.01
7 278.47 150.23 23.99
8 280.68 141.17 24.56
9 246.62 148.94 13.11
10 245.5 55.55 13.23
11 179.07 100.73 0.64
12 243.5 115.06 12.33
13 121.86 92.96 -0.47
14 245.67 137.89 12.19
15 251.0 154.0 7.44
16 295.0 141.0 14.81
17 246.0 134.0 6.93
18 127.0 128.0 -0.35
19 235.0 55.0 5.41
20 227.0 129.0 3.45
21 151.0 106.0 -0.17
22 174.0 133.0 0.11
23 260.0 156.0 8.17
24 128.0 135.0 -0.24
25 290.0 124.0 14.63
26 292.0 171.0 13.93
27 293.0 187.0 13.55
28 40.0 64.0 -4.44
29 168.0 102.0 -0.22
1 154.14 90.72 0.47
2 157.25 103.77 0.35
3 141.62 130.82 0.22
4 103.79 90.9 -2.42
5 169.02 132.45 0.06
6 147.55 130.93 0.14
7 254.11 149.77 16.88
8 252.43 49.36 16.47
9 179.6 99.72 0.87
10 250.57 113.44 16.44
11 121.82 91.8 -0.34
12 252.47 138.03 16.24
13 252.77 153.88 16.8
14 247.5 133.78 15.69
15 127.11 127.86 -0.24
16 236.15 54.08 11.39
17 227.74 128.9 8.92
18 151.28 105.75 0.17
19 174.38 132.77 0.52
20 261.82 155.87 19.3
21 128.18 134.65 -0.2
22 39.4 63.43 -9.28
23 168.41 101.76 0.04
24 297.0 155.0 19.78
25 255.0 128.0 10.24
1 153.88 89.13 0.8
2 157.11 101.91 0.72
3 141.63 129.41 0.25
4 101.77 87.56 -1.84
5 168.59 131.2 0.54
6 147.43 129.51 0.35
7 263.15 150.8 18.94
8 261.74 39.81 17.14
9 179.81 97.83 0.83
10 259.3 110.58 18.2
11 121.21 89.54 -0.16
12 261.18 137.6 18.09
13 261.8 154.99 18.69
14 255.92 133.13 17.01
15 126.7 126.2 -0.01
16 242.44 46.46 11.7
17 232.31 127.51 9.34
18 150.96 103.81 0.6
19 174.48 131.74 0.62
20 272.04 157.85 22.16
21 127.82 133.86 0.06
22 33.73 58.66 -9.46
23 167.89 99.96 0.6
24 258.0 127.95 17.26
25 266.0 144.0 10.39
26 265.0 121.0 10.2
27 274.0 135.0 11.28
28 264.0 155.0 10.46
29 224.0 68.0 3.53
30 256.0 123.0 8.91
31 220.0 135.0 3.45
32 273.0 162.0 11.14
1 154.58 88.17 0.11
2 157.74 101.16 0.07
3 141.9 128.85 -0.14
4 100.96 86.46 -1.67
5 169.06 130.54 0.21
6 147.75 128.91 -0.04
7 272.96 151.83 21.75
8 270.82 31.2 19.26
9 180.55 96.75 0.24
10 268.91 107.71 20.54
11 121.46 88.7 -0.83
12 270.74 137.39 20.43
13 271.61 156.07 21.46
14 265.09 132.45 19.0
15 126.86 125.69 -0.54
16 248.63 39.83 12.87
17 237.48 126.47 10.26
18 151.51 102.96 0.03
19 174.95 131.17 0.36
20 283.35 159.83 25.97
21 128.0 133.35 -0.46
22 29.06 56.1 -10.06
23 168.48 99.12 0.12
24 267.15 127.13 19.47
25 267.92 143.82 20.24
26 267.0 120.72 19.49
27 276.2 134.71 21.97
28 266.21 154.85 19.48
29 224.88 66.96 6.58
30 258.02 122.37 16.24
31 220.63 134.71 5.95
32 275.02 162.09 21.77
33 254.0 27.0 7.41
34 85.0 92.0 -1.74
35 127.0 86.0 -0.34
36 21.0 47.0 -5.32
37 222.0 103.0 3.22
38 166.0 102.0 0.02
1 154.56 86.5 -0.3
2 157.75 100.06 -0.22
3 141.8 128.15 -0.1
4 99.77 85.09 -1.89
5 169.14 129.68 -0.04
6 147.73 128.17 -0.21
7 284.31 153.36 25.37
8 280.84 20.48 21.65
9 180.62 95.37 0.12
10 279.5 104.46 24.31
11 120.82 87.4 -1.14
12 281.34 137.49 24.01
13 282.66 157.82 25.32
14 274.83 131.78 22.56
15 126.57 124.83 -1.36
16 255.57 31.18 14.07
17 242.74 125.54 11.39
18 151.51 101.88 -0.19
19 175.11 130.33 0.09
20 127.78 132.6 -1.15
21 23.19 52.28 -11.05
22 168.47 97.99 0.01
23 277.21 125.85 22.96
24 278.44 144.25 23.69
25 277.1 119.09 22.81
26 287.53 134.64 26.91
27 276.18 156.87 22.29
28 228.36 62.37 7.17
29 266.57 121.53 18.42
30 223.98 134.42 5.81
31 286.4 164.28 25.72
32 255.45 25.07 14.01
33 84.4 91.94 -3.2
34 126.82 85.92 -1.05
35 19.86 46.44 -11.0
36 222.54 102.75 5.89
37 165.92 102.08 -0.17
38 242.0 126.0 5.77
39 279.0 133.0 11.21
40 183.0 100.0 0.01
41 261.0 32.0 8.29
42 101.0 93.0 -1.23
43 132.0 90.0 -0.84
44 151.0 65.0 -0.3
1 154.38 86.39 0.29
2 157.52 100.04 0.58
3 141.73 128.07 0.11
4 98.76 84.64 -1.91
5 169.1 129.73 0.97
6 147.55 128.16 0.22
7 180.65 95.12 1.04
8 120.12 87.1 -0.44
9 286.11 132.33 29.78
10 125.69 124.8 -0.37
11 262.83 24.63 17.41
12 248.55 125.62 14.29
13 151.35 101.89 0.24
14 175.1 130.37 0.94
15 127.07 132.53 -0.31
16 17.35 49.39 -11.97
17 168.44 97.93 0.57
18 288.78 126.02 29.76
19 288.63 119.15 29.03
20 287.64 160.38 27.67
21 232.02 59.23 9.47
22 276.03 121.67 23.42
23 227.01 135.34 7.72
24 82.63 91.47 -3.39
25 126.16 85.65 -0.39
26 14.13 43.28 -11.93
27 225.56 102.01 7.39
28 165.76 102.07 0.57
29 242.62 125.84 13.12
30 280.63 133.36 24.79
31 182.83 99.82 1.22
32 262.46 30.26 17.36
33 100.57 92.77 -1.84
34 131.61 90.12 -0.47
35 150.76 64.69 0.12
36 137.0 131.0 0.22
37 286.0 115.0 14.74
38 232.0 110.0 5.18
1 154.28 85.3 -0.08
2 157.61 99.01 -0.08
3 141.72 127.12 -0.11
4 97.66 83.4 -3.57
5 169.32 128.79 -0.55
6 147.54 127.2 -0.06
7 180.87 93.81 0.77
8 119.68 86.06 -0.75
9 125.31 124.06 -0.67
10 271.57 14.88 19.57
11 255.92 124.66 16.88
12 151.41 100.86 -0.24
13 175.43 129.46 0.25
14 126.73 131.73 -0.64
15 10.97 45.24 -12.91
16 168.56 96.92 -0.31
17 287.68 120.27 28.77
18 230.83 134.74 8.66
19 80.85 89.77 -3.66
20 125.76 84.57 -0.64
21 229.29 99.72 8.23
22 165.85 101.05 0.01
23 249.51 124.94 15.14
24 183.17 98.63 1.17
25 271.23 20.68 19.28
26 99.66 91.49 -2.6
27 131.15 88.66 -0.47
28 150.73 62.91 -0.22
29 137.15 130.76 -0.23
30 288.73 114.52 29.18
31 233.05 109.2 8.97
32 182.0 81.0 0.17
1 154.7 82.51 -0.94
2 158.1 96.44 -0.84
3 141.9 125.05 -0.93
4 96.29 79.91 -3.89
5 170.14 126.61 -1.61
6 147.89 125.06 -1.04
7 181.86 91.02 -0.34
8 119.65 83.33 -1.82
9 125.34 121.76 -1.76
10 264.82 121.7 17.86
11 151.61 98.29 -1.04
12 176.34 127.32 -0.84
13 126.81 129.7 -1.7
14 169.04 94.31 -1.12
15 235.74 132.91 8.54
16 79.23 86.72 -4.58
17 125.74 81.72 -1.62
18 234.2 95.55 7.44
19 166.37 98.39 -0.79
20 257.68 122.1 15.63
21 184.31 95.87 -0.11
22 98.54 88.43 -2.88
23 131.14 85.82 -1.52
24 150.79 59.21 -0.53
25 137.36 128.75 -1.18
26 238.19 105.87 8.89
27 182.13 80.81 0.06
28 268.0 123.0 9.09
29 248.0 47.0 4.82
30 100.0 58.0 -1.32
31 200.0 60.0 0.65
32 281.0 132.0 11.04
1 154.42 88.7 -0.6
2 157.72 102.39 -0.33
3 141.63 131.33 -0.66
4 93.95 83.67 -2.46
5 168.85 133.1 -0.13
6 147.49 131.35 -0.65
7 181.87 96.92 0.14
8 119.04 89.04 -1.24
9 124.62 127.84 -1.27
10 275.03 129.22 19.21
11 151.28 104.12 -0.61
12 175.77 134.01 0.03
13 126.08 136.22 -1.51
14 168.39 100.27 -0.33
15 240.55 141.25 9.33
16 77.04 91.81 -4.48
17 125.21 87.37 -1.06
18 238.72 101.37 8.18
19 166.05 104.36 -0.35
20 266.66 129.67 16.77
21 184.6 101.64 0.24
22 97.02 93.57 -2.31
23 130.82 91.73 -1.16
24 150.7 64.45 -0.39
25 136.93 135.16 -1.06
26 243.4 112.34 9.4
27 182.28 86.65 0.25
28 270.06 124.26 17.83
29 249.27 47.38 9.85
30 100.08 58.93 -2.15
31 200.51 60.88 1.56
32 283.2 133.01 22.07
33 279.0 136.0 10.92
34 68.0 94.0 -2.16
35 253.0 40.0 6.27
36 139.0 105.0 -0.01
37 237.0 133.0 4.5
38 242.0 123.0 5.31
1 154.34 90.4 -0.51
2 157.86 104.19 -0.51
3 141.7 133.37 -0.73
4 92.7 85.0 -2.81
5 169.72 135.24 -0.79
6 147.54 133.39 -0.69
7 182.37 98.42 -0.01
8 118.47 91.0 -1.31
9 124.39 129.41 -1.69
10 285.79 131.53 23.54
11 151.31 105.83 -0.72
12 176.53 136.15 -0.47
13 125.88 138.22 -1.82
14 168.56 101.93 -0.38
15 246.24 144.74 10.55
16 75.07 93.37 -5.05
17 124.74 89.11 -1.26
18 243.69 101.57 9.7
19 166.22 106.17 -0.5
20 276.07 132.14 20.54
21 185.01 103.19 0.26
22 96.25 95.43 -2.84
23 130.42 93.31 -1.01
24 150.58 65.59 -0.65
25 136.95 137.27 -1.21
26 248.94 113.68 11.61
27 182.68 88.12 -0.04
28 280.03 126.65 22.2
29 254.91 44.28 12.58
30 99.12 60.08 -2.59
31 201.69 61.01 1.82
32 282.0 136.15 22.73
33 68.36 94.12 -5.02
34 255.11 39.01 12.55
35 139.91 105.05 -0.97
36 238.8 132.76 8.52
37 243.73 123.04 10.39
38 257.0 114.0 8.18
39 288.0 92.0 14.4
40 289.0 146.0 14.53
41 301.0 134.0 17.31
42 244.0 131.0 6.23
43 287.0 157.0 14.11
44 289.0 172.0 14.03
45 290.0 123.0 14.52
46 228.0 76.0 4.15
1 153.69 93.53 -0.27
2 157.34 107.38 -0.38
3 140.87 136.7 -0.69
4 91.22 88.12 -2.92
5 168.69 138.54 -0.18
6 146.76 136.7 -0.64
7 181.97 101.62 0.06
8 117.7 94.19 -1.48
9 123.08 133.05 -1.4
10 296.83 135.82 29.17
11 150.54 109.1 -0.41
12 175.79 139.57 -0.1
13 124.28 141.66 -1.35
14 168.04 105.15 -0.25
15 251.29 150.03 12.52
16 71.7 96.24 -4.5
17 124.07 92.22 -1.45
18 247.98 103.69 11.89
19 165.69 109.36 -0.27
20 285.71 136.55 24.18
21 184.82 106.5 0.13
22 94.4 98.74 -2.34
23 129.66 96.56 -1.12
24 150.13 68.5 -0.79
25 135.77 140.64 -1.04
26 254.16 116.64 13.68
27 182.54 91.11 0.05
28 290.46 131.01 26.69
29 260.31 42.57 15.13
30 97.61 62.65 -2.14
31 202.21 62.95 2.41
32 292.63 140.65 27.86
33 65.04 97.13 -4.54
34 260.46 37.16 15.27
35 138.92 108.4 -0.73
36 242.67 137.43 10.04
37 248.39 126.37 12.18
38 258.45 114.04 14.9
39 291.62 147.02 27.45
40 245.14 131.09 10.85
41 289.69 158.43 25.96
42 291.73 173.13 25.38
43 292.52 123.37 27.27
44 228.76 75.68 7.13
1 154.08 90.92 -1.05
2 157.57 105.16 -0.97
3 141.35 134.73 -1.35
4 90.09 85.26 -3.52
5 169.74 136.52 -1.19
6 147.28 134.72 -1.4
7 182.77 99.33 -0.49
8 117.47 91.66 -2.13
9 123.02 131.04 -2.02
10 151.03 106.87 -1.22
11 176.63 137.5 -0.81
12 124.25 139.78 -1.96
13 168.49 102.87 -0.75
14 258.92 149.57 13.68
15 69.9 93.6 -6.15
16 123.84 89.69 -2.14
17 255.25 99.11 12.28
18 166.06 107.11 -0.76
19 185.61 104.22 -0.42
20 93.5 96.48 -3.06
21 129.64 94.24 -2.04
22 150.22 65.24 -1.37
23 135.98 138.74 -1.78
24 262.49 113.45 14.33
25 183.14 88.59 -0.48
26 269.71 31.74 14.88
27 96.65 59.23 -2.86
28 204.36 58.27 1.3
29 63.23 94.55 -6.21
30 270.03 25.95 15.08
31 139.12 106.26 -1.14
32 248.8 136.24 10.82
33 255.85 123.81 12.73
34 267.29 110.43 16.53
35 251.71 129.44 11.73
36 233.64 69.77 6.3
37 205.0 79.0 0.91
38 266.0 124.0 8.97
39 237.0 129.0 4.62
40 301.0 132.0 15.44
1 152.95 94.45 -0.58
2 156.47 108.56 -0.41
3 139.93 138.41 -0.4
4 87.7 88.0 -3.16
5 168.29 140.28 0.01
6 145.81 138.44 -0.31
7 181.9 102.53 0.42
8 116.03 95.04 -1.99
9 121.27 134.19 -1.18
10 149.74 110.32 -0.37
11 175.51 141.33 0.03
12 122.56 143.27 -1.1
13 167.62 106.24 -0.09
14 265.41 156.03 16.95
15 66.33 96.44 -6.37
16 122.4 92.94 -1.68
17 261.01 101.39 16.08
18 165.13 110.52 -0.38
19 184.74 107.33 0.51
20 91.49 99.61 -2.97
21 128.21 97.28 -1.4
22 148.93 68.23 -0.78
23 134.25 142.37 -0.29
24 269.26 117.34 18.54
25 182.55 92.11 0.13
26 276.78 29.43 19.16
27 94.89 61.77 -2.76
28 204.68 60.54 2.65
29 59.59 97.41 -6.48
30 277.18 23.34 19.3
31 137.98 109.52 -0.75
32 253.78 141.42 13.93
33 261.78 127.89 16.26
34 274.79 113.82 22.6
35 257.19 133.8 14.78
36 236.0 71.15 8.74
37 205.02 79.51 2.52
38 267.49 124.65 18.34
39 237.61 129.53 9.43
40 283.0 28.0 11.2
41 89.0 105.0 -1.79
1 152.73 94.35 -0.63
2 156.43 108.62 -0.67
3 139.89 138.62 -0.7
4 85.97 87.57 -3.58
5 168.52 140.5 -0.16
6 145.81 138.65 -0.62
7 182.21 102.35 0.1
8 115.23 95.01 -1.97
9 120.86 134.42 -1.45
10 149.69 110.37 -0.67
11 175.8 141.51 -0.23
12 122.15 143.69 -1.65
13 167.64 106.26 -0.17
14 274.36 158.54 20.46
15 63.25 96.11 -7.14
16 121.57 92.75 -1.67
17 269.39 98.88 19.14
18 165.19 110.59 -0.7
19 185.11 107.27 0.18
20 89.89 99.44 -2.97
21 127.47 96.96 -1.45
22 148.69 67.63 -1.41
23 134.05 142.64 -0.71
24 278.84 116.55 22.5
25 182.67 91.8 0.04
26 286.48 20.43 22.04
27 93.44 61.01 -3.3
28 205.94 58.6 3.05
29 56.53 97.2 -7.51
30 137.84 109.74 -1.25
31 261.25 142.15 16.35
32 270.34 127.91 19.56
33 286.36 111.63 27.75
34 265.01 134.19 17.38
35 240.57 67.49 10.28
36 206.18 78.21 2.97
37 276.95 124.26 22.6
38 242.76 129.44 10.76
39 284.94 25.9 22.33
40 88.58 104.48 -3.01
41 109.0 92.0 -1.19
42 278.0 133.0 11.64
1 152.23 92.64 -0.92
2 155.57 107.31 -0.06
3 139.08 137.41 -0.78
4 83.61 85.5 -4.03
5 168.5 139.44 -0.17
6 145.05 137.45 -0.67
7 182.11 100.8 0.06
8 113.51 93.3 -1.4
9 119.54 132.63 -1.35
10 148.98 108.97 -0.51
11 175.52 140.45 -0.07
12 120.75 142.46 -1.41
13 167.33 104.85 -0.53
14 284.43 160.51 24.69
15 59.09 93.73 -7.13
16 120.2 91.11 -1.39
17 278.97 94.4 22.49
18 164.29 109.31 -0.18
19 184.94 105.75 0.25
20 87.87 97.71 -3.17
21 126.27 95.46 -1.3
22 147.52 65.35 -0.89
23 133.44 141.35 -1.12
24 289.92 114.36 27.93
25 182.63 90.39 0.04
26 91.45 58.21 -3.65
27 207.41 54.74 3.27
28 52.32 94.94 -7.5
29 136.61 108.65 -0.56
30 269.14 141.99 19.67
31 279.93 126.75 23.93
32 273.51 133.29 21.04
33 245.84 61.74 11.41
34 207.62 74.65 3.59
35 287.98 122.3 27.82
36 247.54 127.98 13.06
37 86.49 102.68 -3.11
38 108.63 91.53 -2.22
39 279.83 132.6 23.57
40 245.0 126.0 5.87
41 213.0 20.0 1.95
1 151.7 91.31 -0.45
2 155.55 106.23 -0.11
3 138.39 136.51 -0.27
4 81.44 83.83 -3.79
5 168.25 138.58 0.04
6 144.47 136.52 -0.29
7 182.04 99.74 0.3
8 112.63 91.95 -1.51
9 118.57 131.66 -1.27
10 148.57 107.87 -0.25
11 175.42 139.58 0.04
12 119.88 141.66 -1.46
13 166.89 103.82 -0.09
14 55.04 91.62 -6.61
15 119.37 89.59 -1.48
16 164.18 108.23 -0.06
17 184.91 104.76 0.52
18 85.9 96.29 -2.48
19 125.8 94.32 -1.36
20 146.95 63.18 -0.69
21 132.79 140.47 -0.72
22 182.53 89.16 0.35
23 89.48 55.64 -3.08
24 209.14 50.59 3.1
25 48.17 93.0 -7.2
26 136.43 107.52 -0.76
27 279.19 141.86 23.33
28 291.97 125.49 29.06
29 284.17 132.72 25.62
30 251.88 55.8 13.35
31 209.25 71.7 4.01
32 254.36 126.85 15.21
33 84.66 101.29 -2.58
34 106.99 90.16 -1.8
35 291.62 131.68 29.35
36 245.56 125.88 12.99
37 213.32 18.79 4.82
38 160.0 133.0 0.19
39 159.0 112.0 0.15
1 151.48 90.29 -0.6
2 155.58 105.48 -0.33
3 138.31 136.08 -0.7
4 79.28 81.94 -4.61
5 168.38 138.04 -0.54
6 144.38 136.01 -0.67
7 182.26 99.1 0.14
8 112.1 90.92 -2.37
9 118.11 130.97 -1.71
10 148.51 107.1 -0.64
11 175.44 139.03 -0.13
12 119.25 141.21 -1.46
13 167.09 103.02 -0.66
14 51.46 89.87 -7.63
15 118.82 88.68 -2.09
16 164.3 107.46 -0.4
17 185.36 104.23 0.19
18 84.62 95.1 -3.14
19 124.99 93.25 -1.4
20 146.71 61.36 -1.3
21 132.31 140.11 -1.15
22 182.73 88.03 0.23
23 87.64 53.18 -3.57
24 211.17 46.67 3.1
25 44.29 91.58 -7.92
26 136.09 106.78 -0.87
27 291.54 142.42 26.93
28 259.12 48.66 15.56
29 211.56 68.38 3.86
30 262.45 126.04 18.01
31 83.33 100.0 -3.23
32 106.35 89.08 -2.75
33 252.56 124.89 14.47
34 215.89 12.96 5.52
35 160.12 133.19 0.52
36 159.19 112.13 0.03
37 158.0 117.0 0.3
38 262.0 120.0 9.01
39 264.0 128.0 9.15
1 151.22 89.58 0.05
2 155.41 104.85 0.05
3 138.02 135.54 0.21
4 77.3 80.8 -4.73
5 168.2 137.64 0.11
6 144.09 135.49 0.23
7 182.37 98.21 0.98
8 111.08 90.24 -1.7
9 117.05 130.43 -0.63
10 148.28 106.43 0.1
11 175.45 138.63 0.32
12 118.21 140.75 -0.39
13 166.74 102.51 0.52
14 47.63 88.33 -7.66
15 117.79 87.71 -1.31
16 164.08 106.93 0.29
17 185.48 103.19 1.01
18 83.03 93.92 -2.52
19 124.23 92.13 -0.53
20 146.17 59.71 -0.62
21 131.92 139.58 -0.18
22 182.98 87.19 0.59
23 86.06 51.38 -3.55
24 212.84 43.42 4.32
25 40.36 90.3 -7.92
26 135.65 106.25 -0.05
27 267.34 41.56 19.43
28 213.74 65.83 5.04
29 271.52 125.2 24.12
30 81.72 98.84 -2.6
31 105.12 88.36 -1.93
32 260.17 123.92 18.61
33 160.1 133.05 0.76
34 159.17 111.61 0.32
35 158.06 116.73 0.59
36 263.64 119.41 19.91
37 265.73 127.43 20.46
38 187.0 87.0 0.89
39 111.0 82.0 -0.45
40 222.0 55.0 4.63
1 150.79 86.35 -0.09
2 155.19 101.97 -0.26
3 137.56 132.91 -0.04
4 73.97 77.05 -4.32
5 167.75 134.97 0.73
6 143.66 132.86 -0.0
7 182.38 95.28 0.77
8 109.29 86.95 -0.41
9 116.16 127.0 -0.68
10 147.8 103.62 -0.01
11 175.26 135.99 0.43
12 117.54 138.21 -1.02
13 166.41 99.67 -0.13
14 42.74 84.14 -7.83
15 116.42 84.5 -0.57
16 163.84 104.09 -0.17
17 185.56 100.3 0.75
18 81.02 90.39 -2.63
19 123.58 89.24 -0.84
20 145.28 55.43 -0.52
21 130.99 137.05 -0.62
22 182.98 83.81 0.51
23 83.47 46.57 -3.59
24 214.55 37.02 4.33
25 35.52 86.82 -8.1
26 135.04 103.51 -0.17
27 276.7 29.86 21.29
28 215.75 59.99 4.92
29 282.94 121.56 28.18
30 79.62 95.33 -2.69
31 103.22 84.96 -1.69
32 269.02 120.3 20.84
33 160.68 130.67 -0.24
34 159.21 108.7 -0.6
35 158.29 113.71 -0.56
36 273.15 115.61 22.84
37 275.49 123.71 23.75
38 187.06 86.19 0.83
39 110.5 81.39 -0.48
40 222.68 53.45 7.28
1 151.26 84.22 -0.46
2 155.44 100.42 -0.26
3 138.13 131.58 -0.56
4 72.05 74.06 -4.49
5 168.34 133.72 0.05
6 144.21 131.54 -0.49
7 183.37 93.3 0.39
8 109.15 84.72 -1.19
9 116.21 125.63 -1.47
10 148.32 101.93 -0.3
11 175.79 134.75 0.25
12 117.6 137.02 -1.64
13 167.04 98.05 -0.39
14 39.38 80.79 -8.85
15 116.32 82.03 -1.16
16 164.29 102.48 -0.47
17 186.49 98.41 0.51
18 80.05 88.12 -3.46
19 123.7 86.92 -1.23
20 145.56 52.27 -0.81
21 131.5 135.65 -1.21
22 183.61 81.91 0.6
23 82.23 42.84 -4.11
24 217.7 30.57 4.42
25 31.87 84.12 -8.82
26 135.51 101.56 -0.62
27 219.51 54.61 5.06
28 78.67 93.09 -3.41
29 103.16 82.75 -2.4
30 280.8 117.76 23.72
31 160.84 129.47 -0.5
32 159.38 107.21 -0.67
33 158.5 112.43 -0.58
34 285.84 112.98 26.84
35 288.53 121.25 27.79
36 187.93 84.22 0.81
37 110.37 79.02 -1.14
38 227.53 46.72 7.67
1 150.85 82.84 -0.12
2 155.15 99.49 -0.02
3 137.6 130.69 -0.13
4 68.96 72.35 -4.06
5 168.47 132.91 -0.12
6 143.74 130.65 -0.07
7 183.37 92.13 0.94
8 108.9 83.8 -1.65
9 115.48 124.96 -1.27
10 147.99 100.92 -0.15
11 175.78 133.84 0.44
12 116.52 136.12 -1.18
13 166.53 97.05 -0.01
14 34.06 78.45 -8.48
15 115.88 81.02 -1.38
16 163.75 101.56 0.06
17 186.55 97.37 1.05
18 78.19 86.56 -3.31
19 122.78 85.6 -0.82
20 144.89 50.08 -0.51
21 130.46 134.91 -0.23
22 183.73 80.73 0.83
23 79.69 40.21 -3.59
24 219.77 25.51 4.67
25 26.74 82.26 -8.56
26 134.94 100.69 -0.54
27 221.71 50.45 5.49
28 76.73 91.54 -3.3
29 101.34 81.48 -2.0
30 292.77 115.73 28.97
31 160.54 128.69 -0.3
32 158.76 106.05 0.02
33 157.9 111.16 -0.09
34 188.24 83.01 0.98
35 110.05 78.05 -1.61
36 231.29 41.07 8.32
37 148.0 129.0 -0.11
1 150.79 82.91 0.0
2 155.08 99.7 0.2
3 137.52 131.33 -0.05
4 67.06 71.69 -4.34
5 168.38 133.45 0.02
6 143.69 131.26 0.0
7 183.74 92.05 0.98
8 107.88 83.62 -1.1
9 114.59 125.39 -1.17
10 147.91 101.22 -0.02
11 176.08 134.45 0.35
12 115.81 136.65 -1.33
13 166.51 97.26 0.26
14 29.47 77.3 -8.39
15 115.09 80.87 -1.09
16 163.76 101.8 0.16
17 186.98 97.29 1.08
18 76.17 86.49 -2.94
19 122.39 85.64 -0.92
20 144.55 49.3 -0.24
21 130.22 135.58 0.01
22 184.21 80.7 1.13
23 77.54 38.41 -3.41
24 222.42 21.54 5.18
25 22.01 81.31 -8.77
26 134.71 100.87 -0.47
27 224.81 46.99 6.36
28 74.69 91.48 -2.86
29 100.46 81.25 -2.07
30 160.23 129.24 -0.74
31 158.67 106.4 -0.12
32 157.9 111.55 -0.4
33 188.79 82.89 1.49
34 109.18 77.74 -1.2
35 235.87 36.08 9.32
36 147.93 129.31 -0.02
37 61.0 80.0 -2.19
1 150.91 83.5 -0.24
2 155.29 100.52 0.0
3 137.68 132.46 -0.31
4 64.78 71.63 -4.78
5 168.71 134.63 -0.21
6 143.87 132.39 -0.25
7 184.63 92.65 0.29
8 107.52 84.25 -2.1
9 114.4 126.51 -2.02
10 148.12 102.0 -0.28
11 176.49 135.71 0.19
12 115.51 137.89 -1.83
13 166.91 98.09 -0.03
14 25.29 76.84 -9.53
15 114.74 81.58 -2.01
16 164.13 102.58 -0.31
17 187.83 97.73 0.91
18 74.88 87.13 -3.32
19 122.25 86.34 -1.47
20 144.52 49.19 -0.63
21 130.24 136.71 -0.52
22 185.13 81.65 0.49
23 75.99 37.85 -3.9
24 224.93 18.36 5.71
25 17.51 81.71 -9.56
26 134.79 101.74 -0.95
27 228.23 44.24 6.4
28 73.45 92.11 -3.43
29 99.38 81.65 -2.24
30 160.46 130.35 -1.27
31 159.08 107.13 -1.48
32 158.08 112.13 -1.85
33 189.71 83.78 1.03
34 108.68 78.29 -2.01
35 240.96 31.37 9.7
36 148.15 130.4 -0.32
37 60.91 79.86 -4.69
38 109.0 135.0 -0.74
1 150.69 83.05 -0.12
2 155.25 100.33 0.05
3 137.42 132.43 -0.13
4 61.74 70.13 -4.47
5 168.36 134.55 0.39
6 143.65 132.37 -0.03
7 184.74 91.93 0.48
8 106.57 83.88 -1.89
9 113.11 126.51 -1.14
10 147.85 101.78 -0.03
11 176.4 135.71 0.81
12 114.09 138.0 -0.89
13 166.75 97.69 0.33
14 19.88 74.82 -9.8
15 113.7 80.85 -1.38
16 163.83 102.37 -0.06
17 188.16 96.91 1.03
18 72.74 86.38 -3.4
19 121.14 85.56 -0.53
20 144.13 47.37 -0.58
21 130.15 136.6 -0.79
22 185.41 81.28 0.48
23 73.52 35.62 -4.0
24 228.34 12.31 5.19
25 134.08 101.62 -0.52
26 231.73 39.53 7.25
27 71.23 91.37 -3.2
28 97.87 81.4 -2.24
29 159.49 130.27 -1.06
30 158.41 106.91 -1.28
31 157.25 112.04 -1.75
32 190.36 83.32 1.01
33 107.68 77.69 -1.55
34 246.3 24.84 11.09
35 147.86 130.41 -0.04
36 58.1 78.55 -4.96
37 108.61 135.05 -0.91
1 150.59 84.22 -0.15
2 155.25 101.52 -0.02
3 137.35 134.03 -0.19
4 59.46 70.75 -4.81
5 168.51 136.1 0.43
6 143.63 133.93 -0.06
7 184.91 92.51 0.72
8 105.06 85.51 -1.01
9 112.28 127.76 -1.19
10 147.78 103.05 -0.07
11 176.68 137.29 0.77
12 113.67 139.85 -1.38
13 166.82 98.93 0.25
14 14.44 74.64 -10.55
15 112.51 81.68 -0.97
16 163.78 103.54 -0.04
17 188.76 97.48 0.79
18 71.0 87.28 -4.49
19 120.7 86.69 -0.8
20 143.73 47.63 -0.53
21 129.61 138.23 -0.65
22 185.62 82.32 0.7
23 71.5 35.52 -4.69
24 133.72 102.98 -0.17
25 235.44 36.3 8.91
26 69.5 92.22 -3.76
27 96.51 82.29 -2.84
28 158.92 132.02 -1.83
29 157.51 107.95 -0.97
30 156.09 112.89 -1.23
31 190.76 84.43 1.03
32 106.39 78.29 -1.16
33 251.94 19.35 12.64
34 147.83 131.9 -0.32
35 55.66 79.34 -5.94
36 108.23 136.89 -1.53
37 132.0 111.0 -0.02
1 150.52 83.5 -0.17
2 155.27 101.31 -0.16
3 137.22 133.86 -0.13
4 56.8 69.57 -4.45
5 168.56 135.86 0.72
6 143.57 133.7 0.0
7 185.15 92.09 0.58
8 104.65 85.04 -1.7
9 111.58 127.76 -1.45
10 147.74 102.82 -0.15
11 176.94 137.11 0.77
12 112.64 139.65 -1.14
13 166.95 98.64 0.13
14 8.84 72.6 -11.42
15 112.21 81.15 -1.63
16 163.66 103.34 -0.18
17 189.13 96.99 0.72
18 68.67 86.3 -4.5
19 120.44 86.0 -1.23
20 143.49 46.21 -0.88
21 129.32 138.03 -0.76
22 185.87 81.68 0.77
23 69.09 33.38 -5.06
24 133.55 102.7 -0.21
25 240.0 30.42 9.62
26 67.43 91.49 -4.19
27 95.14 81.59 -2.47
28 158.03 131.61 -1.78
29 156.82 107.72 -0.9
30 155.3 112.73 -1.24
31 191.38 83.74 0.96
32 105.99 77.81 -1.87
33 258.7 11.22 9.54
34 147.77 131.68 -0.59
35 52.48 78.14 -5.62
36 107.13 136.69 -1.36
37 131.97 110.72 -0.2
1 150.31 82.8 0.14
2 154.86 100.82 0.35
3 136.92 133.83 0.21
4 53.72 68.42 -4.36
5 168.42 135.84 1.14
6 143.35 133.67 0.32
7 185.23 91.47 1.2
8 103.53 84.31 -1.33
9 110.48 127.59 -0.95
10 147.46 102.57 0.16
11 177.05 137.13 1.15
12 111.64 139.76 -0.85
13 166.62 98.37 0.7
14 111.09 80.35 -1.18
15 163.4 102.79 -0.02
16 189.32 96.16 1.41
17 65.66 85.63 -3.81
18 119.39 85.14 -0.65
19 142.68 44.37 -0.26
20 128.51 138.14 0.02
21 185.96 80.95 1.08
22 65.77 30.64 -4.29
23 133.31 102.3 0.05
24 244.77 23.28 11.35
25 64.69 90.49 -3.65
26 92.69 80.51 -1.63
27 156.61 132.04 -0.44
28 156.15 107.14 -1.33
29 154.37 112.08 -1.52
30 191.56 83.01 1.62
31 104.75 76.99 -1.3
32 147.15 131.99 0.1
33 48.89 76.68 -5.13
34 106.06 136.77 -0.86
35 131.74 110.19 0.02
1 150.38 82.52 0.77
2 155.14 100.81 0.15
3 137.1 134.01 -0.43
4 169.41 136.12 -0.53
5 143.57 133.8 -0.39
6 185.82 90.9 2.02
7 110.08 127.76 -2.18
8 177.81 137.45 -0.19
9 111.47 140.13 -1.94
10 167.14 98.31 0.69
11 110.38 79.9 -0.59
12 163.42 102.83 0.04
13 190.05 95.87 1.98
14 63.63 85.11 -3.9
15 119.13 84.86 -0.42
16 142.56 42.63 1.1
17 128.53 138.39 -1.2
18 186.7 80.47 2.0
19 133.33 102.2 -0.02
20 250.99 15.52 12.25
21 62.82 89.96 -4.09
22 92.3 79.84 -2.87
23 156.3 132.14 -1.5
24 155.69 107.1 -1.4
25 153.82 111.89 -1.64
26 192.51 82.48 2.79
27 103.75 76.01 -0.38
28 147.21 132.19 -0.66
29 46.35 75.77 -4.92
30 105.73 137.14 -1.81
31 131.75 110.09 -0.31
1 150.17 82.9 6.13
2 154.78 101.49 6.36
3 136.83 135.1 6.22
4 169.19 137.21 6.34
5 143.38 134.83 5.72
6 185.88 90.95 7.25
7 108.47 128.64 6.45
8 177.76 138.51 5.63
9 166.82 98.92 5.94
10 190.32 95.91 7.02
11 60.77 85.39 4.64
12 117.79 85.04 6.28
13 141.9 41.97 6.11
14 127.86 139.48 6.85
15 186.7 80.8 7.78
16 59.78 90.3 4.53
17 155.54 133.68 4.52
18 154.34 107.38 5.19
19 192.79 82.85 8.21
20 102.62 76.56 5.74
21 146.84 133.39 5.28
22 42.67 75.55 4.65
23 104.22 138.53 6.69
1 153.83 66.81 2.12
2 157.87 85.76 2.39
3 138.31 117.49 4.44
4 170.73 122.05 4.68
5 144.85 117.68 3.6
6 190.48 76.91 2.59
7 110.42 110.94 4.18
8 179.49 123.73 3.84
9 170.19 84.3 2.43
10 194.74 81.95 2.35
11 62.41 63.25 2.23
12 121.22 67.56 2.34
13 146.82 23.45 0.49
14 130.27 121.09 4.23
15 191.85 66.51 2.52
16 61.51 67.49 1.62
17 156.67 116.42 2.57
18 156.5 92.32 1.46
19 198.72 68.46 2.1
20 105.73 56.33 1.65
21 148.3 115.55 3.2
22 44.09 52.95 2.16
23 106.04 118.0 4.58
24 115.0 132.0 -0.3
25 119.0 73.0 -0.64
26 154.0 100.0 -0.87
1 156.33 70.27 -0.06
2 161.11 89.83 -1.05
3 143.06 122.21 -0.09
4 175.54 125.09 -0.04
5 148.72 122.3 -0.15
6 193.14 78.01 0.1
7 114.86 117.69 -0.18
8 183.4 126.05 -0.01
9 172.76 87.35 0.01
10 197.4 83.16 -0.03
11 65.37 71.04 -0.15
12 124.01 73.43 -0.31
13 148.06 28.21 -0.48
14 134.7 126.64 -0.07
15 194.55 67.76 0.02
16 64.26 75.28 -0.86
17 159.7 122.29 -0.91
18 159.39 95.27 -1.98
19 201.09 69.74 0.02
20 108.29 64.06 -0.69
21 151.79 121.89 -0.29
22 47.27 63.24 -0.79
23 110.87 123.89 -0.16
24 114.99 131.0 -0.17
25 118.98 71.67 -0.36
26 153.89 98.97 -1.63
27 157.0 100.0 -1.21
28 138.0 86.0 0.39
29 137.0 97.0 0.32
1 156.07 66.97 0.16
2 160.35 86.91 -0.63
3 142.9 119.84 0.03
4 175.49 122.64 0.0
5 148.57 120.1 -0.29
6 193.2 74.41 0.05
7 114.65 114.96 0.04
8 183.39 123.56 -0.02
9 172.74 84.56 0.03
10 197.27 80.3 0.08
11 64.96 67.78 0.19
12 123.69 70.49 0.04
13 147.5 24.42 0.07
14 134.59 124.36 0.05
15 194.53 64.64 0.09
16 63.38 72.22 0.05
17 159.27 119.64 -1.61
18 157.9 92.36 -0.95
19 200.98 66.69 0.16
20 107.56 61.08 0.08
21 151.58 119.37 -0.91
22 46.45 60.17 0.03
23 110.66 121.45 0.06
24 114.77 128.74 0.06
25 118.58 68.61 0.07
26 153.08 96.39 -1.31
27 156.83 100.11 -1.48
28 138.3 86.23 0.12
29 137.26 97.18 0.07
30 150.0 104.0 -0.51
1 156.25 66.88 -0.04
2 160.04 86.65 -0.98
3 142.97 119.74 -0.26
4 175.49 122.52 -0.01
5 148.61 120.05 -1.73
6 193.28 74.42 -0.07
7 114.71 114.8 -0.04
8 183.37 123.44 -0.0
9 172.78 84.39 -0.02
10 197.42 80.13 -0.13
11 65.34 67.86 -0.05
12 123.75 70.43 -0.03
13 147.64 24.35 -0.1
14 134.67 124.21 -0.06
15 194.63 64.66 -0.07
16 63.56 72.29 -0.05
17 158.62 120.17 -2.49
18 157.34 91.92 -0.8
19 201.12 66.66 -0.07
20 107.67 61.0 -0.07
21 151.4 119.79 -1.93
22 46.59 60.13 -0.08
23 110.76 121.33 -0.07
24 114.88 128.65 -0.1
25 118.69 68.56 -0.06
26 152.11 95.41 -0.62
27 155.66 99.14 -0.71
28 138.47 86.08 -0.09
29 137.37 97.09 -0.11
30 149.87 103.46 -0.97
1 156.22 66.94 -0.03
2 159.62 86.63 -1.3
3 142.92 119.76 -0.21
4 175.48 122.57 0.02
5 148.08 120.26 -1.27
6 193.26 74.36 -0.03
7 114.66 114.86 0.01
8 183.36 123.47 -0.02
9 172.76 84.43 0.01
10 197.35 80.04 -0.05
11 65.31 67.84 -0.13
12 123.72 70.44 0.0
13 147.6 24.39 -0.06
14 134.62 124.25 -0.01
15 194.59 64.65 -0.02
16 63.55 72.32 -0.15
17 157.41 120.13 -1.41
18 156.86 91.7 -1.29
19 201.12 66.65 -0.05
20 107.63 61.06 -0.03
21 150.47 119.79 -1.12
22 46.46 60.1 0.08
23 110.7 121.36 0.01
24 114.8 128.69 -0.0
25 118.65 68.54 -0.01
26 151.72 94.81 -1.29
27 155.28 98.54 -1.67
28 138.39 86.12 -0.02
29 137.3 97.11 -0.04
30 149.38 102.62 -1.68
1 156.22 66.96 -0.05
2 158.99 86.56 -1.0
3 142.45 119.4 0.16
4 175.48 122.57 0.01
5 146.72 119.86 -0.02
6 193.21 74.4 0.02
7 114.67 114.82 0.0
8 183.37 123.48 -0.01
9 172.75 84.45 0.01
10 197.34 80.17 0.01
11 65.21 67.8 -0.13
12 123.73 70.45 -0.01
13 147.58 24.42 -0.02
14 134.6 124.22 -0.01
15 194.57 64.67 -0.0
16 63.49 72.25 -0.12
17 155.91 119.9 -0.18
18 156.49 91.52 -1.69
19 201.07 66.68 0.05
20 107.61 61.15 -0.0
21 149.35 119.65 -0.25
22 46.47 60.1 0.1
23 110.7 121.33 -0.0
24 114.8 128.68 0.0
25 118.64 68.56 -0.02
26 151.43 94.54 -1.87
27 154.85 98.15 -2.18
28 138.37 86.06 -0.05
29 137.28 97.18 -0.03
30 148.88 102.41 -2.09
1 156.18 66.94 -0.01
2 158.23 86.41 -0.27
3 142.67 119.68 -1.02
4 175.49 122.55 0.02
5 146.79 120.37 -0.91
6 193.23 74.35 -0.01
7 114.67 114.82 -0.0
8 183.33 123.44 0.02
9 172.76 84.43 0.02
10 197.32 80.13 -0.04
11 65.25 67.89 -0.18
12 123.73 70.43 -0.01
13 147.56 24.38 -0.02
14 134.61 124.21 -0.01
15 194.56 64.65 -0.03
16 63.5 72.28 -0.08
17 155.9 120.33 -1.11
18 155.4 91.25 -0.86
19 201.08 66.65 -0.01
20 107.61 61.1 0.0
21 149.28 119.99 -1.05
22 46.58 60.11 -0.07
23 110.7 121.31 0.0
24 114.8 128.66 -0.0
25 118.65 68.54 -0.0
26 150.22 93.83 -0.89
27 153.35 97.57 -0.93
28 138.34 85.99 -0.04
29 137.27 97.11 -0.07
30 147.39 102.11 -0.87
31 162.0 88.0 0.1
1 156.19 67.0 -0.03
2 157.99 86.4 -0.43
3 142.59 119.79 -2.23
4 175.49 122.56 0.01
5 146.62 120.82 -1.0
6 193.24 74.41 0.0
7 114.67 114.86 -0.01
8 183.36 123.46 -0.0
9 172.78 84.47 0.0
10 197.32 80.26 0.01
11 65.14 67.93 0.0
12 123.72 70.43 0.01
13 147.54 24.37 0.01
14 134.6 124.26 -0.02
15 194.54 64.66 0.02
16 63.43 72.3 0.03
17 155.63 120.81 -1.25
18 154.72 90.84 -0.97
19 201.08 66.68 0.01
20 107.62 61.14 0.01
21 149.0 120.53 -1.31
22 46.53 60.16 -0.0
23 110.71 121.34 -0.02
24 114.81 128.68 -0.01
25 118.64 68.54 -0.0
26 149.49 92.87 -0.74
27 152.58 96.14 -0.83
28 138.34 86.04 -0.0
29 137.24 97.11 0.02
30 146.68 100.01 -0.58
31 162.08 88.03 0.05
32 151.0 112.0 -0.58
[INFO] [WallTime: 1432307835.534351] Stop TurtleBot
1 156.15 66.96 0.03
2 157.91 86.24 -0.93
3 141.37 119.94 -0.86
4 175.49 122.53 0.0
5 145.77 120.77 0.0
6 193.22 74.38 -0.0
7 114.67 114.84 0.01
8 183.36 123.44 -0.0
9 172.77 84.39 0.0
10 197.3 80.21 -0.06
11 65.1 68.0 -0.0
12 123.73 70.45 0.02
13 147.53 24.34 0.02
14 134.59 124.21 -0.0
15 194.53 64.65 -0.0
16 63.45 72.32 -0.05
17 154.67 120.77 -0.3
18 154.43 90.24 -2.37
19 201.07 66.68 0.02
20 107.62 61.08 0.01
21 148.15 120.64 -0.31
22 46.56 60.18 -0.03
23 110.7 121.33 -0.01
24 114.81 128.69 -0.01
25 118.64 68.57 0.01
26 149.22 92.23 -1.73
27 152.33 95.51 -2.27
28 138.33 86.0 0.03
29 137.2 97.06 -0.01
30 146.44 99.44 -1.79
31 162.0 87.98 0.1
32 150.83 111.58 -0.73
1 156.17 66.98 -0.01
2 157.37 86.28 -0.73
3 140.41 120.31 0.06
4 175.5 122.55 -0.0
5 145.67 121.05 -0.59
6 193.22 74.39 -0.03
7 114.66 114.88 0.02
8 183.36 123.47 -0.01
9 172.77 84.43 0.0
10 197.28 80.18 0.0
11 65.12 68.0 -0.05
12 123.74 70.5 -0.0
13 147.57 24.36 -0.03
14 134.58 124.24 -0.03
15 194.53 64.65 0.01
16 63.41 72.29 -0.06
17 154.4 121.07 -1.17
18 153.52 90.08 -2.2
19 201.07 66.67 0.0
20 107.62 61.14 0.01
21 147.73 120.88 -0.61
22 46.54 60.16 -0.04
23 110.69 121.36 0.0
24 114.8 128.69 -0.01
25 118.64 68.59 0.0
26 148.56 92.06 -1.83
27 151.53 95.55 -2.24
28 138.36 86.05 -0.18
29 137.25 97.01 -0.62
30 145.89 99.15 -2.02
31 162.11 88.02 -0.02
32 150.43 111.71 -1.04
33 154.0 98.0 -0.48
1 156.15 66.98 -0.01
2 156.97 86.03 -0.33
3 140.46 120.41 -0.97
4 175.5 122.55 -0.01
5 145.62 120.99 -1.39
6 193.23 74.36 -0.0
7 114.68 114.85 0.0
8 183.36 123.46 0.01
9 172.77 84.45 0.05
10 197.29 80.16 -0.01
11 65.13 68.06 -0.06
12 123.74 70.46 -0.01
13 147.55 24.37 -0.02
14 134.59 124.27 -0.08
15 194.55 64.64 -0.01
16 63.41 72.38 -0.04
17 154.07 121.0 -1.8
18 151.88 88.77 -0.91
19 201.09 66.66 -0.02
20 107.62 61.12 0.0
21 147.67 120.78 -1.41
22 46.54 60.21 -0.0
23 110.68 121.33 0.01
24 114.8 128.68 -0.0
25 118.64 68.55 -0.0
26 147.33 90.69 -0.8
27 149.8 94.49 -0.76
28 138.29 85.82 -0.25
29 136.95 96.91 -0.39
30 144.42 97.91 -0.73
31 162.08 88.02 0.01
32 149.83 112.58 -1.33
33 153.83 97.83 -0.38
1 156.18 66.98 -0.01
2 156.62 86.14 -0.21
3 140.43 120.5 -1.55
4 175.5 122.55 -0.01
5 144.84 121.43 -0.97
6 193.23 74.38 -0.04
7 114.67 114.88 0.01
8 183.37 123.44 0.01
9 172.77 84.46 0.04
10 197.29 80.09 -0.03
11 65.11 68.04 -0.02
12 123.74 70.44 0.01
13 147.53 24.39 0.01
14 134.55 124.29 -0.08
15 194.57 64.65 -0.03
16 63.35 72.35 -0.02
17 152.94 121.56 -0.82
18 151.26 88.92 -1.37
19 201.09 66.67 -0.03
20 107.62 61.13 0.0
21 146.88 121.26 -0.96
22 46.51 60.18 0.09
23 110.69 121.37 0.0
24 114.81 128.7 0.0
25 118.65 68.57 -0.0
26 146.66 90.67 -0.85
27 149.25 94.39 -1.16
28 138.12 85.74 -0.35
29 136.6 95.48 -0.07
30 143.83 97.33 -0.44
31 162.09 88.02 -0.01
32 149.13 113.58 -1.06
33 153.51 98.4 -0.92
34 150.0 102.0 -0.85
1 156.17 66.95 -0.01
2 156.66 85.75 -0.38
3 139.27 120.68 -0.4
4 175.45 122.55 0.04
5 144.11 121.67 -0.5
6 193.22 74.39 -0.03
7 114.69 114.88 -0.0
8 183.35 123.47 0.03
9 172.8 84.46 0.04
10 197.28 80.24 -0.01
11 65.09 67.86 0.02
12 123.73 70.43 0.02
13 147.56 24.43 -0.01
14 134.51 124.33 -0.04
15 194.57 64.66 -0.04
16 63.38 72.3 0.03
17 152.21 121.68 -0.46
18 150.84 87.51 -2.12
19 201.06 66.68 -0.02
20 107.63 61.13 0.0
21 146.14 121.52 -0.48
22 46.55 60.18 0.07
23 110.69 121.35 -0.0
24 114.81 128.71 0.0
25 118.64 68.57 0.01
26 146.49 89.24 -1.69
27 148.9 93.21 -2.12
28 137.98 85.28 -0.43
29 136.56 95.42 -0.84
30 143.68 96.41 -1.73
31 162.07 88.0 0.0
32 148.4 114.3 -0.92
33 153.43 97.35 -2.27
34 149.9 101.86 -2.32
1 156.15 66.92 0.0
2 156.4 85.96 -0.51
3 138.92 121.05 -0.09
4 175.51 122.57 -0.0
5 143.96 121.77 -1.35
6 193.22 74.38 -0.04
7 114.68 114.87 0.0
8 183.38 123.46 -0.03
9 172.82 84.46 0.02
10 197.27 80.24 -0.04
11 65.01 68.01 0.05
12 123.74 70.41 0.01
13 147.56 24.43 -0.01
14 134.48 124.38 -0.03
15 194.53 64.66 -0.0
16 63.31 72.34 0.04
17 152.21 121.57 -1.67
18 149.53 87.61 -1.23
19 201.06 66.68 -0.02
20 107.63 61.11 -0.0
21 146.02 121.6 -1.3
22 46.58 60.17 0.04
23 110.68 121.35 0.01
24 114.8 128.68 0.02
25 118.64 68.58 0.02
26 145.55 89.35 -1.31
27 147.75 93.29 -1.48
28 137.7 84.77 -0.24
29 136.48 95.26 -1.17
30 143.21 96.69 -2.0
31 162.1 88.01 -0.03
32 148.0 114.25 -1.32
33 152.21 97.45 -1.66
34 148.76 100.89 -1.92
1 156.17 66.92 -0.01
2 156.26 85.98 0.28
3 138.86 121.18 -0.86
4 175.49 122.59 0.13
5 143.44 121.81 -1.17
6 193.22 74.36 -0.06
7 114.68 114.87 0.01
8 183.36 123.5 0.02
9 172.84 84.45 -0.02
10 197.23 80.21 -0.05
11 65.08 68.09 0.05
12 123.75 70.41 -0.03
13 147.55 24.46 0.0
14 134.45 124.37 -0.36
15 194.55 64.65 -0.03
16 63.34 72.33 -0.01
17 151.52 121.63 -0.97
18 148.65 86.24 -0.27
19 201.08 66.67 -0.06
20 107.63 61.11 -0.0
21 145.49 121.66 -1.06
22 46.64 60.21 -0.02
23 110.69 121.35 0.0
24 114.82 128.67 0.01
25 118.65 68.61 0.0
26 144.6 87.75 -0.16
27 146.61 92.21 -0.12
28 137.52 83.26 -0.18
29 135.47 94.5 -0.13
30 141.56 95.51 -0.11
31 162.06 88.02 0.02
32 147.29 114.26 -0.88
33 150.92 96.71 -0.07
34 147.34 101.26 -0.22
1 156.15 66.9 -0.0
2 155.99 86.08 -0.05
3 138.75 121.17 -1.25
4 175.54 122.59 0.17
5 142.61 121.84 -0.75
6 193.18 74.36 -0.06
7 114.69 114.84 -0.0
8 183.36 123.5 0.09
9 172.82 84.44 0.06
10 197.26 80.2 -0.13
11 65.0 68.06 0.06
12 123.74 70.38 0.01
13 147.55 24.48 -0.01
14 134.45 124.43 -0.8
15 194.53 64.66 -0.0
16 63.31 72.36 0.02
17 150.57 121.69 0.01
18 148.3 86.22 -0.8
19 201.06 66.68 0.0
20 107.63 61.15 -0.02
21 144.73 121.62 -0.63
22 46.61 60.21 -0.01
23 110.69 121.36 -0.01
24 114.82 128.7 0.01
25 118.66 68.61 0.01
26 144.28 87.71 -0.71
27 146.33 92.2 -0.76
28 137.45 83.14 -0.29
29 135.33 94.04 -0.62
30 141.24 95.24 -0.68
31 162.07 88.02 0.03
32 146.66 114.12 -0.49
33 150.58 96.69 -0.64
34 146.85 100.32 -0.68
35 134.0 86.0 -0.37
1 156.17 66.9 -0.03
2 156.61 85.89 -1.24
3 137.72 121.53 -0.25
4 175.66 122.63 0.03
5 142.07 122.34 -0.35
6 193.14 74.38 -0.04
7 114.69 114.88 -0.0
8 183.39 123.53 0.04
9 172.83 84.49 -0.02
10 197.16 80.37 -0.09
11 65.06 67.96 0.03
12 123.73 70.42 0.01
13 147.53 24.48 0.02
14 133.92 124.88 -0.27
15 194.51 64.64 -0.0
16 63.38 72.3 0.03
17 150.57 121.87 -0.27
18 148.39 84.32 -1.99
19 201.04 66.71 -0.03
20 107.63 61.16 -0.01
21 144.26 122.14 -0.32
22 46.61 60.2 0.08
23 110.69 121.38 0.01
24 114.82 128.71 0.01
25 118.66 68.65 0.02
26 144.4 85.76 -2.52
27 146.49 90.41 -2.28
28 137.32 81.73 -0.66
29 135.29 93.8 -1.99
30 141.4 94.04 -2.83
31 162.06 88.01 0.03
32 146.3 114.35 -0.5
33 150.86 94.76 -1.69
34 147.08 98.65 -1.76
35 133.95 85.92 -1.27
1 156.15 66.91 0.01
2 155.75 86.15 -0.54
3 137.5 121.67 -0.44
4 175.76 122.66 -0.08
5 141.92 122.45 -0.84
6 193.12 74.41 -0.07
7 114.69 114.88 0.0
8 183.47 123.54 -0.05
9 172.85 84.45 -0.01
10 197.14 80.35 -0.27
11 65.01 68.01 0.2
12 123.74 70.41 0.02
13 147.54 24.48 0.01
14 133.65 125.2 -0.34
15 194.51 64.65 -0.03
16 63.37 72.3 0.09
17 150.61 121.52 -1.4
18 147.18 84.32 -1.01
19 201.03 66.72 -0.02
20 107.62 61.16 0.0
21 144.14 122.26 -0.8
22 46.67 60.24 0.09
23 110.7 121.39 0.01
24 114.83 128.71 0.03
25 118.68 68.65 0.01
26 143.14 85.7 -1.69
27 145.24 90.65 -1.51
28 137.0 81.32 -0.53
29 134.44 93.28 -1.92
30 140.24 94.13 -2.49
31 162.08 88.02 0.03
32 146.17 114.22 -0.87
33 149.73 95.11 -0.74
34 145.97 98.96 -0.83
35 133.41 85.39 -1.09
36 133.0 102.0 -0.78
1 156.15 66.92 -0.01
2 155.32 86.19 0.13
3 137.43 122.49 -1.71
4 175.69 122.61 0.02
5 141.6 123.36 -2.17
6 193.09 74.42 -0.11
7 114.7 114.84 0.0
8 183.44 123.51 -0.02
9 172.84 84.42 -0.0
10 197.01 80.43 -0.34
11 65.14 68.09 0.1
12 123.74 70.42 0.01
13 147.53 24.49 0.01
14 133.61 125.21 -2.32
15 194.49 64.68 -0.05
16 63.4 72.38 0.09
17 150.09 122.56 -0.97
18 146.31 82.44 -0.5
19 201.03 66.74 -0.02
20 107.62 61.15 -0.01
21 143.81 123.19 -1.86
22 46.72 60.24 0.08
23 110.71 121.36 -0.01
24 114.84 128.71 0.0
25 118.69 68.68 -0.0
26 141.7 83.74 -0.81
27 144.02 88.83 -0.24
28 136.6 79.25 -0.7
29 133.01 90.94 -1.13
30 138.3 92.14 -0.89
31 162.11 88.03 0.03
32 145.68 115.58 -0.85
33 149.05 95.94 -0.1
34 145.22 100.07 -0.15
35 132.58 83.27 -0.99
36 132.75 100.54 -1.37
