1 84.0 111.0 0.01
2 77.0 98.0 -0.01
3 77.0 105.0 -0.01
4 76.0 114.0 -0.02
5 47.0 42.0 0.03
6 153.0 83.0 -0.02
7 76.0 27.0 0.03
8 63.0 4.0 0.0
9 266.0 120.0 0.01
10 83.0 127.0 -0.03
11 155.0 93.0 -0.0
12 86.0 96.0 -0.0
13 254.0 105.0 0.02
14 54.0 45.0 0.0
15 247.0 119.0 -0.01
16 64.0 44.0 -0.0
1 84.01 111.0 -0.01
2 76.98 98.01 0.01
3 77.0 105.01 -0.02
4 76.0 114.0 -0.03
5 47.01 42.03 0.02
6 153.0 83.05 0.0
7 76.01 27.04 0.01
8 63.0 4.02 -0.0
9 266.0 119.99 -0.01
10 83.02 126.98 -0.02
11 155.02 93.04 -0.02
12 85.99 96.02 0.01
13 253.99 105.04 0.03
14 54.02 45.04 -0.0
15 247.0 119.03 -0.03
16 64.0 43.97 -0.0
17 82.0 101.0 0.01
18 127.0 81.0 0.02
19 85.0 36.0 -0.02
20 231.0 130.0 -0.06
21 253.0 133.0 -0.01
1 84.0 111.01 0.01
2 77.0 98.02 -0.02
3 77.0 105.02 -0.01
4 75.97 114.02 0.0
5 47.04 42.05 -0.01
6 153.01 83.02 -0.02
7 75.99 27.02 0.03
8 63.02 3.99 -0.05
9 266.04 119.96 -0.03
10 83.0 127.0 0.02
11 155.02 93.01 -0.01
12 86.0 96.02 0.0
13 254.03 105.04 0.01
14 53.96 44.98 0.02
15 246.98 118.99 -0.01
16 63.99 44.0 -0.01
17 82.02 101.01 0.0
18 127.03 80.97 -0.03
19 84.99 35.96 0.0
20 230.97 129.96 0.01
21 252.99 133.01 0.02
22 78.0 118.0 0.02
23 256.0 111.0 0.02
24 145.0 114.0 -0.0
1 84.0 110.99 -0.01
2 76.98 98.01 0.0
3 76.98 105.01 0.01
4 75.97 114.01 -0.01
5 47.02 42.06 0.01
6 152.99 83.05 0.03
7 76.02 27.05 -0.01
8 63.01 4.01 -0.0
9 265.99 120.03 -0.0
10 83.0 127.01 -0.01
11 155.0 93.04 0.05
12 86.0 96.01 0.01
13 254.0 105.01 0.02
14 53.99 45.03 -0.01
15 247.0 118.97 -0.01
16 63.98 44.01 0.0
17 81.99 101.0 0.02
18 127.03 81.02 -0.06
19 85.0 35.97 -0.0
20 230.94 129.99 0.03
21 252.95 133.0 0.04
22 78.01 118.0 -0.0
23 255.99 111.01 0.01
24 145.0 114.01 -0.01
25 57.0 1.0 0.06
1 84.01 111.0 0.01
2 76.99 98.01 -0.0
3 76.98 105.02 0.0
4 75.97 114.02 0.01
5 47.01 42.03 0.04
6 152.98 83.04 0.04
7 76.0 27.06 0.01
8 63.02 3.99 -0.01
9 266.0 120.0 0.01
10 82.99 127.02 0.04
11 155.0 93.01 0.02
12 86.0 96.01 0.0
13 254.01 104.99 0.0
14 53.96 44.98 0.04
15 246.97 119.0 0.0
16 63.99 43.97 -0.0
17 82.0 101.0 0.01
18 126.99 80.98 0.03
19 84.98 35.95 0.01
20 231.01 129.99 -0.02
21 253.01 132.98 -0.0
22 78.02 118.01 0.01
23 255.99 111.02 -0.0
24 144.98 113.99 0.01
25 57.03 0.96 0.03
26 266.0 115.0 0.02
1 84.02 110.99 -0.06
2 76.99 98.04 -0.05
3 77.0 105.04 -0.05
4 75.98 114.01 -0.03
5 47.0 42.02 -0.08
6 152.99 83.03 -0.06
7 76.02 27.07 -0.16
8 63.03 4.02 -0.11
9 266.02 120.01 -0.09
10 83.0 127.01 -0.02
11 155.04 93.02 -0.1
12 86.0 96.03 -0.07
13 254.01 105.02 -0.08
14 53.98 44.99 -0.12
15 247.01 119.01 -0.08
16 63.96 43.9 -0.1
17 82.0 101.03 -0.04
18 127.03 80.98 -0.07
19 84.99 35.96 -0.13
20 230.99 129.96 0.01
21 253.0 132.98 -0.02
22 78.03 118.0 -0.03
23 255.98 111.02 -0.03
24 145.01 114.01 -0.05
25 57.08 1.0 -0.24
26 266.01 114.98 -0.07
27 148.0 92.0 -0.04
28 258.0 100.0 -0.06
29 228.0 117.0 -0.06
30 261.0 111.0 -0.08
31 170.0 90.0 -0.07
32 301.0 30.0 -0.12
33 164.0 114.0 -0.08
34 63.0 60.0 -0.16
35 285.0 67.0 -0.09
1 84.0 111.02 -0.1
2 77.0 98.03 -0.08
3 77.0 105.03 -0.11
4 75.99 114.03 -0.1
5 47.04 42.04 -0.2
6 152.99 83.02 -0.01
7 76.01 27.06 -0.23
8 63.04 4.03 -0.16
9 266.01 120.03 -0.12
10 83.01 127.0 -0.07
11 154.99 93.02 -0.06
12 86.0 96.03 -0.08
13 254.04 105.0 -0.1
14 54.02 45.02 -0.24
15 246.96 119.01 -0.07
16 64.0 43.96 -0.24
17 82.01 101.03 -0.05
18 126.95 81.02 -0.02
19 84.99 35.96 -0.2
20 230.96 129.99 0.06
21 253.01 132.97 -0.15
22 78.05 118.02 -0.09
23 256.02 110.99 -0.07
24 144.99 114.0 -0.04
25 57.06 1.0 -0.22
26 266.02 114.96 -0.11
27 147.99 92.0 -0.05
28 258.03 100.02 -0.05
29 227.98 117.1 -0.08
30 261.01 110.98 -0.11
31 170.01 90.08 -0.14
32 300.94 29.99 -0.13
33 163.98 114.06 -0.06
34 62.95 59.97 -0.17
35 285.05 66.97 -0.2
1 83.8 110.99 -0.45
2 76.77 98.08 -0.5
3 76.77 105.07 -0.59
4 75.79 114.05 -0.47
5 46.92 42.07 -0.7
6 152.87 83.04 -0.51
7 75.83 27.12 -0.6
8 62.92 4.1 -0.53
9 265.71 119.95 -0.73
10 82.75 127.07 -0.43
11 154.85 93.01 -0.72
12 85.83 96.09 -0.64
13 253.82 104.95 -0.46
14 53.83 45.06 -0.65
15 246.76 119.11 -0.6
16 63.8 43.97 -0.51
17 81.85 101.07 -0.6
18 126.85 81.07 -0.51
19 84.83 36.06 -0.56
20 230.94 130.0 -0.65
21 252.7 133.14 -0.66
22 77.81 118.1 -0.53
23 255.81 111.04 -0.53
24 144.87 113.99 -0.19
25 56.86 1.03 -0.65
26 265.75 114.94 -0.78
27 147.93 91.98 -0.53
28 257.86 99.86 -0.43
29 227.81 117.14 -0.17
30 260.75 110.94 -0.74
31 169.84 90.18 -0.48
32 300.86 30.02 -1.22
33 163.76 114.12 -0.33
34 62.75 59.99 -0.35
35 284.88 66.96 -0.72
1 83.79 110.92 -1.28
2 76.77 97.92 -1.23
3 76.77 104.93 -1.29
4 75.8 113.94 -1.32
5 46.86 41.88 -1.41
6 152.85 82.85 -0.83
7 75.78 26.87 -1.13
8 62.89 3.89 -1.26
9 265.69 119.75 -1.43
10 82.73 126.93 -1.34
11 154.85 92.83 -1.22
12 85.84 95.91 -1.31
13 253.83 104.74 -1.29
14 53.78 44.85 -1.66
15 246.77 118.96 -1.48
16 63.77 43.82 -1.34
17 81.86 100.92 -1.27
18 126.86 80.89 -1.32
19 84.81 35.84 -1.45
20 230.91 129.94 -1.56
21 252.64 132.95 -1.12
22 77.81 117.94 -1.41
23 255.81 110.86 -1.38
24 144.89 113.82 -1.02
25 56.9 0.87 -1.37
26 265.72 114.77 -1.44
27 147.91 91.84 -1.19
28 257.87 99.61 -1.01
29 227.75 116.96 -0.85
30 260.73 110.77 -1.38
31 169.83 89.92 -1.08
32 300.79 29.77 -1.56
33 163.8 113.88 -1.05
34 62.77 59.89 -1.3
35 284.86 66.79 -1.53
1 83.24 110.91 -0.66
2 76.21 97.93 -0.51
3 76.07 104.98 -0.5
4 75.21 114.14 -0.6
5 46.23 41.92 -0.71
6 152.32 83.01 -0.25
7 75.25 26.98 -0.45
8 62.42 4.04 -0.7
9 264.88 119.74 -0.45
10 82.19 126.97 -0.67
11 154.02 93.0 -0.41
12 85.14 96.01 -0.47
13 253.3 104.76 -0.63
14 53.2 44.96 -0.93
15 246.01 119.21 -0.55
16 63.3 44.16 -0.72
17 81.15 100.98 -0.46
18 126.25 81.09 -0.55
19 84.27 36.11 -0.75
20 230.16 129.95 -0.56
21 251.95 132.94 -0.33
22 77.14 118.15 -0.61
23 255.22 111.04 -0.62
24 144.58 113.89 -0.54
25 56.24 0.98 -0.59
26 264.87 114.9 -0.44
27 147.32 91.96 -0.47
28 257.42 99.17 -0.46
29 227.57 116.8 -0.55
30 259.91 110.9 -0.42
31 169.34 89.89 -0.42
32 299.72 30.3 -0.42
33 163.37 113.87 -0.46
34 62.37 60.15 -0.97
35 284.15 67.13 -0.65
1 82.48 110.97 0.33
2 75.49 98.15 0.35
3 75.43 105.1 0.29
4 74.4 114.21 0.51
5 45.43 42.02 0.17
6 152.02 83.14 0.15
7 74.63 27.2 0.19
8 61.59 3.99 0.12
9 264.18 119.95 0.43
10 81.23 127.14 0.71
11 153.59 93.17 0.09
12 84.5 96.14 0.33
13 252.5 104.77 0.37
14 52.08 44.84 0.37
15 245.24 119.26 0.42
16 62.38 44.18 0.37
17 80.56 101.16 0.24
18 125.46 81.31 0.5
19 83.3 36.07 0.34
20 229.18 130.08 0.64
21 251.45 132.85 0.27
22 76.31 118.27 0.44
23 254.37 111.21 0.43
24 143.76 114.16 0.55
25 55.5 0.96 0.16
26 264.2 115.24 0.41
27 146.68 92.14 0.35
28 256.84 98.79 0.31
29 226.81 116.47 0.5
30 259.28 111.37 0.33
31 168.7 90.11 0.39
32 299.21 30.5 0.15
33 162.68 114.12 0.49
34 61.45 60.25 0.54
35 283.29 67.43 0.3
1 82.54 110.86 0.18
2 75.62 98.04 0.17
3 75.52 105.0 0.14
4 74.55 114.13 0.26
5 45.51 41.92 0.06
6 152.02 83.03 0.08
7 74.72 27.19 0.11
8 61.67 3.94 0.07
9 264.36 119.73 0.2
10 81.45 127.05 0.32
11 153.62 93.02 0.07
12 84.59 96.06 0.19
13 252.6 104.68 0.21
14 52.19 44.75 0.23
15 245.38 119.15 0.25
16 62.47 44.1 0.27
17 80.64 101.06 0.11
18 125.59 81.24 0.25
19 83.43 36.07 0.18
20 229.46 129.82 0.36
21 251.58 132.82 0.12
22 76.47 118.14 0.18
23 254.52 111.08 0.21
24 143.94 113.97 0.31
25 55.63 0.93 0.04
26 264.37 115.01 0.17
27 146.8 92.01 0.15
28 256.91 98.88 0.18
29 226.87 116.43 0.41
30 259.41 111.13 0.18
31 168.82 89.88 0.24
32 299.27 30.48 0.04
33 162.89 113.98 0.21
34 61.34 59.95 0.54
35 283.42 67.24 0.16
1 82.69 111.0 1.6
2 75.76 98.1 1.72
3 75.64 105.06 2.0
4 74.79 114.19 1.63
5 45.58 42.01 2.31
6 152.08 83.04 1.71
7 74.81 27.26 2.4
8 61.71 4.08 2.77
9 264.53 119.56 6.24
10 81.77 127.13 1.45
11 153.65 93.03 1.95
12 84.76 96.08 1.88
13 252.77 104.54 5.11
14 52.37 44.9 2.4
15 245.57 119.08 5.11
16 62.7 44.19 2.44
17 80.73 101.13 1.99
18 125.8 81.2 1.94
19 83.6 36.2 2.66
20 229.81 129.8 4.53
21 251.7 132.8 5.93
22 76.65 118.22 1.68
23 254.7 110.9 5.04
24 144.21 114.03 1.57
25 264.52 114.79 6.14
26 146.96 92.06 1.71
27 257.06 98.9 4.95
28 227.19 116.32 3.8
29 259.56 110.83 5.72
30 169.02 89.85 1.56
31 163.08 113.95 1.73
32 61.85 60.16 2.29
33 283.48 66.95 5.58
1 82.64 110.93 2.8
2 75.76 98.04 2.41
3 75.61 105.02 2.97
4 74.71 114.19 2.68
5 45.57 41.9 -0.43
6 152.06 82.96 3.99
7 74.81 27.17 1.5
8 264.5 119.57 17.67
9 81.68 127.05 2.56
10 153.63 92.97 3.98
11 84.74 96.03 2.77
12 252.74 104.54 15.54
13 52.36 44.81 0.57
14 245.52 119.09 13.74
15 62.69 44.09 0.75
16 80.72 101.08 3.1
17 125.8 81.17 3.57
18 83.58 36.11 2.66
19 229.73 129.77 10.23
20 251.64 132.81 14.83
21 76.58 118.19 2.75
22 254.66 110.92 15.02
23 144.12 113.98 3.87
24 264.49 114.8 17.68
25 146.88 92.0 3.92
26 257.06 98.87 15.81
27 227.04 116.39 10.05
28 259.54 110.86 16.52
29 169.02 89.82 4.14
30 162.99 113.95 4.09
31 61.82 60.04 0.9
32 283.55 66.93 24.02
1 83.92 122.61 0.22
2 77.26 109.97 -0.83
3 77.35 116.82 -0.13
4 76.05 126.13 0.02
5 47.42 55.14 -5.93
6 154.03 94.56 2.07
7 77.24 40.58 -2.97
8 271.97 132.75 18.76
9 82.72 138.88 0.3
10 155.71 103.96 1.9
11 86.46 108.0 -0.02
12 259.14 116.78 16.15
13 54.44 58.08 -4.36
14 251.46 132.23 13.83
15 64.75 57.32 -3.62
16 82.51 113.08 0.17
17 127.81 92.62 1.28
18 86.34 49.53 -1.6
19 234.62 143.45 8.93
20 258.52 145.65 14.42
21 77.93 130.21 0.14
22 260.76 123.44 15.82
23 145.73 124.7 2.16
24 271.9 127.9 18.8
25 148.76 103.59 1.99
26 263.31 111.94 16.86
27 231.5 128.89 8.86
28 266.4 123.37 17.48
29 170.67 101.51 2.59
30 164.85 124.76 2.34
31 63.58 72.74 -3.13
32 212.0 113.0 1.26
1 85.11 111.37 -1.54
2 77.88 98.56 -2.6
3 78.36 105.41 -1.87
4 77.2 114.84 -1.62
5 44.64 39.53 -5.8
6 156.02 83.44 0.59
7 75.99 24.75 -2.57
8 283.66 121.71 17.95
9 83.83 127.99 -1.37
10 157.61 92.99 0.98
11 87.16 96.58 -1.35
12 269.43 105.17 14.85
13 52.19 42.68 -4.59
14 260.27 121.35 12.74
15 63.2 42.2 -3.94
16 83.52 101.56 -1.38
17 129.29 81.44 0.31
18 86.0 34.69 -1.59
19 240.45 133.2 8.55
20 267.56 136.16 14.22
21 79.12 119.07 -1.57
22 270.89 111.87 14.46
23 147.88 114.34 0.87
24 283.56 116.72 17.99
25 150.74 92.54 0.98
26 274.09 99.42 15.51
27 237.54 117.94 7.6
28 277.33 111.57 16.47
29 173.13 90.61 0.79
30 167.03 114.39 0.83
31 62.38 58.63 -3.19
32 212.19 113.35 3.52
33 217.0 89.0 2.77
1 84.31 111.44 -1.47
2 76.67 98.37 -1.45
3 77.5 105.26 -1.52
4 76.32 114.86 -1.55
5 41.32 36.87 -5.82
6 156.35 83.27 1.02
7 74.26 22.4 -2.29
8 293.22 122.69 20.38
9 83.3 128.34 -1.75
10 158.12 92.8 1.23
11 86.67 96.26 -1.5
12 277.38 105.12 16.77
13 49.8 40.6 -4.58
14 267.19 122.24 14.24
15 61.03 40.27 -3.77
16 83.01 101.31 -1.41
17 129.5 81.18 0.8
18 84.89 33.11 -1.7
19 245.24 134.53 9.43
20 275.24 138.19 15.8
21 78.34 119.13 -1.45
22 278.63 111.82 16.55
23 148.52 114.32 0.58
24 293.16 117.52 20.56
25 151.32 92.35 0.93
26 282.29 99.04 17.59
27 241.72 118.46 8.61
28 286.2 111.47 18.62
29 173.53 90.46 1.1
30 167.59 114.44 1.11
31 60.79 57.38 -3.71
32 214.09 113.55 3.73
33 217.79 88.62 4.74
34 72.0 122.0 -0.7
35 268.0 125.0 8.12
1 83.66 111.37 -0.97
2 75.37 98.22 -0.13
3 76.61 105.1 -0.59
4 75.65 114.83 -1.16
5 38.08 34.38 -6.16
6 156.84 83.11 1.69
7 73.3 20.57 -3.14
8 82.55 128.41 -1.13
9 158.93 92.72 1.14
10 85.88 95.98 -1.06
11 286.5 105.05 19.26
12 47.35 38.44 -4.79
13 274.98 123.13 16.58
14 59.04 38.27 -3.92
15 82.28 101.07 -0.75
16 130.1 80.73 0.89
17 84.38 31.71 -1.81
18 250.39 135.91 11.18
19 283.64 140.41 19.07
20 77.62 119.17 -0.85
21 287.62 111.87 19.26
22 148.94 114.26 1.33
23 151.92 92.3 1.08
24 291.96 98.06 20.13
25 246.38 119.2 10.28
26 174.3 90.28 1.22
27 168.26 114.41 1.12
28 58.9 56.23 -3.83
29 216.43 113.64 4.89
30 220.46 87.79 5.26
31 72.1 121.81 -1.29
32 269.95 125.13 15.91
33 77.0 125.0 -0.2
34 288.0 121.0 10.89
35 40.0 36.0 -2.7
1 82.75 112.36 -0.75
2 75.18 99.23 -0.3
3 75.88 106.1 -0.29
4 74.62 116.04 -0.65
5 34.67 33.18 -6.84
6 157.64 83.97 1.55
7 71.66 19.61 -2.9
8 81.46 129.79 -0.89
9 159.48 93.71 1.58
10 85.1 96.99 -1.52
11 296.28 106.04 23.18
12 44.51 37.52 -5.36
13 283.31 125.17 19.51
14 56.76 37.75 -4.47
15 81.55 102.06 -0.97
16 130.39 81.58 0.8
17 82.94 30.96 -1.22
18 255.32 138.49 13.44
19 76.81 120.37 -0.54
20 297.35 112.95 22.91
21 149.25 115.18 1.46
22 152.36 93.29 1.24
23 251.5 120.77 11.9
24 174.78 91.28 1.82
25 168.82 115.45 1.82
26 56.61 55.71 -4.15
27 218.6 115.02 5.35
28 223.25 87.98 6.11
29 71.11 123.13 -1.03
30 277.94 127.3 18.47
31 76.82 125.25 -0.78
32 289.92 121.5 20.85
33 39.51 35.59 -5.81
34 69.0 92.0 -0.75
35 255.0 126.0 6.44
1 82.7 112.83 -2.46
2 75.26 99.57 -1.65
3 76.11 106.54 -1.76
4 74.6 116.97 -2.39
5 31.5 31.73 -8.59
6 158.75 84.27 0.53
7 69.87 17.89 -3.71
8 81.43 130.6 -2.38
9 160.27 93.89 0.63
10 84.79 97.55 -2.74
11 42.1 36.44 -7.0
12 293.77 126.19 20.81
13 54.77 36.77 -5.78
14 81.56 102.5 -2.45
15 131.08 82.17 -0.13
16 82.55 30.54 -2.45
17 262.94 140.21 12.97
18 76.85 120.98 -2.26
19 150.42 115.52 0.15
20 153.23 93.4 0.31
21 258.21 120.89 11.54
22 175.99 91.62 0.72
23 169.93 115.66 0.72
24 54.67 55.4 -5.94
25 221.61 115.34 4.59
26 226.63 87.15 5.44
27 70.86 123.8 -3.26
28 287.98 128.47 19.04
29 76.82 125.92 -2.17
30 301.17 122.61 23.35
31 36.84 34.43 -7.34
32 68.85 92.2 -2.56
33 256.48 125.98 11.34
34 67.0 106.0 -1.85
35 67.0 113.0 -2.87
36 256.0 136.0 4.99
1 81.41 112.22 -1.87
2 74.53 98.58 -1.27
3 75.27 105.63 -1.45
4 73.38 116.35 -1.89
5 26.83 27.96 -8.21
6 159.09 83.17 0.91
7 68.27 15.18 -3.65
8 80.17 130.51 -1.92
9 160.8 92.9 0.75
10 83.27 96.71 -1.97
11 38.38 33.04 -6.84
12 51.59 33.53 -5.15
13 80.21 101.61 -1.75
14 131.07 81.15 0.48
15 81.43 28.25 -2.58
16 269.85 141.21 15.5
17 75.72 120.48 -1.83
18 150.56 114.71 1.01
19 153.5 92.4 0.98
20 264.33 120.78 14.03
21 176.46 90.63 1.14
22 170.5 114.83 1.01
23 51.61 53.09 -5.21
24 224.27 114.26 5.37
25 229.6 84.86 6.78
26 69.42 123.34 -2.93
27 75.71 125.46 -1.73
28 33.01 30.98 -7.26
29 67.68 91.28 -2.22
30 262.42 126.04 13.93
31 66.42 105.69 -2.01
32 66.09 112.76 -3.47
33 257.13 135.96 11.37
34 242.0 131.0 5.45
35 242.0 124.0 5.49
1 79.81 111.85 -1.53
2 73.35 98.14 -1.53
3 74.04 105.24 -1.51
4 71.81 115.97 -1.47
5 21.78 24.23 -8.39
6 159.33 82.7 0.87
7 65.88 11.88 -3.64
8 78.56 130.41 -1.8
9 161.04 92.69 1.12
10 81.65 96.24 -2.2
11 34.31 29.71 -7.06
12 48.28 30.52 -5.5
13 78.71 101.18 -1.95
14 130.93 80.64 0.67
15 79.52 25.76 -1.84
16 277.6 143.65 17.88
17 74.27 120.25 -1.65
18 150.58 114.56 1.43
19 153.58 92.19 1.23
20 271.29 121.49 15.88
21 176.77 90.33 1.32
22 170.66 114.7 1.41
23 48.47 50.7 -5.93
24 226.66 114.64 6.18
25 232.77 83.57 7.42
26 67.26 123.17 -2.12
27 74.33 125.32 -1.82
28 28.65 27.53 -7.44
29 66.06 90.71 -2.26
30 269.32 126.74 15.81
31 64.82 105.0 -2.15
32 63.7 112.39 -3.04
33 262.23 138.61 13.56
34 242.95 131.54 9.99
35 242.98 124.44 9.83
36 66.0 98.0 -1.19
37 240.0 73.0 3.98
38 242.0 85.0 3.91
1 79.54 112.09 -2.3
2 73.26 98.15 -1.89
3 73.81 105.29 -1.75
4 71.48 116.27 -2.2
5 17.74 21.25 -9.11
6 160.21 82.69 0.68
7 64.25 9.36 -3.93
8 78.25 131.13 -2.34
9 161.86 92.71 1.26
10 81.21 96.29 -2.62
11 30.97 26.99 -7.64
12 45.79 28.24 -5.95
13 78.41 101.2 -2.38
14 131.7 80.96 0.51
15 78.73 24.04 -2.08
16 287.66 146.5 19.61
17 73.83 120.61 -2.17
18 151.87 114.76 0.67
19 154.66 92.17 0.94
20 280.34 122.54 17.3
21 177.83 90.42 1.14
22 171.83 114.87 1.2
23 45.52 48.58 -6.24
24 230.56 114.92 6.38
25 237.34 82.47 7.8
26 66.42 123.53 -2.1
27 73.96 125.77 -2.27
28 25.14 24.72 -8.1
29 65.36 90.75 -2.77
30 278.35 127.97 17.23
31 64.37 105.09 -2.69
32 62.48 112.56 -3.66
33 270.23 140.59 14.68
34 248.93 132.79 10.36
35 248.8 125.44 10.52
36 65.99 98.44 -1.39
37 240.88 73.23 8.08
38 243.13 85.23 8.21
39 83.0 133.0 -0.81
1 78.13 111.73 -2.44
2 71.79 97.81 -1.78
3 72.5 104.89 -1.57
4 70.26 116.09 -2.58
5 12.56 17.98 -9.3
6 160.31 82.5 1.24
7 61.81 6.5 -3.66
8 76.73 131.44 -2.4
9 162.45 92.52 1.07
10 79.4 96.17 -2.47
11 26.5 24.06 -7.87
12 42.3 25.68 -6.15
13 76.69 100.88 -2.13
14 131.76 80.79 0.57
15 77.52 22.43 -2.72
16 72.57 120.52 -2.42
17 152.27 114.47 0.48
18 155.15 91.97 0.75
19 289.3 123.21 19.83
20 178.35 90.33 0.93
21 172.38 114.68 0.72
22 41.86 46.61 -6.52
23 233.87 114.91 7.12
24 241.39 80.91 8.42
25 65.08 123.38 -1.7
26 72.47 125.7 -2.33
27 20.48 21.7 -8.69
28 63.67 90.43 -2.21
29 287.29 128.69 19.58
30 62.56 104.72 -1.4
31 60.48 112.34 -3.2
32 278.0 142.13 16.81
33 254.25 133.87 11.71
34 254.16 126.14 11.6
35 64.77 98.09 -1.0
36 245.06 71.15 8.76
37 247.31 83.83 9.0
38 82.92 132.92 -2.39
39 56.0 87.0 -2.48
40 56.0 106.0 -1.55
1 76.61 111.53 -3.49
2 70.78 97.38 -2.81
3 71.61 104.51 -2.98
4 68.78 115.87 -3.32
5 7.45 14.14 -8.93
6 160.84 82.13 0.51
7 59.47 3.01 -4.1
8 75.37 131.88 -3.44
9 162.99 92.29 0.41
10 78.01 95.75 -3.59
11 22.21 20.52 -9.3
12 38.85 22.53 -7.23
13 75.48 100.44 -3.19
14 132.11 80.55 -0.1
15 76.18 20.25 -3.21
16 71.21 120.57 -3.31
17 152.41 114.19 0.18
18 155.59 91.67 0.16
19 299.65 124.47 22.11
20 178.95 90.08 0.19
21 173.04 114.47 -0.01
22 38.26 44.09 -7.94
23 237.52 115.05 6.88
24 245.88 79.19 8.46
25 63.85 123.38 -2.49
26 71.21 125.83 -3.3
27 15.62 17.94 -9.53
28 61.86 90.01 -1.51
29 61.19 104.4 -1.82
30 57.94 111.97 -3.24
31 286.88 144.47 18.17
32 260.41 135.36 12.02
33 260.31 127.16 11.94
34 64.08 97.61 -1.55
35 249.67 68.51 9.23
36 251.96 81.94 9.79
37 81.56 133.51 -3.39
38 55.63 86.6 -5.87
39 55.09 105.6 -3.2
40 262.0 146.0 6.2
41 53.0 97.0 -2.19
42 272.0 154.0 7.29
1 74.57 112.24 -2.59
2 68.89 98.18 -2.13
3 69.68 105.28 -2.06
4 66.87 116.61 -2.69
5 161.01 82.7 1.28
6 57.38 1.93 -4.53
7 73.06 133.31 -2.62
8 163.19 92.9 0.7
9 75.56 96.39 -2.8
10 17.27 18.46 -9.46
11 34.82 20.91 -7.24
12 73.33 101.14 -2.15
13 132.02 81.23 0.27
14 74.47 19.56 -3.44
15 69.16 121.54 -2.72
16 152.31 114.74 0.66
17 155.62 92.35 0.85
18 179.08 90.93 1.43
19 173.04 114.88 1.45
20 33.79 42.7 -7.93
21 241.13 115.95 8.65
22 250.19 78.39 10.07
23 62.33 124.26 -2.16
24 68.84 126.95 -2.45
25 10.53 15.78 -9.74
26 61.05 90.42 -1.18
27 60.16 105.16 -1.51
28 55.93 112.59 -2.56
29 295.65 147.35 22.43
30 266.48 137.4 14.49
31 266.41 128.95 14.22
32 63.27 98.53 -1.16
33 254.44 67.37 11.18
34 256.61 81.2 11.64
35 79.39 134.93 -2.82
36 51.72 87.33 -4.45
37 53.14 106.33 -2.72
38 262.39 146.37 13.91
39 51.53 96.67 -2.41
40 272.33 154.79 15.8
1 72.96 112.67 -2.73
2 67.87 98.55 -2.5
3 68.56 105.62 -2.53
4 65.37 117.38 -2.7
5 161.6 83.15 1.03
6 71.84 134.45 -3.34
7 163.63 93.39 0.97
8 74.28 96.7 -2.96
9 11.93 15.3 -9.44
10 30.77 18.36 -8.14
11 72.22 101.48 -2.58
12 132.21 81.66 0.27
13 72.78 17.89 -3.47
14 67.76 122.38 -2.82
15 152.75 115.35 0.61
16 155.97 92.83 0.95
17 179.58 91.27 1.41
18 173.57 115.41 1.46
19 29.45 40.72 -8.48
20 245.71 116.77 9.42
21 255.5 77.22 11.47
22 61.27 124.97 -2.23
23 67.8 127.86 -3.13
24 60.42 90.71 -1.3
25 59.41 105.51 -1.85
26 54.62 113.16 -2.38
27 274.38 139.89 15.96
28 274.13 130.89 15.9
29 62.6 98.86 -1.41
30 260.22 65.26 12.27
31 263.18 80.18 12.79
32 78.06 136.24 -3.38
33 49.21 87.99 -5.11
34 51.79 106.66 -2.42
35 270.02 149.76 15.03
36 50.53 97.2 -3.69
37 281.24 158.31 17.3
38 256.0 133.0 6.35
39 230.0 120.0 3.47
1 71.85 112.57 -3.31
2 66.67 98.47 -2.73
3 67.55 105.51 -2.89
4 64.11 117.18 -2.95
5 162.45 82.67 1.0
6 70.39 134.87 -3.4
7 164.27 93.07 1.02
8 72.6 96.61 -2.84
9 26.81 15.38 -9.21
10 71.09 101.5 -2.82
11 132.52 81.31 0.69
12 70.89 15.43 -3.83
13 66.37 122.24 -3.02
14 153.3 115.15 0.76
15 156.71 92.51 0.78
16 180.81 90.89 0.84
17 174.82 115.3 0.88
18 25.35 38.43 -9.57
19 251.03 116.62 11.01
20 261.91 74.93 12.53
21 60.19 124.96 -2.57
22 66.35 127.82 -3.04
23 59.96 90.3 -1.46
24 58.75 105.37 -1.59
25 53.44 112.94 -1.89
26 283.18 141.57 18.25
27 282.93 132.15 18.17
28 62.21 98.67 -1.93
29 267.17 62.33 13.94
30 270.47 78.01 14.57
31 76.51 136.81 -3.36
32 46.96 87.71 -5.36
33 50.48 106.48 -1.83
34 278.32 152.52 17.07
35 48.93 96.86 -3.45
36 290.59 161.5 19.88
37 257.51 133.13 12.01
38 231.1 119.89 6.75
39 51.0 92.0 -0.7
40 52.0 99.0 -0.66
1 69.53 112.26 -3.93
2 64.93 98.04 -3.33
3 65.54 105.14 -3.47
4 62.08 116.71 -3.41
5 162.74 82.35 0.74
6 68.07 135.37 -4.07
7 164.66 92.71 0.59
8 70.85 96.05 -3.35
9 21.48 11.5 -9.21
10 69.25 101.06 -3.5
11 132.58 80.69 0.27
12 69.06 13.0 -4.2
13 64.22 122.22 -3.66
14 153.35 114.86 0.51
15 156.94 92.17 0.53
16 181.06 90.59 0.73
17 175.07 114.87 0.65
18 20.0 35.46 -10.45
19 256.38 116.65 11.76
20 268.42 72.33 13.87
21 58.38 124.97 -3.11
22 64.23 127.98 -3.85
23 58.86 89.72 -1.78
24 57.4 104.91 -1.82
25 51.97 112.55 -2.49
26 292.24 143.55 20.4
27 291.9 133.62 20.44
28 60.92 98.27 -2.73
29 274.34 58.69 15.07
30 277.92 75.38 16.46
31 74.21 137.32 -4.12
32 43.32 87.93 -4.13
33 49.07 106.08 -2.27
34 286.77 155.64 18.71
35 46.36 96.47 -2.61
36 263.58 133.82 12.76
37 234.16 120.25 7.01
38 50.72 91.49 -2.19
39 51.76 98.41 -2.15
40 40.0 96.0 -2.69
41 40.0 105.0 -3.08
1 67.95 111.84 -4.35
2 63.34 97.57 -3.56
3 64.06 104.68 -3.86
4 60.61 116.51 -3.81
5 163.52 81.57 0.4
6 66.48 135.67 -4.41
7 165.32 92.08 0.67
8 69.18 95.6 -3.52
9 16.78 7.07 -10.01
10 67.59 100.72 -3.77
11 133.22 79.81 -0.13
12 66.89 9.58 -4.08
13 62.8 122.02 -4.06
14 154.07 114.58 0.53
15 157.52 91.51 0.67
16 181.74 90.25 0.92
17 175.76 114.51 1.01
18 14.36 31.66 -10.97
19 263.22 116.41 12.87
20 275.96 69.06 15.72
21 57.24 124.93 -3.57
22 62.71 127.88 -4.18
23 58.14 89.01 -2.86
24 56.84 104.46 -2.41
25 51.18 112.33 -3.22
26 59.7 97.73 -3.29
27 282.78 54.1 16.75
28 286.91 72.06 18.39
29 72.63 137.78 -4.52
30 41.12 87.48 -2.81
31 48.36 105.54 -2.9
32 44.99 95.89 -2.31
33 271.14 134.89 14.27
34 238.45 120.19 7.46
35 49.83 90.71 -2.32
36 50.89 97.93 -2.38
37 39.55 96.0 -3.27
38 39.45 104.99 -4.0
39 32.0 83.0 -2.46
40 277.0 67.0 8.79
41 227.0 117.0 3.42
42 248.0 71.0 5.35
1 65.38 111.66 -4.42
2 61.45 97.14 -4.35
3 61.79 104.35 -4.43
4 58.49 116.52 -3.96
5 163.58 81.03 0.51
6 63.77 136.01 -4.28
7 165.37 91.71 1.1
8 67.36 95.15 -4.31
9 11.03 3.19 -10.23
10 65.56 100.41 -4.56
11 132.91 79.38 0.01
12 60.41 121.61 -4.13
13 154.19 114.16 0.78
14 157.61 91.1 0.93
15 182.15 89.74 0.43
16 176.11 114.16 0.45
17 269.69 116.24 14.89
18 284.07 65.92 17.29
19 55.14 124.73 -3.72
20 60.19 127.79 -4.24
21 56.81 88.32 -4.8
22 55.5 103.92 -2.75
23 49.45 111.77 -2.77
24 57.96 97.25 -4.35
25 291.31 49.78 19.35
26 296.5 68.92 21.04
27 69.87 138.28 -4.3
28 39.0 87.42 -2.35
29 46.76 105.02 -2.42
30 43.65 95.4 -2.4
31 278.41 136.3 16.81
32 242.19 120.18 8.5
33 48.46 90.07 -2.47
34 49.53 97.42 -2.38
35 37.04 95.3 -2.41
36 36.67 104.53 -2.71
37 31.75 82.65 -4.53
38 278.48 66.15 16.13
39 227.56 116.58 6.23
40 249.11 70.44 9.67
41 26.0 99.0 -2.97
42 260.0 105.0 6.49
43 40.0 100.0 -1.37
1 63.27 111.13 -5.45
2 59.47 96.61 -5.86
3 59.77 103.74 -5.56
4 56.53 115.9 -4.86
5 163.94 80.48 0.23
6 61.51 136.34 -5.29
7 166.21 91.11 0.45
8 65.34 94.8 -5.83
9 63.5 100.13 -5.82
10 133.05 78.91 -0.27
11 58.35 121.27 -5.45
12 154.77 113.68 0.27
13 158.34 90.5 0.27
14 182.77 89.47 0.19
15 176.81 113.58 0.07
16 277.68 116.02 16.37
17 293.39 62.14 19.63
18 53.18 124.53 -4.45
19 57.93 127.71 -5.28
20 54.69 87.5 -5.34
21 54.2 103.34 -3.69
22 47.65 111.13 -2.97
23 56.12 96.66 -4.78
24 67.67 138.67 -5.66
25 38.11 86.76 -3.41
26 45.23 104.36 -2.7
27 42.52 94.58 -3.03
28 287.59 137.67 18.07
29 246.81 120.21 8.79
30 47.32 89.26 -3.01
31 48.36 96.76 -2.92
32 36.06 94.49 -3.64
33 35.2 103.8 -3.43
34 29.23 81.4 -4.5
35 287.43 62.38 18.18
36 231.14 116.29 5.89
37 254.4 67.5 10.06
38 25.79 98.75 -6.28
39 261.33 104.47 11.97
40 39.8 99.7 -3.12
41 35.0 108.0 -2.22
42 22.0 68.0 -5.95
1 60.25 111.75 -5.58
2 56.3 96.94 -6.02
3 56.58 104.18 -5.7
4 53.92 116.53 -4.94
5 164.04 80.67 0.54
6 58.74 137.99 -5.63
7 166.49 91.5 0.5
8 62.2 95.3 -6.11
9 60.23 100.54 -5.89
10 132.96 79.12 0.03
11 55.53 121.72 -5.68
12 154.87 114.24 0.4
13 158.46 90.88 0.55
14 182.56 89.81 1.06
15 176.56 114.25 1.17
16 286.27 117.01 18.48
17 50.91 125.4 -5.06
18 55.35 128.6 -5.8
19 51.72 87.68 -4.42
20 52.23 103.64 -4.08
21 46.3 111.47 -3.61
22 52.76 97.07 -4.22
23 64.73 140.43 -5.58
24 36.06 86.76 -2.83
25 43.88 104.65 -3.08
26 40.46 94.78 -2.41
27 297.06 140.82 20.64
28 251.54 121.48 9.68
29 45.19 89.43 -2.36
30 46.39 97.12 -2.4
31 34.23 94.8 -3.24
32 33.44 104.06 -3.25
33 26.42 81.09 -3.08
34 296.9 59.5 20.89
35 234.34 117.19 6.63
36 259.64 65.58 11.11
37 22.3 98.88 -5.29
38 267.55 105.1 13.58
39 38.11 99.98 -2.78
40 34.46 108.21 -3.62
41 20.54 67.82 -10.35
42 28.0 83.0 -1.56
43 19.0 81.0 -3.53
44 38.0 108.0 -1.91
45 20.0 70.0 -4.59
1 57.45 111.39 -6.7
2 53.14 96.33 -6.4
3 53.61 103.52 -6.03
4 51.47 116.11 -5.68
5 164.47 80.27 0.11
6 55.86 138.15 -6.49
7 166.81 91.1 0.02
8 59.09 94.77 -7.2
9 57.17 99.94 -6.94
10 133.06 78.75 -0.6
11 52.61 121.53 -6.14
12 155.19 113.8 -0.06
13 158.87 90.61 -0.05
14 183.29 89.67 0.42
15 177.2 113.83 0.62
16 296.17 116.88 20.36
17 48.34 125.31 -5.96
18 52.47 128.47 -6.85
19 48.99 87.16 -4.65
20 50.26 103.08 -4.9
21 44.55 110.84 -3.92
22 50.91 96.47 -5.02
23 61.76 140.68 -6.42
24 34.64 86.39 -3.72
25 42.46 104.15 -3.38
26 39.45 94.35 -3.64
27 256.81 121.63 10.09
28 44.27 88.65 -3.64
29 45.42 96.53 -3.65
30 32.4 94.39 -3.91
31 31.7 103.64 -3.88
32 24.68 80.31 -3.81
33 238.13 116.86 6.59
34 265.73 62.62 11.85
35 19.3 98.37 -4.61
36 275.21 104.23 14.18
37 36.68 99.57 -3.69
38 32.69 107.71 -4.38
39 15.29 65.96 -12.54
40 27.92 83.61 -3.85
41 18.53 81.51 -6.09
42 37.89 108.58 -3.72
43 19.38 70.55 -7.85
44 308.0 113.0 12.25
45 9.0 70.0 -7.47
46 256.0 67.0 4.73
47 12.0 96.0 -2.85
48 305.0 96.0 11.24
49 9.0 136.0 -7.72
50 255.0 120.0 5.53
51 25.0 105.0 -2.46
52 31.0 121.0 -2.54
53 220.0 108.0 1.68
54 227.0 116.0 1.99
55 268.0 125.0 6.71
1 54.03 112.49 -6.23
2 49.78 97.12 -5.11
3 50.28 104.39 -4.85
4 48.49 117.33 -4.98
5 164.57 80.85 1.07
6 52.26 140.47 -5.68
7 166.97 91.85 0.68
8 55.54 95.63 -6.87
9 53.65 100.73 -6.45
10 132.86 79.34 -0.01
11 49.31 122.58 -4.99
12 155.23 114.67 0.59
13 158.97 91.28 0.47
14 183.62 90.56 1.18
15 177.72 114.76 1.18
16 45.36 126.93 -4.93
17 48.84 130.07 -5.58
18 46.65 87.93 -4.33
19 47.79 103.91 -4.37
20 42.44 111.91 -3.42
21 48.14 97.33 -3.61
22 58.08 143.11 -5.7
23 32.73 87.3 -3.22
24 40.7 105.09 -2.73
25 37.67 95.22 -2.79
26 262.29 123.13 12.17
27 42.51 89.41 -3.45
28 43.66 97.39 -3.13
29 30.51 95.26 -3.24
30 29.64 104.51 -3.02
31 22.77 80.96 -3.22
32 241.66 118.02 8.59
33 272.17 60.6 14.1
34 16.77 99.22 -3.83
35 282.72 104.61 17.54
36 34.96 100.48 -2.97
37 30.24 108.6 -3.51
38 25.94 84.31 -3.29
39 14.86 81.69 -3.91
40 35.96 109.54 -3.02
41 13.88 70.22 -3.18
42 256.72 66.68 11.05
43 11.66 96.03 -4.35
44 256.07 119.94 11.72
45 24.38 105.0 -3.34
46 30.17 121.11 -3.36
47 220.34 107.92 4.53
48 227.35 115.92 5.25
49 269.36 125.23 14.23
50 16.0 71.0 -0.81
51 34.0 116.0 -1.29
1 50.79 112.62 -6.81
2 46.89 97.07 -5.36
3 47.81 104.31 -5.98
4 46.01 117.52 -6.47
5 165.45 80.66 0.21
6 49.54 141.81 -7.62
7 167.53 91.85 0.11
8 51.9 95.45 -7.95
9 50.25 100.55 -6.81
10 133.06 79.57 -0.7
11 46.7 122.65 -6.75
12 155.68 114.81 -0.02
13 159.38 91.35 -0.0
14 184.57 90.45 0.34
15 178.64 115.12 0.36
16 42.57 127.69 -6.24
17 45.81 130.92 -7.13
18 44.37 87.48 -5.73
19 45.57 103.85 -5.61
20 40.99 111.78 -5.25
21 46.0 97.23 -4.61
22 55.47 144.53 -7.78
23 31.07 86.83 -4.17
24 39.5 105.03 -4.69
25 35.94 95.02 -3.81
26 268.95 124.33 12.49
27 40.69 88.92 -5.11
28 41.91 97.32 -4.47
29 28.63 94.98 -4.04
30 28.32 104.4 -4.05
31 21.23 80.48 -4.15
32 246.48 118.67 8.06
33 279.82 57.46 14.92
34 14.89 98.91 -4.69
35 292.2 104.87 19.0
36 33.15 100.33 -3.81
37 28.66 108.53 -4.56
38 24.32 83.79 -4.16
39 12.76 81.06 -5.12
40 34.54 109.52 -4.09
41 11.72 69.26 -3.45
42 262.97 64.07 11.18
43 9.32 95.64 -5.31
44 262.54 121.02 12.12
45 23.1 104.85 -4.24
46 28.71 121.2 -4.54
47 222.91 108.19 4.34
48 230.29 116.37 5.11
49 276.92 126.61 15.42
50 16.29 70.54 -3.81
51 34.36 115.56 -4.66
52 17.0 99.0 -2.68
1 47.04 112.91 -6.97
2 44.31 97.12 -4.58
3 44.68 104.33 -6.05
4 42.74 117.79 -7.06
5 165.7 80.55 0.18
6 45.78 143.49 -8.38
7 167.69 91.78 0.06
8 47.79 95.18 -6.81
9 46.41 100.48 -5.41
10 132.91 79.48 -0.57
11 43.47 123.19 -7.49
12 155.92 114.77 0.01
13 159.45 91.27 0.02
14 184.9 90.44 0.52
15 179.01 115.07 0.34
16 39.62 128.36 -7.43
17 42.31 131.69 -8.04
18 41.83 87.44 -5.89
19 42.73 103.95 -5.75
20 38.42 112.12 -5.82
21 44.12 97.29 -4.52
22 51.56 146.18 -8.35
23 29.18 86.75 -4.33
24 37.35 105.13 -5.43
25 34.59 95.02 -3.87
26 275.91 124.87 13.93
27 38.59 88.77 -5.38
28 40.12 97.36 -4.45
29 26.85 94.96 -4.2
30 26.23 104.44 -4.07
31 19.34 80.26 -4.24
32 251.04 118.93 9.53
33 287.95 53.62 16.75
34 12.68 98.92 -4.64
35 31.64 100.38 -3.89
36 26.31 108.63 -4.67
37 22.37 83.54 -4.26
38 10.56 80.68 -4.72
39 32.38 109.68 -4.33
40 10.64 69.11 -3.78
41 269.1 61.14 12.6
42 6.98 95.64 -5.17
43 269.35 121.5 13.66
44 20.7 104.9 -4.22
45 26.33 121.61 -4.28
46 225.52 107.89 4.69
47 233.23 116.51 5.52
48 285.31 127.78 17.26
49 14.89 70.35 -3.8
50 32.23 115.77 -5.02
51 16.75 99.12 -4.45
52 293.0 46.0 9.94
1 42.96 113.08 -8.22
2 41.15 97.6 -4.93
3 40.9 104.62 -6.89
4 38.5 118.16 -7.12
5 165.53 80.7 0.27
6 40.63 144.95 -9.04
7 167.48 92.1 0.2
8 42.45 100.78 -5.49
9 132.15 79.72 -0.61
10 39.1 123.39 -7.45
11 155.5 115.45 0.17
12 159.29 91.62 0.09
13 184.81 90.94 0.59
14 178.82 115.54 0.46
15 35.37 129.13 -8.22
16 37.56 132.56 -8.82
17 39.09 104.27 -6.16
18 34.85 112.34 -6.06
19 40.95 97.74 -4.9
20 46.4 147.96 -8.98
21 26.29 86.65 -4.21
22 33.85 105.24 -5.46
23 31.81 95.04 -4.37
24 282.83 126.95 15.97
25 34.92 88.61 -5.88
26 37.02 97.62 -4.74
27 23.96 94.99 -4.22
28 23.41 104.53 -3.95
29 16.36 80.03 -4.02
30 255.66 120.26 10.66
31 296.34 50.56 19.22
32 9.28 98.91 -4.35
33 28.88 100.42 -4.16
34 23.22 108.75 -4.62
35 19.44 83.38 -4.12
36 7.46 80.4 -4.93
37 29.77 109.89 -5.15
38 7.69 68.55 -3.61
39 275.5 58.77 14.32
40 3.37 95.57 -4.87
41 276.05 123.48 15.7
42 17.79 105.06 -4.09
43 23.4 122.04 -4.86
44 227.52 108.57 5.06
45 235.7 117.62 6.46
46 293.65 130.32 20.1
47 11.92 69.74 -3.82
48 29.01 116.18 -5.46
49 13.4 99.16 -3.97
50 294.59 45.35 19.08
1 39.07 113.21 -7.94
2 39.02 97.71 -7.3
3 37.6 104.69 -7.25
4 34.78 118.17 -6.72
5 165.94 80.82 0.77
6 36.1 146.37 -8.92
7 167.71 92.39 0.99
8 132.14 79.75 0.15
9 35.26 123.97 -7.25
10 155.81 115.55 0.73
11 159.44 91.87 0.89
12 185.41 91.11 1.26
13 179.3 115.84 1.33
14 31.26 129.45 -8.16
15 33.1 132.8 -8.65
16 36.23 104.11 -6.8
17 31.69 112.3 -5.48
18 38.85 97.81 -7.27
19 41.89 149.53 -8.95
20 23.86 86.17 -4.53
21 31.17 105.15 -5.25
22 30.09 94.67 -6.57
23 291.65 128.42 18.58
24 32.24 88.33 -7.64
25 34.99 97.39 -7.03
26 21.91 94.68 -3.6
27 21.56 104.43 -3.31
28 14.19 79.54 -3.54
29 261.69 121.07 12.56
30 7.47 98.73 -3.79
31 27.3 100.31 -5.3
32 21.05 108.63 -4.33
33 17.09 82.8 -3.52
34 27.39 109.84 -5.32
35 6.51 68.19 -3.12
36 283.5 56.04 16.8
37 1.24 95.37 -4.35
38 284.74 124.88 18.35
39 15.97 104.85 -3.64
40 21.29 121.94 -4.77
41 230.53 108.86 6.32
42 239.4 118.31 7.44
43 10.63 69.36 -3.26
44 26.41 116.14 -5.57
45 11.62 98.91 -3.41
46 18.0 115.0 -2.32
47 263.0 126.0 7.43
1 34.18 113.36 -9.24
2 35.6 97.64 -10.47
3 33.52 104.43 -8.83
4 30.96 118.15 -9.35
5 166.21 80.63 0.36
6 31.04 147.92 -10.09
7 168.01 92.17 0.51
8 131.98 79.59 -0.48
9 31.25 124.45 -9.64
10 155.99 115.51 0.13
11 159.63 91.69 0.35
12 185.63 90.84 1.04
13 179.49 115.86 1.03
14 26.57 129.82 -9.6
15 28.22 132.96 -10.14
16 32.52 103.53 -8.72
17 28.54 112.27 -8.3
18 35.46 97.71 -10.5
19 36.82 151.16 -10.04
20 22.03 85.88 -7.6
21 28.12 104.91 -7.43
22 26.88 94.37 -8.16
23 301.08 129.82 20.88
24 31.7 97.06 -10.04
25 19.72 94.52 -5.87
26 19.4 104.25 -5.19
27 12.33 79.11 -4.43
28 268.05 121.66 13.39
29 4.87 98.47 -4.49
30 24.48 100.01 -7.23
31 18.47 108.44 -5.96
32 15.3 82.43 -4.56
33 24.38 109.73 -7.76
34 4.12 67.47 -3.85
35 292.11 52.17 18.09
36 294.09 126.13 20.37
37 13.62 104.65 -4.66
38 18.5 122.08 -6.26
39 233.77 108.58 6.05
40 243.3 118.68 7.2
41 8.13 68.51 -3.9
42 23.29 116.09 -7.8
43 9.47 98.7 -4.46
44 17.81 114.77 -6.57
45 264.42 125.8 12.91
1 29.53 112.76 -9.86
2 30.28 95.54 -10.26
3 28.7 102.77 -8.95
4 26.49 118.15 -10.02
5 166.59 80.5 0.67
6 25.87 149.59 -10.61
7 168.54 92.13 0.57
8 131.84 78.81 -0.28
9 26.43 124.9 -10.02
10 156.27 115.59 0.56
11 160.01 91.61 0.83
12 186.53 90.83 0.39
13 180.4 115.97 0.29
14 21.64 130.37 -9.57
15 23.02 133.27 -10.4
16 27.93 102.29 -8.79
17 24.66 112.26 -9.65
18 30.11 95.62 -10.26
19 31.69 152.98 -10.63
20 18.08 84.43 -7.48
21 24.55 104.66 -8.91
22 22.09 93.81 -6.95
23 26.55 96.34 -9.12
24 17.05 94.37 -6.7
25 17.24 104.14 -6.96
26 10.04 78.54 -3.77
27 275.52 122.7 15.74
28 2.75 98.22 -3.72
29 20.65 99.7 -7.2
30 15.67 108.37 -7.11
31 12.72 81.78 -5.03
32 20.72 109.66 -8.57
33 2.73 66.98 -3.58
34 11.36 104.53 -4.66
35 15.47 122.32 -6.93
36 237.16 108.62 7.03
37 247.3 119.23 8.61
38 6.7 67.99 -3.58
39 19.63 116.13 -8.45
40 7.17 98.54 -3.95
41 14.53 114.83 -7.1
42 271.6 126.93 14.71
43 259.0 121.0 6.62
44 245.0 118.0 5.13
45 275.0 79.0 8.45
46 271.0 109.0 8.01
47 280.0 71.0 8.74
48 287.0 58.0 9.66
49 261.0 71.0 6.59
50 271.0 68.0 7.97
51 301.0 130.0 11.86
52 270.0 119.0 8.15
53 287.0 87.0 10.02
54 276.0 104.0 8.25
55 132.0 83.0 0.1
1 23.96 112.51 -11.45
2 24.35 95.21 -11.73
3 23.91 102.14 -11.12
4 20.61 118.23 -10.87
5 166.62 80.37 1.01
6 19.62 151.5 -10.78
7 168.65 92.09 0.67
8 131.52 78.79 -0.53
9 20.52 125.56 -10.69
10 156.28 115.69 0.72
11 160.1 91.6 0.94
12 186.69 90.71 0.94
13 180.62 116.07 0.7
14 15.96 130.82 -10.2
15 16.9 133.77 -10.92
16 23.04 101.5 -10.97
17 19.33 112.2 -10.62
18 24.2 95.35 -11.61
19 25.51 155.3 -10.77
20 13.73 83.07 -8.71
21 19.97 104.49 -10.93
22 18.19 93.22 -8.76
23 21.0 95.7 -9.58
24 13.34 93.81 -8.38
25 13.67 103.85 -9.35
26 7.62 78.08 -6.72
27 283.51 123.75 17.9
28 0.07 97.94 -3.68
29 16.62 99.38 -8.95
30 11.8 108.26 -8.88
31 10.42 81.35 -8.24
32 15.79 109.58 -9.52
33 0.31 66.47 -4.0
34 8.62 104.38 -7.6
35 11.59 122.49 -8.45
36 240.48 108.7 7.99
37 251.69 119.9 9.58
38 4.27 67.49 -4.25
39 14.61 116.25 -9.15
40 4.69 98.35 -5.12
41 10.45 114.89 -8.42
42 279.27 128.25 16.18
43 260.37 121.2 11.89
44 246.09 118.08 8.83
45 276.42 78.61 15.92
46 272.51 109.05 14.9
47 281.53 70.57 16.76
48 288.73 57.3 18.51
49 262.16 70.7 12.29
50 272.35 67.6 15.14
51 271.6 119.1 14.96
52 288.87 86.62 18.92
53 277.6 103.92 15.41
54 132.02 82.97 -0.53
55 290.0 119.0 9.82
56 259.0 124.0 5.75
57 285.0 124.0 9.25
58 289.0 74.0 9.41
59 277.0 90.0 8.13
1 167.57 80.22 0.22
2 169.32 92.04 0.23
3 131.93 78.73 -1.49
4 156.83 115.87 0.26
5 161.1 91.34 0.03
6 187.46 90.8 0.62
7 181.38 116.2 0.5
8 293.59 124.84 21.72
9 245.54 108.64 8.58
10 257.64 120.55 10.87
11 288.55 129.54 19.14
12 267.4 121.94 13.41
13 251.76 118.57 9.68
14 285.45 76.1 18.57
15 281.1 109.3 17.59
16 290.95 67.93 19.74
17 298.98 53.38 22.32
18 269.32 68.2 13.99
19 280.77 64.85 17.8
20 280.36 119.83 17.31
21 286.37 104.04 18.37
22 132.49 82.92 -1.48
23 292.23 118.67 20.97
24 260.54 123.69 12.23
25 287.38 123.76 19.14
26 291.21 73.07 19.65
27 279.2 88.94 16.44
28 269.0 127.0 8.43
29 261.0 73.0 7.15
30 288.0 114.0 11.29
31 305.0 120.0 14.15
1 167.34 79.53 0.59
2 169.12 91.36 0.73
3 130.59 77.94 -0.08
4 157.0 115.61 0.15
5 160.86 90.42 0.3
6 187.23 89.94 1.09
7 181.05 115.94 1.14
8 249.08 108.09 9.77
9 262.29 120.6 13.07
10 297.36 130.45 21.59
11 273.5 122.32 15.65
12 255.72 118.33 11.56
13 293.81 72.67 21.24
14 288.89 109.05 20.45
15 299.84 64.31 24.25
16 275.72 64.68 15.49
17 288.85 61.53 19.6
18 288.22 120.13 19.79
19 294.4 103.55 21.68
20 131.14 82.17 0.03
21 265.96 123.95 14.54
22 296.06 124.41 22.04
23 299.98 69.57 23.87
24 286.7 86.94 18.77
25 270.25 127.09 15.4
26 262.0 72.5 12.27
27 289.58 114.05 20.18
28 298.0 66.0 10.1
29 304.0 75.0 11.36
30 253.0 103.0 4.62
31 309.0 140.0 12.14
32 275.0 146.0 7.65
33 304.0 55.0 10.89
1 167.94 79.16 0.07
2 170.12 90.89 0.44
3 130.54 77.45 -0.09
4 157.23 115.39 0.23
5 161.3 89.88 0.22
6 188.39 89.53 0.73
7 182.23 115.75 0.75
8 255.36 107.56 9.95
9 270.15 121.2 13.12
10 282.97 123.04 15.41
11 262.87 118.5 11.24
12 285.27 61.24 15.16
13 300.73 57.1 19.54
14 300.19 120.61 19.72
15 131.15 81.58 -0.04
16 274.76 124.6 14.01
17 298.06 84.94 18.73
18 279.54 127.78 15.35
19 269.58 69.62 11.84
20 300.3 64.9 20.49
21 254.19 102.49 9.78
22 276.79 146.15 14.45
23 265.0 105.0 6.54
24 305.0 49.0 11.17
1 167.93 79.74 0.14
2 170.27 91.69 0.14
3 130.5 78.25 -0.87
4 157.24 116.52 0.23
5 161.31 90.66 0.05
6 188.61 90.2 0.62
7 182.46 116.88 0.51
8 260.67 108.36 10.34
9 277.24 123.2 14.24
10 291.01 125.24 16.84
11 268.82 120.19 11.82
12 293.23 58.66 16.48
13 131.14 82.24 -0.83
14 282.44 126.74 15.24
15 287.59 130.01 16.87
16 276.03 67.92 12.82
17 259.47 103.32 10.05
18 284.18 149.72 15.59
19 266.75 104.85 10.74
1 167.99 81.24 0.09
2 170.35 93.01 0.03
3 130.18 79.25 -1.44
4 157.32 118.19 0.13
5 161.32 91.84 -0.08
6 188.99 91.14 0.32
7 182.73 118.67 0.31
8 266.16 109.84 11.85
9 284.7 126.1 16.73
10 299.78 128.37 20.13
11 274.86 122.45 13.79
12 130.78 83.27 -1.3
13 290.41 129.67 17.68
14 296.44 133.11 19.08
15 282.92 67.37 15.11
16 264.75 104.79 11.75
17 292.4 154.26 17.69
18 272.34 106.32 13.22
19 302.0 128.0 10.94
1 168.02 82.25 0.32
2 170.02 94.0 0.63
3 129.26 80.26 -0.65
4 157.4 119.35 0.09
5 161.18 92.59 0.24
6 188.96 91.93 0.82
7 182.76 119.99 0.55
8 271.72 111.06 14.3
9 293.07 128.77 19.2
10 281.65 124.51 16.25
11 129.87 84.25 -0.54
12 299.2 132.42 20.61
13 290.31 65.78 18.26
14 270.33 106.0 14.14
15 278.43 107.53 16.41
16 286.0 117.0 9.4
17 261.0 122.0 5.89
18 281.0 122.0 8.63
1 168.39 79.61 -0.26
2 170.78 91.54 -0.41
3 129.17 77.56 -1.54
4 157.63 117.19 -0.37
5 161.63 90.22 -0.45
6 189.78 89.38 -0.05
7 183.5 117.93 -0.43
8 280.01 108.2 14.51
9 291.18 122.9 16.64
10 129.79 81.55 -1.47
11 300.67 59.34 19.55
12 278.52 103.12 14.31
13 287.81 104.72 17.53
14 288.51 117.5 16.65
15 262.64 122.7 10.37
16 283.42 122.47 16.0
17 48.0 27.0 -5.11
18 194.0 91.0 -0.02
1 168.18 79.36 0.94
2 170.53 91.42 0.41
3 128.41 76.95 -0.96
4 157.42 117.01 0.18
5 161.28 89.98 0.28
6 189.66 89.29 0.7
7 183.16 117.77 0.73
8 287.29 108.13 19.92
9 129.06 80.91 -0.89
10 285.66 102.98 19.55
11 296.73 104.64 23.41
12 267.79 123.27 14.81
13 193.84 90.6 0.94
14 300.0 105.0 12.84
15 291.0 96.0 12.36
16 252.0 126.0 6.54
1 168.16 77.62 1.29
2 170.44 89.72 0.69
3 127.43 74.81 -0.68
4 157.33 115.49 0.49
5 161.18 88.24 0.58
6 189.82 87.38 0.93
7 183.24 116.47 0.55
8 128.14 78.72 -0.65
9 294.78 101.31 21.75
10 274.61 122.64 16.41
11 194.36 88.59 1.12
12 292.95 95.41 21.65
13 253.21 125.56 11.15
14 260.0 100.0 4.85
1 169.04 76.69 1.22
2 170.91 89.03 0.99
3 127.23 73.78 -0.59
4 157.63 115.12 1.27
5 161.54 87.44 1.14
6 190.37 86.72 1.65
7 183.86 116.19 1.74
8 127.98 77.73 -0.56
9 284.13 123.18 18.82
10 194.84 87.84 2.1
11 259.71 126.22 12.83
12 260.69 99.99 12.02
13 268.0 50.0 7.45
14 262.0 118.0 7.87
1 169.54 76.89 0.81
2 171.24 89.2 0.67
3 126.64 74.03 -1.25
4 157.91 115.62 0.97
5 161.85 87.45 0.77
6 190.9 86.64 1.32
7 184.12 116.71 1.65
8 127.4 77.97 -1.21
9 292.89 124.18 20.45
10 195.59 87.52 1.82
11 265.76 127.23 13.47
12 266.11 99.96 13.15
13 269.09 49.67 12.56
14 263.42 118.08 12.84
15 304.0 121.0 10.43
16 248.0 114.0 4.05
17 27.0 10.0 -6.44
18 150.0 83.0 -0.25
19 198.0 77.0 0.6
1 170.18 78.07 0.54
2 171.78 90.32 0.5
3 126.35 75.6 -1.58
4 158.71 117.13 0.55
5 162.53 88.81 0.45
6 191.9 87.19 1.16
7 185.52 118.06 0.99
8 127.05 79.62 -1.42
9 196.83 88.21 1.64
10 273.6 129.35 15.09
11 273.65 100.17 14.8
12 276.39 46.57 14.37
13 270.84 119.6 14.49
14 248.42 114.13 9.55
15 25.6 9.32 -12.23
16 149.82 83.17 0.22
17 197.92 77.09 1.63
18 278.0 125.0 9.56
19 265.0 46.0 6.85
20 275.0 113.0 8.85
21 287.0 135.0 10.48
1 170.42 78.44 0.71
2 172.03 90.51 0.39
3 125.18 75.69 -0.94
4 159.04 117.54 0.47
5 162.66 88.66 0.52
6 192.41 86.66 1.18
7 185.97 118.73 1.19
8 125.96 79.51 -0.83
9 197.79 87.42 1.45
10 280.88 130.61 17.1
11 280.55 99.51 16.74
12 283.22 43.24 16.64
13 277.78 120.34 16.29
14 253.01 114.38 10.49
15 149.8 83.1 0.32
16 198.95 77.23 1.48
17 279.66 125.24 16.98
18 265.97 45.42 12.74
19 276.51 113.14 16.06
20 288.69 135.26 18.9
21 290.0 118.0 9.17
22 262.0 116.0 5.82
23 77.0 54.0 -3.49
24 167.0 59.0 0.4
25 166.0 94.0 0.22
26 250.0 64.0 4.38
27 145.0 78.0 0.08
28 181.0 91.0 0.32
29 242.0 122.0 3.6
30 158.0 124.0 0.35
31 246.0 101.0 3.79
1 170.69 78.82 0.77
2 172.11 91.06 0.56
3 124.5 76.24 -0.84
4 159.0 118.26 0.8
5 162.77 89.14 0.61
6 192.81 87.11 1.5
7 186.23 119.39 1.33
8 125.35 80.0 -0.8
9 198.3 87.7 1.68
10 290.15 132.93 17.92
11 289.45 99.4 18.06
12 292.35 38.81 16.84
13 286.58 121.73 17.2
14 258.62 115.22 10.97
15 149.77 83.39 0.47
16 199.46 77.49 1.68
17 288.89 127.03 17.76
18 272.89 42.34 12.94
19 285.16 114.33 16.88
20 291.33 118.1 18.02
21 262.72 115.87 11.3
22 76.34 53.4 -5.99
23 166.99 58.56 1.01
24 165.86 93.86 0.67
25 250.5 63.53 8.64
26 144.76 77.76 0.39
27 180.76 90.85 1.07
28 242.13 122.1 7.45
29 157.63 123.73 1.03
30 246.3 100.97 7.67
31 289.0 117.0 9.38
32 285.0 109.0 8.47
1 171.2 77.03 0.14
2 172.43 89.53 -0.02
3 124.05 74.29 -1.31
4 159.49 117.0 -0.07
5 163.18 87.74 -0.04
6 193.56 85.59 0.86
7 187.12 118.19 0.33
8 124.91 78.21 -1.22
9 199.14 86.2 1.25
10 299.83 132.66 20.26
11 299.44 96.55 19.4
12 301.44 31.92 18.82
13 295.92 120.68 18.35
14 264.59 113.53 11.3
15 150.11 81.76 -0.42
16 200.54 75.67 0.97
17 298.52 126.38 19.05
18 280.2 35.92 13.25
19 294.29 112.88 17.87
20 300.98 116.77 19.08
21 268.85 114.32 11.51
22 72.97 49.83 -6.65
23 167.46 56.41 0.31
24 166.26 92.42 -0.05
25 145.07 76.07 -0.42
26 181.37 89.25 0.23
27 246.33 121.14 6.89
28 158.34 122.49 -0.21
29 250.63 99.0 7.4
30 290.81 116.85 17.47
31 286.43 109.03 16.14
32 192.0 120.0 -0.04
33 110.0 84.0 -1.87
1 171.47 77.04 0.19
2 172.52 89.78 0.3
3 123.57 74.37 -1.78
4 159.64 117.39 0.07
5 163.26 87.92 0.12
6 194.25 85.49 0.75
7 187.49 118.56 0.08
8 124.46 78.28 -1.66
9 199.94 85.82 1.47
10 270.65 113.94 14.74
11 150.07 81.75 -0.21
12 201.1 75.58 1.63
13 287.17 31.94 17.74
14 275.17 114.69 14.91
15 69.34 48.0 -7.86
16 167.62 55.95 0.6
17 166.37 92.63 0.1
18 145.01 76.15 -0.26
19 181.66 89.51 0.45
20 250.13 121.91 8.66
21 158.41 122.85 0.19
22 254.62 98.8 9.89
23 295.14 109.38 20.65
24 191.9 120.33 0.53
25 109.63 84.44 -2.53
26 128.0 77.0 -0.49
1 171.45 75.55 0.38
2 172.6 88.23 0.82
3 122.69 72.42 -1.34
4 159.57 116.1 0.68
5 163.25 86.41 0.47
6 194.65 83.7 0.99
7 187.48 117.4 1.03
8 123.64 76.34 -1.3
9 200.7 84.14 1.69
10 277.7 112.99 16.32
11 149.84 79.95 0.23
12 201.76 74.26 1.88
13 295.49 25.9 19.02
14 282.3 113.75 16.92
15 65.41 43.39 -8.29
16 168.13 53.49 0.24
17 166.3 91.05 0.65
18 144.77 74.45 0.12
19 181.8 87.89 0.82
20 254.26 121.11 10.46
21 158.38 121.59 0.83
22 259.23 97.35 11.19
23 192.06 119.27 1.35
24 108.13 81.88 -2.4
25 128.01 76.37 -0.69
26 270.0 47.0 6.15
27 261.0 89.0 5.57
28 263.0 101.0 5.79
29 57.0 32.0 -4.44
30 257.0 109.0 5.39
1 171.76 73.56 0.42
2 172.86 86.5 1.01
3 121.68 70.4 -1.41
4 159.77 114.68 0.85
5 163.43 84.45 0.62
6 195.02 82.39 1.17
7 187.71 116.16 1.37
8 122.67 74.32 -1.41
9 201.4 82.45 1.82
10 286.79 111.41 16.51
11 149.85 77.73 0.32
12 202.84 71.99 1.79
13 291.6 112.21 17.27
14 60.76 38.23 -8.48
15 168.3 50.51 0.12
16 166.52 89.28 0.85
17 144.74 72.29 0.17
18 182.21 86.09 0.9
19 259.83 120.28 10.6
20 158.67 120.29 0.82
21 265.47 95.09 11.37
22 192.61 118.13 1.25
23 106.81 79.32 -2.45
24 127.48 74.41 -0.85
25 271.27 45.92 11.63
26 261.88 88.49 10.74
27 264.06 100.51 11.15
28 56.4 31.25 -8.7
29 257.98 108.57 9.87
30 289.0 111.0 8.91
31 250.0 105.0 4.05
1 172.35 73.31 -0.22
2 174.01 86.19 -0.24
3 121.51 70.09 -2.27
4 160.72 114.69 -0.34
5 164.29 84.23 -0.54
6 196.09 82.37 0.25
7 189.07 116.1 -0.23
8 122.5 73.94 -2.26
9 202.96 81.97 0.57
10 296.24 110.93 17.04
11 150.45 77.41 -0.87
12 204.29 71.52 0.81
13 301.49 111.7 18.41
14 56.71 35.33 -10.13
15 168.51 49.53 -0.53
16 167.55 88.93 -0.45
17 145.31 71.92 -0.89
18 183.13 85.82 -0.06
19 266.22 120.62 10.45
20 159.61 120.31 -0.41
21 272.32 93.87 11.28
22 193.84 118.1 -0.06
23 105.95 78.63 -3.26
24 127.51 74.12 -1.91
25 277.86 41.78 12.19
26 268.38 87.02 10.3
27 270.62 99.68 11.09
28 52.24 28.17 -10.38
29 263.88 108.46 9.7
30 291.15 111.15 16.21
31 251.18 105.18 7.21
32 302.0 104.0 10.04
33 139.0 72.0 -0.62
34 184.0 111.0 -0.04
35 196.0 75.0 0.23
36 271.0 102.0 6.16
1 172.31 72.22 0.73
2 173.94 85.33 0.97
3 120.25 69.1 -1.37
4 160.65 113.98 0.64
5 164.1 83.35 0.7
6 189.12 115.32 1.12
7 121.23 72.89 -1.29
8 150.21 76.4 0.27
9 204.8 70.33 1.97
10 51.33 31.71 -10.42
11 168.42 47.86 0.59
12 167.43 88.11 0.73
13 144.93 70.71 0.28
14 183.2 84.93 1.01
15 271.73 120.03 13.79
16 159.53 119.56 0.71
17 278.25 92.17 14.66
18 193.93 117.3 1.48
19 104.04 77.49 -2.07
20 126.56 73.09 -0.94
21 284.27 36.8 14.97
22 273.96 84.81 13.28
23 276.49 98.07 14.26
24 46.71 24.08 -10.63
25 269.24 106.96 12.28
26 299.81 109.93 20.64
27 255.05 103.68 9.53
28 139.04 71.69 0.12
29 184.1 110.8 1.16
30 196.14 74.99 1.44
31 272.33 101.43 13.38
32 260.0 55.0 6.39
1 172.15 70.18 0.67
2 173.85 83.57 0.9
3 119.03 67.04 -1.42
4 160.53 112.55 0.71
5 163.84 81.61 0.81
6 189.04 113.78 1.24
7 120.02 70.81 -1.03
8 149.54 74.34 0.73
9 205.01 68.3 1.78
10 45.01 26.12 -9.16
11 167.91 45.22 0.63
12 167.24 86.35 0.83
13 144.36 68.69 0.51
14 183.19 83.2 0.83
15 278.16 118.99 13.99
16 159.4 118.14 0.75
17 285.28 89.48 14.41
18 194.11 115.81 1.48
19 102.36 75.18 -1.79
20 125.47 71.08 -0.42
21 291.52 30.57 13.89
22 280.43 81.48 13.01
23 283.35 95.63 14.03
24 40.3 18.07 -9.29
25 274.94 105.58 12.5
26 259.46 101.56 9.33
27 138.34 69.66 0.33
28 184.17 109.34 1.16
29 196.2 73.23 1.36
30 278.65 99.51 13.51
31 261.17 53.73 8.92
32 297.0 88.0 7.04
1 172.83 70.85 0.94
2 174.72 84.54 0.36
3 118.61 67.82 -1.77
4 161.15 114.1 0.34
5 164.65 82.65 0.44
6 190.13 115.31 0.13
7 119.66 71.72 -1.17
8 150.37 75.27 0.18
9 206.59 68.59 1.82
10 39.98 24.18 -7.73
11 168.58 45.21 0.79
12 168.01 87.28 0.35
13 145.02 69.45 0.3
14 183.95 84.07 0.58
15 286.33 120.74 15.03
16 160.07 119.71 0.45
17 293.81 88.81 15.6
18 195.28 117.28 0.85
19 101.63 75.93 -1.23
20 125.45 72.06 -0.71
21 299.95 25.21 16.06
22 288.11 80.12 14.31
23 291.7 95.34 15.13
24 35.18 15.68 -7.78
25 282.36 106.35 13.64
26 264.9 101.84 10.24
27 138.91 70.46 0.12
28 185.15 110.77 0.47
29 197.29 74.73 1.3
30 286.68 99.41 14.61
31 297.89 89.88 16.31
32 285.0 113.0 8.44
33 122.0 83.0 -0.14
34 234.0 64.0 3.61
35 158.0 85.0 0.46
36 200.0 70.0 1.34
37 240.0 59.0 3.59
1 172.96 75.47 2.47
2 174.75 89.06 1.59
3 117.56 71.9 -1.08
4 161.16 118.58 2.12
5 164.7 87.01 1.76
6 190.21 119.82 2.24
7 118.98 75.39 -0.82
8 150.34 79.45 1.35
9 207.05 73.21 3.51
10 35.0 25.56 -9.39
11 168.69 49.12 2.0
12 168.06 91.77 1.64
13 144.97 73.75 1.24
14 184.05 88.47 2.3
15 293.77 127.14 19.85
16 159.96 124.28 2.37
17 301.6 93.09 20.38
18 195.59 121.91 2.4
19 100.53 79.97 -0.34
20 125.08 76.05 0.07
21 295.03 83.51 18.78
22 299.27 99.89 20.22
23 30.15 16.94 -9.54
24 288.97 111.34 17.94
25 269.77 106.45 14.0
26 138.79 74.82 0.69
27 185.28 115.25 2.1
28 197.71 78.61 2.37
29 293.81 103.9 19.02
30 286.54 115.42 17.63
31 121.99 84.24 0.42
32 234.53 65.18 7.28
33 158.06 86.36 1.85
34 200.14 71.4 3.06
35 240.37 60.18 7.91
36 156.0 121.0 1.87
37 44.0 31.0 -4.85
38 243.0 55.0 4.67
39 93.0 140.0 -0.01
1 174.88 76.3 0.63
2 176.09 89.56 0.21
3 117.94 69.85 -2.23
4 162.74 119.17 0.34
5 165.99 87.39 0.46
6 191.88 120.6 0.5
7 119.53 75.42 -1.89
8 151.42 79.63 0.06
9 209.55 74.13 1.71
10 31.98 22.2 -12.54
11 170.49 49.41 0.62
12 169.41 92.25 0.25
13 146.03 74.02 0.01
14 185.71 89.05 0.62
15 161.72 124.87 0.3
16 197.69 122.83 0.48
17 101.36 79.23 -2.29
18 125.6 75.88 -1.16
19 27.13 13.31 -12.64
20 299.24 112.6 16.79
21 277.82 107.49 12.54
22 139.47 75.15 -0.07
23 187.07 115.91 0.32
24 199.77 78.79 0.56
25 304.59 104.93 19.35
26 296.57 116.63 16.52
27 122.87 84.02 -1.33
28 239.36 65.04 4.8
29 159.42 86.49 0.4
30 202.45 71.49 1.22
31 245.55 59.95 6.03
32 157.41 120.38 0.28
33 43.95 29.89 -10.0
34 244.92 53.39 6.07
35 93.87 139.83 -4.18
36 112.0 48.0 -0.53
37 240.0 40.0 2.25
38 246.0 11.0 3.37
39 283.0 46.0 6.45
1 175.7 75.15 -0.38
2 176.69 88.54 -0.53
3 116.5 67.32 -2.46
4 163.59 118.66 -0.71
5 166.65 86.38 -0.43
6 192.66 119.88 -0.23
7 118.19 74.09 -1.83
8 152.02 78.5 -1.13
9 211.02 72.41 0.75
10 24.77 18.18 -13.63
11 171.04 47.19 -0.14
12 169.88 91.21 -0.34
13 146.47 73.1 -0.93
14 186.49 87.86 -0.19
15 162.58 124.44 -0.7
16 198.49 122.11 -0.03
17 100.19 77.99 -3.3
18 125.23 75.22 -1.56
19 19.66 9.19 -13.63
20 285.47 105.44 12.75
21 139.63 74.27 -0.55
22 187.66 115.19 -0.25
23 200.32 78.44 0.17
24 122.53 83.3 -1.81
25 242.43 61.54 4.15
26 160.17 85.35 -0.67
27 203.54 70.21 0.66
28 249.53 55.87 5.73
29 158.06 119.96 -0.59
30 38.42 26.69 -11.3
31 248.83 49.17 5.8
32 92.71 140.59 -6.13
33 112.03 48.73 -2.48
34 240.66 40.18 3.91
35 247.05 10.84 5.47
36 284.46 46.21 12.15
37 246.0 57.0 2.76
38 246.0 36.0 2.43
39 123.0 42.0 -0.96
1 175.08 76.66 0.5
2 176.06 90.04 0.29
3 115.14 68.4 -2.66
4 162.86 120.25 0.1
5 166.11 87.87 0.24
6 192.33 121.57 0.38
7 116.88 75.49 -1.27
8 150.97 79.63 -0.16
9 211.12 73.94 2.0
10 170.67 48.18 0.56
11 169.49 92.69 0.13
12 145.61 74.5 -0.13
13 186.18 89.35 0.4
14 161.84 126.0 0.07
15 197.93 123.77 1.46
16 98.37 78.73 -2.94
17 124.2 76.73 -1.28
18 291.6 107.33 15.81
19 139.15 75.7 -0.14
20 187.36 116.8 0.26
21 200.1 79.61 1.15
22 121.25 84.46 -1.26
23 244.29 62.42 5.97
24 159.45 86.9 0.1
25 203.46 71.38 1.53
26 251.88 56.44 8.05
27 157.46 121.51 0.04
28 32.18 24.38 -11.87
29 251.32 49.53 8.07
30 89.14 142.9 -5.21
31 110.76 49.62 -2.38
32 242.3 40.65 5.65
33 249.69 9.85 7.82
34 290.57 45.35 14.76
35 246.18 56.89 6.5
36 246.16 35.8 5.95
37 122.49 41.83 -0.96
38 218.0 71.0 1.58
39 291.0 107.0 8.73
1 175.17 76.0 0.14
2 176.03 89.69 0.15
3 113.44 67.41 -2.9
4 162.73 120.03 -0.09
5 165.93 87.48 -0.07
6 192.36 121.48 0.26
7 116.18 75.33 -1.86
8 150.74 79.06 -0.13
9 211.77 73.41 1.72
10 170.73 46.95 0.4
11 169.4 92.39 -0.03
12 145.41 73.7 -0.16
13 186.25 89.03 0.16
14 161.68 125.79 -0.13
15 198.25 123.64 1.1
16 96.27 77.48 -3.76
17 123.41 76.58 -1.84
18 299.7 107.11 17.35
19 138.9 74.9 -0.6
20 187.38 116.67 0.11
21 200.36 79.47 0.83
22 120.45 83.77 -1.82
23 246.99 60.75 6.15
24 159.36 86.53 -0.09
25 204.08 70.84 1.06
26 255.86 53.92 8.38
27 157.26 121.32 -0.24
28 25.68 19.7 -13.55
29 255.34 46.91 8.39
30 85.89 143.61 -5.88
31 109.15 48.36 -3.08
32 245.02 38.25 5.48
33 298.27 41.4 15.94
34 249.28 55.0 6.64
35 248.93 33.36 6.31
36 121.78 40.42 -1.33
37 218.07 71.13 2.29
38 292.35 107.27 15.79
39 141.0 68.0 -0.42
1 175.47 74.53 0.27
2 176.31 88.4 0.42
3 112.23 65.69 -3.26
4 162.81 118.87 0.22
5 166.16 86.22 0.27
6 192.62 120.42 0.57
7 115.22 73.63 -1.67
8 150.74 77.44 0.0
9 213.2 71.73 1.73
10 171.16 44.6 0.35
11 169.51 91.06 0.21
12 145.41 72.26 -0.05
13 186.48 87.79 0.64
14 161.77 124.66 0.2
15 199.33 122.56 0.5
16 94.83 75.55 -3.6
17 122.62 74.94 -1.6
18 138.84 73.47 -0.47
19 187.54 115.55 0.73
20 201.22 77.89 0.52
21 119.64 82.12 -1.53
22 250.55 57.65 7.12
23 159.45 85.27 0.12
24 204.99 69.16 1.28
25 260.73 49.91 9.02
26 157.37 120.17 0.13
27 18.81 13.82 -14.47
28 260.24 42.75 9.2
29 82.62 143.42 -5.85
30 107.93 46.41 -3.28
31 248.5 34.25 6.25
32 253.05 51.77 7.51
33 252.79 28.87 7.19
34 121.19 37.6 -1.36
35 219.68 69.45 2.56
36 301.54 105.73 17.86
37 140.9 67.44 -0.23
38 265.0 24.0 5.79
39 163.0 107.0 0.44
40 157.0 98.0 0.47
1 175.32 72.68 0.31
2 176.07 86.83 0.35
3 109.91 64.03 -2.93
4 162.57 117.61 0.1
5 165.81 84.66 0.12
6 192.64 119.18 0.4
7 113.91 71.83 -1.65
8 150.53 75.7 -0.3
9 213.62 69.76 1.76
10 171.14 41.88 -0.09
11 169.34 89.51 0.13
12 145.14 70.52 -0.45
13 186.4 86.23 0.64
14 161.51 123.42 0.1
15 199.36 121.33 0.53
16 92.24 73.12 -3.9
17 121.28 73.02 -1.51
18 138.05 71.57 -0.64
19 187.51 114.37 0.6
20 201.2 76.48 0.61
21 118.34 80.23 -1.72
22 253.9 53.96 7.36
23 159.17 83.53 -0.0
24 205.21 67.41 1.31
25 265.11 45.64 9.45
26 156.95 118.92 0.11
27 264.62 38.2 9.68
28 78.76 143.38 -6.71
29 105.57 44.42 -3.12
30 251.57 30.0 6.69
31 256.55 47.95 7.94
32 256.27 24.1 7.29
33 120.04 34.75 -1.35
34 220.62 67.47 2.7
35 140.42 65.25 -0.42
36 266.24 22.35 9.77
37 162.95 106.32 0.03
38 156.94 97.35 0.02
1 175.68 71.68 0.07
2 176.7 86.3 0.0
3 108.72 63.33 -3.57
4 163.02 117.43 -0.22
5 166.37 84.08 -0.25
6 193.23 118.9 0.31
7 113.42 70.94 -2.17
8 150.7 74.7 -0.57
9 214.96 68.88 1.59
10 171.21 40.31 0.17
11 169.68 88.94 -0.08
12 145.29 69.51 -0.69
13 187.11 85.61 0.11
14 161.95 123.22 -0.21
15 199.91 121.21 0.69
16 90.62 71.84 -4.61
17 120.81 72.0 -1.79
18 138.18 70.6 -0.91
19 188.28 114.08 0.14
20 201.79 76.65 0.53
21 117.84 79.2 -1.92
22 258.36 50.89 7.29
23 159.51 83.01 -0.23
24 206.31 66.82 0.93
25 270.61 41.87 10.33
26 157.49 118.66 -0.31
27 270.26 34.14 10.4
28 75.86 144.52 -8.53
29 104.35 43.04 -3.64
30 255.56 26.12 6.87
31 261.45 44.54 8.22
32 260.65 19.74 7.52
33 119.67 32.78 -1.94
34 222.53 66.5 2.21
35 140.56 64.16 -0.68
36 271.88 17.5 10.09
37 163.41 105.72 -0.26
38 157.4 96.55 -0.27
39 204.0 119.0 0.85
1 175.65 70.89 0.46
2 176.54 85.65 0.57
3 106.67 62.35 -3.28
4 162.75 117.11 0.25
5 166.03 83.58 0.36
6 193.26 118.72 1.13
7 112.04 70.01 -2.18
8 150.32 73.75 -0.25
9 215.79 68.13 2.01
10 171.17 38.47 0.59
11 169.55 88.35 0.21
12 144.77 68.47 -0.25
13 187.09 85.13 0.6
14 161.71 122.9 0.22
15 200.24 121.04 1.31
16 88.02 70.32 -4.44
17 119.7 71.31 -1.81
18 137.45 69.68 -0.42
19 188.2 113.79 0.75
20 202.09 76.22 1.3
21 116.56 78.21 -1.73
22 262.24 47.93 8.24
23 159.3 82.37 0.12
24 206.83 65.74 1.41
25 275.98 37.9 11.25
26 157.13 118.39 0.16
27 275.78 29.53 11.46
28 70.73 145.97 -8.51
29 102.08 40.98 -3.4
30 258.9 22.47 7.79
31 265.72 41.24 9.31
32 264.49 15.52 8.2
33 118.61 30.5 -1.6
34 223.67 65.67 2.6
35 140.08 63.15 -0.32
36 277.39 12.45 11.12
37 163.08 105.35 0.3
38 157.09 96.05 0.18
39 204.36 119.13 1.51
40 168.0 115.0 0.19
41 275.0 38.0 5.58
42 286.0 31.0 6.94
1 175.91 70.63 1.05
2 176.87 85.62 0.83
3 104.84 62.02 -3.3
4 162.96 117.36 0.52
5 166.28 83.59 0.51
6 193.77 118.89 1.37
7 111.16 69.26 -1.86
8 150.24 73.38 0.21
9 216.98 67.74 2.53
10 171.48 37.31 0.95
11 169.69 88.33 0.59
12 144.67 68.17 0.16
13 187.38 85.07 1.16
14 161.87 123.16 0.58
15 200.6 121.16 2.16
16 85.37 69.48 -4.32
17 118.87 70.48 -1.37
18 137.3 69.5 -0.06
19 188.6 114.02 1.18
20 202.54 76.08 1.51
21 115.75 77.57 -1.29
22 266.68 45.34 9.23
23 159.41 82.32 0.29
24 207.48 65.73 1.87
25 282.1 34.18 12.92
26 157.26 118.57 0.45
27 281.77 25.57 13.23
28 66.29 148.06 -8.62
29 100.33 39.42 -3.11
30 263.0 18.79 8.77
31 270.78 38.06 10.53
32 269.06 11.38 9.54
33 117.73 28.75 -1.21
34 225.03 65.3 3.54
35 139.96 62.74 0.11
36 163.31 105.38 0.53
37 157.23 95.93 0.43
38 204.93 119.23 2.2
39 168.15 115.23 0.48
40 276.14 37.39 11.49
41 287.21 30.37 14.02
42 176.0 36.0 0.63
1 176.31 69.42 0.67
2 177.25 84.65 0.4
3 103.03 60.36 -3.92
4 163.06 116.59 0.19
5 166.45 82.61 0.11
6 194.55 118.24 0.74
7 109.63 67.44 -1.93
8 150.17 71.93 -0.35
9 218.23 66.8 2.21
10 171.85 35.18 0.53
11 169.83 87.33 0.16
12 144.58 66.72 -0.35
13 187.94 84.16 0.55
14 162.03 122.43 0.21
15 201.92 120.41 1.07
16 83.19 67.74 -5.74
17 117.77 68.66 -1.41
18 137.05 68.29 -0.63
19 189.18 113.28 0.6
20 203.43 75.54 1.03
21 114.72 76.04 -1.6
22 271.46 41.8 9.58
23 159.49 81.3 0.06
24 208.44 64.68 1.57
25 289.09 28.99 12.9
26 157.34 117.77 0.06
27 288.97 19.88 12.92
28 61.5 148.96 -10.64
29 98.34 37.9 -4.56
30 267.67 13.91 8.58
31 276.29 33.75 10.25
32 274.02 6.47 9.19
33 116.98 26.15 -1.97
34 226.74 64.23 2.92
35 139.83 61.25 -0.38
36 163.45 104.61 0.14
37 157.36 95.02 0.08
38 206.32 118.43 0.97
39 168.25 114.45 0.17
40 282.19 32.91 11.41
41 294.7 24.78 13.96
42 176.14 35.5 0.44
43 198.0 76.0 0.06
44 202.0 92.0 0.06
1 176.9 68.9 0.57
2 177.69 84.6 0.67
3 101.25 60.16 -3.31
4 163.4 116.71 0.68
5 166.69 82.53 0.69
6 195.08 118.49 1.27
7 109.07 66.75 -2.38
8 150.34 71.53 0.04
9 219.71 66.59 2.51
10 172.47 33.57 0.48
11 170.19 87.25 0.6
12 144.71 66.39 -0.02
13 188.52 84.05 0.5
14 162.36 122.56 0.7
15 202.74 120.65 1.45
16 80.71 67.1 -5.33
17 117.36 68.05 -1.49
18 137.07 67.95 -0.32
19 189.75 113.45 1.05
20 204.04 75.61 1.45
21 114.29 75.5 -1.53
22 277.2 38.81 10.27
23 159.65 81.17 0.44
24 209.42 64.38 1.84
25 296.42 24.76 13.99
26 157.6 117.98 0.61
27 296.39 15.22 14.07
28 56.27 151.22 -10.85
29 96.53 36.78 -4.01
30 273.11 9.57 8.42
31 282.33 30.26 11.18
32 116.42 24.35 -1.88
33 228.81 64.04 3.51
34 139.95 60.73 -0.08
35 163.74 104.67 0.74
36 157.55 94.86 0.64
37 207.1 118.66 1.34
38 168.55 114.56 0.77
39 288.8 29.04 12.22
40 302.77 20.07 15.54
41 176.68 33.96 0.54
42 197.98 76.14 0.8
43 201.99 92.19 1.19
1 177.01 68.71 0.41
2 177.72 84.59 0.55
3 98.56 59.9 -2.53
4 163.44 116.92 0.52
5 166.66 82.51 0.49
6 195.4 118.64 0.91
7 107.54 66.16 -2.58
8 149.91 71.23 -0.05
9 220.78 66.03 2.35
10 172.46 32.49 0.38
11 170.12 87.24 0.52
12 144.3 66.05 -0.14
13 188.63 84.07 0.33
14 162.46 122.76 0.53
15 203.43 120.78 1.23
16 77.16 66.8 -5.45
17 116.26 67.54 -1.88
18 136.48 67.76 -0.3
19 189.99 113.57 0.93
20 204.83 75.21 1.03
21 112.98 74.91 -1.53
22 282.33 35.58 10.31
23 159.64 81.04 0.18
24 210.33 63.95 1.55
25 303.52 20.23 14.02
26 157.58 118.19 0.5
27 303.62 9.96 14.11
28 50.02 153.85 -12.2
29 93.45 36.54 -4.13
30 277.23 5.66 8.66
31 287.97 26.34 11.68
32 114.97 22.49 -1.5
33 230.4 63.37 2.96
34 139.52 60.44 -0.16
35 163.76 104.89 0.56
36 157.53 94.96 0.4
37 207.66 118.85 1.33
38 168.62 114.72 0.59
39 295.11 24.97 12.56
40 176.66 32.87 0.45
41 198.33 76.21 0.42
42 202.31 92.37 0.94
43 107.0 74.0 -1.58
44 287.0 23.0 5.44
1 177.64 69.26 0.52
2 178.47 85.3 0.22
3 97.67 59.43 -3.21
4 164.26 117.94 0.21
5 167.56 83.12 0.24
6 196.39 119.66 0.96
7 106.71 66.27 -3.31
8 150.48 71.5 -0.28
9 222.52 66.39 2.32
10 173.15 31.95 0.28
11 171.01 87.78 0.36
12 144.79 66.49 -0.42
13 189.23 84.73 0.32
14 163.28 123.78 0.24
15 204.48 121.74 1.95
16 74.9 67.51 -6.62
17 115.8 67.75 -1.96
18 136.82 68.4 -0.57
19 190.99 114.53 0.58
20 205.69 75.25 1.59
21 112.76 75.25 -1.53
22 288.44 32.78 11.27
23 160.26 81.42 0.09
24 211.5 64.35 1.66
25 158.33 119.21 0.11
26 44.22 157.53 -13.71
27 92.04 36.9 -4.95
28 294.83 22.49 12.63
29 114.44 21.65 -1.94
30 232.78 63.62 2.78
31 139.97 60.71 -0.44
32 164.62 105.82 0.16
33 158.34 95.57 0.14
34 208.72 119.81 2.01
35 169.48 115.73 0.16
36 302.51 21.09 13.38
37 177.35 32.43 0.29
38 198.92 77.11 0.95
39 203.29 93.25 1.11
40 107.0 73.92 -2.71
41 288.1 22.06 11.5
42 229.0 68.0 1.95
43 286.0 32.0 6.86
1 177.55 70.27 0.87
2 178.41 86.44 0.4
3 95.75 60.27 -3.35
4 164.15 119.33 0.36
5 167.37 84.4 0.51
6 196.45 121.01 1.27
7 104.82 66.69 -3.18
8 149.93 72.56 0.05
9 223.42 67.07 2.84
10 172.91 32.21 0.98
11 170.82 89.08 0.69
12 144.2 67.4 -0.03
13 189.17 85.96 0.65
14 163.23 125.21 0.3
15 205.26 122.97 1.79
16 71.04 68.76 -6.45
17 114.28 68.42 -1.04
18 136.2 69.47 -0.37
19 191.16 115.8 0.45
20 206.14 75.96 1.65
21 111.43 75.8 -1.07
22 294.1 30.32 13.16
23 159.97 82.6 0.4
24 212.21 64.71 1.68
25 158.2 120.59 0.23
26 36.67 161.91 -14.95
27 89.0 38.06 -5.16
28 300.96 19.09 15.05
29 113.25 21.67 -1.91
30 233.65 64.41 3.97
31 139.38 61.47 -0.02
32 164.52 107.08 0.28
33 158.13 96.68 0.37
34 209.5 120.92 1.88
35 169.37 117.1 0.27
36 177.18 32.62 0.98
37 199.04 78.32 1.14
38 203.38 93.54 1.3
39 105.38 74.38 -2.52
40 293.71 19.06 13.5
41 229.38 68.07 3.11
42 287.48 31.26 12.67
43 298.0 21.0 7.48
44 206.0 70.0 0.39
1 178.47 69.62 -3.59
2 179.01 86.08 -4.05
3 94.16 58.99 -7.68
4 164.62 119.04 -4.21
5 168.01 83.8 -3.79
6 197.57 120.82 -4.09
7 103.27 65.43 -7.86
8 150.43 71.59 -4.49
9 225.61 65.94 -1.81
10 173.76 30.46 -3.41
11 171.63 88.61 -3.84
12 144.57 66.48 -4.47
13 189.82 85.58 -3.69
14 163.63 124.95 -4.14
15 206.48 122.8 -3.41
16 67.74 67.69 -11.81
17 113.94 67.48 -5.18
18 136.42 68.83 -4.77
19 191.6 115.56 -3.91
20 207.52 75.43 -2.23
21 111.28 75.01 -6.19
22 301.46 25.92 9.09
23 160.57 81.76 -3.95
24 213.38 64.51 -1.82
25 158.57 120.36 -4.23
26 29.11 164.64 -20.28
27 86.32 40.2 -10.27
28 112.5 19.28 -6.33
29 236.51 63.27 -1.41
30 139.7 60.47 -4.33
31 164.94 106.64 -4.11
32 158.67 96.19 -4.15
33 210.78 120.72 -3.43
34 169.74 116.82 -4.2
35 178.06 30.87 -3.53
36 200.14 78.26 -3.55
37 204.62 93.39 -3.76
38 104.21 72.86 -7.32
39 231.77 66.97 -1.99
40 294.55 27.0 8.41
41 299.76 19.58 9.37
42 206.23 69.87 -3.36
43 242.0 69.0 -2.35
1 178.47 69.35 -3.91
2 178.84 86.16 -4.1
3 92.08 58.57 -4.66
4 164.51 119.5 -3.88
5 167.87 83.91 -3.81
6 197.72 121.33 -4.04
7 101.27 64.89 -5.36
8 149.89 71.32 -3.87
9 226.48 65.62 -3.96
10 173.84 28.92 -3.92
11 171.49 88.69 -3.76
12 144.1 66.21 -3.95
13 189.84 85.65 -3.97
14 163.51 125.45 -3.81
15 207.21 123.35 -4.0
16 112.99 67.29 -4.2
17 135.75 68.81 -4.08
18 191.62 116.0 -3.93
19 207.83 75.03 -4.19
20 110.14 74.69 -4.55
21 308.35 21.56 -1.26
22 160.36 81.92 -3.85
23 214.01 63.92 -3.99
24 158.41 120.82 -3.86
25 20.02 168.49 -9.87
26 83.04 40.7 -5.98
27 111.16 17.37 -4.79
28 238.19 62.79 -4.12
29 139.3 60.3 -3.91
30 164.79 106.78 -3.85
31 158.46 96.28 -3.87
32 211.52 121.33 -4.06
33 169.64 117.29 -3.94
34 178.11 29.41 -3.93
35 200.23 78.33 -4.12
36 204.73 93.17 -4.0
37 102.51 72.19 -5.02
38 232.84 66.65 -4.31
39 301.1 22.81 -1.48
40 306.67 14.82 -1.22
41 206.48 69.48 -4.3
42 242.46 68.74 -4.02
1 174.26 64.47 0.85
2 174.57 81.3 0.59
3 85.84 52.52 1.01
4 160.45 114.7 0.49
5 163.71 79.02 0.62
6 193.58 116.57 0.61
7 94.6 58.86 1.05
8 145.45 66.15 0.79
9 223.18 60.98 0.4
10 169.35 23.45 1.06
11 167.41 83.89 0.62
12 139.51 60.94 0.75
13 185.86 80.79 0.66
14 159.55 120.49 0.48
15 203.17 118.92 0.16
16 107.75 62.04 0.96
17 131.14 63.75 0.56
18 187.64 111.36 0.6
19 203.68 71.45 0.25
20 104.67 69.12 0.85
21 308.87 14.03 0.03
22 156.11 77.38 0.7
23 210.12 59.24 0.1
24 154.36 116.09 0.37
25 9.48 165.25 0.6
26 74.71 41.9 1.66
27 104.78 10.1 1.14
28 234.71 57.96 0.29
29 134.71 55.17 0.77
30 160.72 102.28 0.61
31 154.25 91.22 0.65
32 207.45 116.88 0.06
33 165.57 112.51 0.37
34 173.64 23.48 0.98
35 196.26 73.59 0.4
36 200.74 87.98 0.62
37 96.33 66.01 1.0
38 229.35 62.07 0.33
39 301.45 15.35 -0.09
40 307.43 6.81 -0.04
41 202.47 64.59 0.34
42 239.07 63.21 0.41
1 174.69 73.01 0.4
2 174.86 89.7 0.33
3 87.31 61.47 -0.15
4 160.69 122.7 0.28
5 164.11 87.46 0.26
6 193.7 124.56 0.5
7 95.86 67.63 -0.07
8 146.1 75.15 0.27
9 222.68 69.82 0.98
10 170.09 32.8 0.81
11 167.79 92.32 0.33
12 140.18 69.65 0.16
13 186.02 89.28 0.58
14 159.72 128.47 0.29
15 203.22 126.75 0.11
16 108.77 71.16 0.15
17 131.67 72.59 0.08
18 187.75 119.48 0.51
19 203.66 80.27 0.36
20 105.57 78.15 0.07
21 307.51 23.25 1.44
22 156.6 85.56 0.29
23 210.05 68.22 0.25
24 154.66 124.1 0.06
25 10.0 173.41 0.07
26 106.34 19.38 -0.14
27 234.39 66.95 0.59
28 135.41 64.24 0.12
29 161.03 110.45 0.36
30 154.67 99.24 0.33
31 207.46 124.7 0.07
32 165.73 120.59 0.24
33 174.3 32.89 0.55
34 196.18 82.6 0.55
35 200.75 96.71 0.69
36 97.47 75.08 -0.03
37 228.77 71.09 1.02
38 300.15 24.82 1.31
39 305.87 16.94 1.58
40 202.27 73.84 0.61
41 238.58 72.61 0.98
1 175.16 68.75 0.0
2 175.21 85.98 0.02
3 87.16 57.49 0.05
4 160.98 119.28 0.05
5 164.38 83.69 0.04
6 194.22 121.03 0.08
7 95.83 63.65 -0.01
8 146.43 70.91 0.01
9 223.68 65.78 -0.02
10 170.97 27.78 0.01
11 168.17 88.49 0.02
12 140.4 65.56 -0.02
13 186.63 85.55 0.02
14 159.99 125.0 0.09
15 203.31 123.07 0.04
16 108.93 67.22 0.02
17 131.81 68.62 0.03
18 188.26 116.03 0.09
19 204.07 76.81 0.01
20 105.68 74.09 0.04
21 309.06 18.3 -0.01
22 156.93 81.6 0.02
23 210.29 65.04 0.02
24 154.71 120.62 0.03
25 10.16 169.62 0.12
26 106.24 14.12 0.01
27 235.15 62.85 -0.06
28 135.58 60.19 0.0
29 161.42 107.34 0.05
30 155.01 95.43 0.02
31 207.5 120.97 0.04
32 165.99 117.17 0.06
33 174.9 27.86 0.01
34 196.77 79.04 -0.01
35 201.45 92.83 0.02
36 97.47 70.96 0.01
37 229.79 67.06 0.0
38 301.58 19.88 -0.02
39 307.55 11.71 -0.06
40 202.94 70.4 -0.01
41 239.63 68.31 -0.01
1 175.1 68.73 0.08
2 175.25 85.89 -0.03
3 87.09 57.43 0.1
4 160.99 119.2 0.04
5 164.37 83.63 0.04
6 194.24 120.92 0.05
7 95.78 63.56 0.08
8 146.38 70.79 0.07
9 223.66 65.68 0.02
10 170.94 27.7 0.08
11 168.14 88.4 0.04
12 140.36 65.45 0.04
13 186.63 85.47 0.06
14 160.02 124.91 0.06
15 203.34 122.92 0.01
16 108.91 67.14 0.06
17 131.8 68.52 0.02
18 188.27 115.96 0.06
19 204.03 76.8 0.04
20 105.66 73.99 0.04
21 309.01 18.27 -0.02
22 156.9 81.51 0.04
23 210.29 64.91 0.01
24 154.73 120.51 -0.01
25 10.25 169.57 0.02
26 106.22 14.08 0.06
27 235.02 62.81 0.05
28 135.55 60.09 0.05
29 161.42 107.28 0.07
30 154.99 95.54 0.04
31 207.53 120.82 0.04
32 166.0 117.09 0.03
33 174.87 27.76 0.07
34 196.73 78.94 0.02
35 201.46 92.77 0.02
36 97.44 70.88 0.04
37 229.77 66.88 0.02
38 301.47 19.89 -0.01
39 307.46 11.69 0.02
40 202.86 70.36 0.04
41 239.57 68.25 0.04
1 175.17 68.72 0.01
2 175.21 85.95 0.0
3 87.19 57.44 0.03
4 161.03 119.24 0.01
5 164.4 83.69 0.02
6 194.27 121.04 -0.01
7 95.83 63.55 0.01
8 146.45 70.86 0.01
9 223.68 65.7 0.01
10 170.98 27.79 0.03
11 168.17 88.47 0.01
12 140.4 65.5 -0.0
13 186.65 85.51 0.01
14 160.06 124.95 -0.01
15 203.33 123.03 0.02
16 109.0 67.16 -0.05
17 131.85 68.58 -0.01
18 188.3 116.07 0.04
19 204.07 76.85 0.01
20 105.73 74.09 -0.05
21 309.02 18.25 0.05
22 156.94 81.49 0.01
23 210.3 65.04 0.03
24 154.73 120.57 0.01
25 10.23 169.62 0.09
26 106.28 14.19 -0.04
27 235.1 62.84 0.01
28 135.61 60.09 0.0
29 161.46 107.29 0.01
30 155.02 95.54 0.01
31 207.53 120.92 0.03
32 166.04 117.13 0.01
33 174.91 27.86 0.01
34 196.76 79.06 0.0
35 201.48 92.8 -0.0
36 97.47 70.93 0.01
37 229.8 66.92 0.0
38 301.5 19.84 0.05
39 307.48 11.7 0.05
40 202.92 70.43 0.0
41 239.61 68.33 -0.02
1 175.16 68.7 0.01
2 175.24 85.91 0.02
3 87.23 57.48 -0.01
4 161.03 119.24 -0.0
5 164.41 83.66 -0.0
6 194.29 120.95 -0.01
7 95.85 63.56 -0.02
8 146.47 70.81 -0.01
9 223.66 65.7 0.04
10 170.96 27.79 0.03
11 168.19 88.44 0.0
12 140.4 65.49 -0.0
13 186.67 85.46 0.0
14 160.05 124.95 -0.01
15 203.35 122.95 0.02
16 108.99 67.17 0.02
17 131.85 68.56 -0.0
18 188.31 115.94 0.03
19 204.07 76.79 -0.0
20 105.71 74.05 0.02
21 309.04 18.23 0.0
22 156.96 81.45 -0.01
23 210.33 64.99 -0.03
24 154.72 120.55 0.0
25 10.28 169.48 0.0
26 106.3 14.28 -0.03
27 235.09 62.84 -0.01
28 135.6 60.07 -0.01
29 161.47 107.2 0.02
30 155.03 95.51 -0.01
31 207.57 120.84 0.02
32 166.05 117.12 0.0
33 174.89 27.85 0.01
34 196.75 78.97 -0.01
35 201.48 92.75 -0.01
36 97.49 70.93 0.01
37 229.77 66.94 0.03
38 301.54 19.81 -0.03
39 307.51 11.69 0.03
40 202.95 70.4 -0.04
41 239.61 68.27 -0.03
[INFO] [WallTime: 1432308092.498382] Stop TurtleBot
1 175.17 68.7 -0.01
2 175.22 85.92 0.08
3 87.17 57.51 0.08
4 161.04 119.26 -0.0
5 164.42 83.64 -0.01
6 194.28 120.98 -0.03
7 95.83 63.58 0.02
8 146.46 70.84 0.01
9 223.69 65.67 -0.03
10 170.98 27.76 -0.02
11 168.19 88.45 0.0
12 140.4 65.51 0.01
13 186.66 85.49 0.01
14 160.1 124.97 -0.02
15 203.35 123.02 0.0
16 108.94 67.14 0.03
17 131.84 68.57 0.02
18 188.34 115.97 0.01
19 204.07 76.84 -0.0
20 105.69 74.03 0.02
21 309.03 18.22 0.04
22 156.96 81.52 0.03
23 210.32 64.95 -0.03
24 154.73 120.59 0.0
25 10.29 169.49 -0.01
26 106.28 14.18 -0.01
27 235.09 62.85 0.01
28 135.59 60.1 0.02
29 161.48 107.22 -0.01
30 155.03 95.59 -0.02
31 207.57 120.88 0.01
32 166.06 117.13 -0.0
33 174.9 27.82 -0.03
34 196.75 78.97 -0.0
35 201.49 92.8 -0.02
36 97.48 70.9 0.02
37 229.78 66.91 -0.03
38 301.53 19.81 -0.02
39 307.5 11.68 0.05
40 202.91 70.38 0.01
41 239.6 68.25 0.04
1 175.15 68.72 0.03
2 175.3 85.94 0.03
3 87.2 57.49 0.01
4 161.01 119.26 0.02
5 164.42 83.66 -0.03
6 194.26 121.01 -0.01
7 95.85 63.57 0.0
8 146.45 70.9 0.01
9 223.69 65.7 0.0
10 171.04 27.79 -0.05
11 168.19 88.45 -0.0
12 140.4 65.53 0.01
13 186.66 85.52 -0.0
14 160.04 124.97 0.03
15 203.35 123.03 0.03
16 108.97 67.17 -0.02
17 131.84 68.59 0.0
18 188.32 116.02 0.02
19 204.07 76.88 -0.0
20 105.72 74.08 -0.03
21 309.07 18.26 0.0
22 156.94 81.48 0.01
23 210.3 64.98 0.01
24 154.72 120.59 -0.0
25 10.29 169.55 -0.0
26 106.26 14.21 0.0
27 235.13 62.85 -0.03
28 135.59 60.1 0.01
29 161.46 107.25 0.02
30 155.01 95.62 -0.0
31 207.57 120.89 0.02
32 166.02 117.13 0.02
33 174.94 27.86 -0.05
34 196.74 79.05 -0.0
35 201.46 92.77 0.01
36 97.51 70.93 -0.0
37 229.79 66.94 0.0
38 301.55 19.81 0.02
39 307.54 11.71 -0.02
40 202.91 70.42 0.01
41 239.64 68.28 0.02
1 175.17 68.73 0.01
2 175.32 85.93 -0.02
3 87.18 57.52 0.08
4 161.04 119.25 -0.01
5 164.4 83.65 0.0
6 194.26 120.99 -0.03
7 95.84 63.58 0.02
8 146.47 70.89 0.0
9 223.68 65.69 -0.02
10 171.0 27.78 0.01
11 168.19 88.43 -0.01
12 140.41 65.51 0.0
13 186.65 85.48 0.04
14 160.07 124.98 0.0
15 203.36 123.04 0.0
16 108.98 67.14 -0.03
17 131.84 68.59 0.01
18 188.34 115.98 -0.04
19 204.08 76.82 -0.0
20 105.72 74.07 -0.02
21 309.08 18.25 -0.01
22 156.95 81.55 -0.0
23 210.33 64.98 -0.01
24 154.74 120.6 0.01
25 10.3 169.44 0.01
26 106.27 14.22 -0.02
27 235.12 62.85 0.02
28 135.61 60.1 -0.0
29 161.48 107.16 -0.01
30 155.02 95.59 0.01
31 207.57 120.91 0.01
32 166.07 117.1 -0.03
33 174.9 27.85 0.01
34 196.73 79.02 0.0
35 201.47 92.84 -0.01
36 97.5 70.92 0.0
37 229.79 66.92 0.01
38 301.59 19.79 -0.02
39 307.52 11.72 -0.06
40 202.94 70.38 -0.0
41 239.66 68.28 0.02
1 175.18 68.71 -0.0
2 175.29 85.93 0.08
3 87.17 57.53 0.09
4 161.01 119.29 0.02
5 164.42 83.64 0.0
6 194.24 120.98 -0.0
7 95.83 63.62 0.03
8 146.47 70.91 -0.01
9 223.69 65.64 -0.01
10 171.01 27.78 -0.04
11 168.19 88.44 -0.0
12 140.41 65.51 -0.01
13 186.66 85.5 0.02
14 160.05 125.01 -0.01
15 203.36 123.02 -0.01
16 108.99 67.18 -0.03
17 131.85 68.62 0.01
18 188.35 116.0 -0.01
19 204.07 76.82 -0.0
20 105.75 74.09 -0.05
21 309.09 18.24 -0.03
22 156.93 81.49 0.02
23 210.31 65.01 0.01
24 154.71 120.59 0.04
25 10.37 169.4 -0.04
26 106.23 14.16 0.07
27 235.13 62.88 -0.0
28 135.61 60.11 -0.01
29 161.47 107.22 -0.0
30 155.02 95.61 0.01
31 207.57 120.93 0.02
32 166.03 117.15 0.02
33 174.91 27.85 -0.04
34 196.73 79.02 0.0
35 201.46 92.86 -0.01
36 97.49 70.91 0.02
37 229.81 66.91 -0.01
38 301.6 19.78 -0.05
39 307.51 11.67 -0.06
40 202.92 70.38 0.02
41 239.66 68.34 -0.04
1 175.18 68.7 0.01
2 175.35 85.93 -0.02
3 87.25 57.5 0.0
4 161.04 119.26 -0.01
5 164.43 83.62 0.0
6 194.24 121.0 -0.01
7 95.85 63.6 0.0
8 146.46 70.89 -0.01
9 223.69 65.67 0.0
10 170.98 27.78 0.03
11 168.2 88.43 -0.01
12 140.4 65.49 -0.02
13 186.65 85.49 0.01
14 160.05 124.96 0.02
15 203.36 123.07 0.0
16 108.99 67.13 0.03
17 131.84 68.61 0.01
18 188.33 115.98 0.02
19 204.06 76.82 0.0
20 105.71 74.08 0.01
21 309.11 18.27 -0.01
22 156.96 81.48 -0.02
23 210.32 65.02 -0.03
24 154.76 120.58 -0.02
25 10.31 169.56 -0.05
26 106.25 14.19 0.01
27 235.1 62.86 0.01
28 135.6 60.08 -0.03
29 161.47 107.28 0.01
30 155.03 95.68 -0.01
31 207.58 120.94 0.02
32 166.05 117.14 -0.0
33 174.89 27.84 0.0
34 196.73 79.02 0.01
35 201.47 92.9 -0.02
36 97.51 70.94 0.01
37 229.79 66.9 0.01
38 301.62 19.84 -0.03
39 307.48 11.71 -0.02
40 202.92 70.41 0.0
41 239.64 68.31 -0.03
1 175.18 68.71 0.01
2 175.33 85.94 0.02
3 87.2 57.46 0.07
4 161.02 119.28 0.0
5 164.41 83.66 0.02
6 194.23 121.02 0.03
7 95.85 63.56 0.01
8 146.46 70.91 0.0
9 223.69 65.7 -0.0
10 170.99 27.8 0.02
11 168.18 88.46 0.01
12 140.39 65.52 0.0
13 186.66 85.49 -0.0
14 160.03 125.01 -0.01
15 203.33 123.04 0.03
16 108.99 67.14 0.03
17 131.83 68.62 0.02
18 188.32 115.99 0.0
19 204.06 76.86 0.0
20 105.72 74.07 -0.01
21 309.1 18.25 -0.06
22 156.94 81.52 -0.01
23 210.31 65.04 -0.01
24 154.72 120.61 0.01
25 10.27 169.43 -0.05
26 106.27 14.24 0.03
27 235.1 62.88 0.0
28 135.6 60.11 -0.0
29 161.45 107.25 0.02
30 155.02 95.52 0.01
31 207.58 120.94 0.02
32 166.03 117.16 0.01
33 174.89 27.87 0.01
34 196.73 79.05 0.0
35 201.44 92.85 0.0
36 97.51 70.91 0.01
37 229.8 66.97 -0.02
38 301.53 19.83 0.02
39 307.46 11.73 -0.02
40 202.92 70.45 0.02
41 239.63 68.37 -0.04
1 175.18 68.73 0.01
2 175.31 85.95 -0.04
3 87.27 57.55 -0.07
4 161.01 119.26 0.01
5 164.43 83.64 0.0
6 194.24 121.0 -0.02
7 95.85 63.58 -0.03
8 146.47 70.93 -0.01
9 223.68 65.73 -0.01
10 171.0 27.79 0.03
11 168.18 88.47 0.0
12 140.4 65.53 0.0
13 186.66 85.47 -0.02
14 159.99 124.99 0.05
15 203.36 123.09 -0.01
16 108.93 67.12 0.07
17 131.85 68.61 0.01
18 188.35 115.98 -0.06
19 204.08 76.88 -0.02
20 105.68 74.07 0.04
21 309.08 18.31 -0.07
22 156.96 81.55 -0.0
23 210.29 65.05 -0.01
24 154.74 120.6 -0.0
25 10.26 169.31 -0.01
26 106.29 14.24 -0.01
27 235.11 62.91 0.02
28 135.6 60.1 0.0
29 161.46 107.19 0.01
30 155.03 95.5 -0.01
31 207.58 121.0 0.01
32 166.04 117.11 0.0
33 174.89 27.88 0.01
34 196.74 79.07 -0.01
35 201.43 92.9 0.02
36 97.51 70.92 -0.02
37 229.8 66.96 -0.04
38 301.54 19.84 -0.05
39 307.43 11.73 0.01
40 202.94 70.44 -0.02
41 239.6 68.34 -0.03
1 175.19 68.73 0.01
2 175.32 85.96 0.03
3 87.17 57.58 0.04
4 161.04 119.28 0.01
5 164.43 83.67 -0.0
6 194.26 121.03 0.0
7 95.84 63.6 0.01
8 146.46 70.92 -0.0
9 223.69 65.7 -0.0
10 171.03 27.8 -0.01
11 168.19 88.49 -0.0
12 140.4 65.51 -0.0
13 186.65 85.47 0.01
14 160.02 124.99 0.01
15 203.36 123.07 -0.03
16 109.0 67.13 0.01
17 131.86 68.62 -0.01
18 188.34 115.95 -0.02
19 204.07 76.81 0.01
20 105.7 74.05 -0.01
21 309.06 18.27 -0.07
22 156.95 81.57 -0.01
23 210.3 65.04 -0.03
24 154.73 120.61 0.02
25 10.28 169.23 -0.08
26 106.26 14.23 -0.01
27 235.11 62.86 0.01
28 135.59 60.07 0.01
29 161.46 107.29 0.01
30 155.02 95.61 -0.01
31 207.6 120.93 -0.0
32 166.05 117.12 0.0
33 174.91 27.87 -0.0
34 196.74 79.04 0.02
35 201.45 92.86 0.01
36 97.51 70.94 -0.01
37 229.78 66.96 -0.02
38 301.54 19.8 -0.06
39 307.42 11.66 -0.02
40 202.93 70.39 0.01
41 239.6 68.38 -0.06
1 175.18 68.71 0.01
2 175.35 85.95 0.0
3 87.24 57.56 0.06
4 161.03 119.29 0.01
5 164.42 83.69 0.02
6 194.26 120.99 -0.02
7 95.85 63.58 0.02
8 146.46 70.91 0.01
9 223.69 65.71 0.01
10 171.02 27.8 -0.01
11 168.19 88.47 -0.0
12 140.41 65.5 -0.01
13 186.66 85.48 -0.04
14 160.04 125.01 -0.01
15 203.34 123.06 -0.02
16 108.98 67.15 -0.01
17 131.86 68.59 -0.01
18 188.33 115.94 0.0
19 204.07 76.8 0.01
20 105.69 74.09 -0.02
21 309.03 18.34 -0.09
22 156.94 81.58 0.01
23 210.28 65.07 -0.02
24 154.73 120.62 0.01
25 10.17 169.33 -0.03
26 106.26 14.22 -0.04
27 235.09 62.92 0.02
28 135.61 60.08 -0.02
29 161.47 107.28 -0.01
30 155.02 95.69 0.01
31 207.6 120.95 -0.02
32 166.04 117.12 0.0
33 174.89 27.88 0.0
34 196.75 79.04 -0.01
35 201.44 92.91 0.0
36 97.49 70.93 0.01
37 229.76 66.96 -0.01
38 301.5 19.95 -0.07
39 307.43 11.68 -0.05
40 202.92 70.36 0.02
41 239.55 68.41 0.02
1 175.2 68.72 -0.01
2 175.34 85.96 0.02
3 87.25 57.54 -0.01
4 161.03 119.32 -0.02
5 164.42 83.66 -0.01
6 194.24 121.01 -0.01
7 95.85 63.57 0.0
8 146.46 70.9 -0.0
9 223.7 65.71 -0.02
10 171.01 27.83 -0.0
11 168.18 88.46 -0.0
12 140.39 65.5 -0.0
13 186.65 85.5 0.01
14 160.02 125.05 -0.03
15 203.32 123.08 0.01
16 108.98 67.13 0.03
17 131.85 68.63 -0.02
18 188.34 115.94 0.01
19 204.08 76.81 0.0
20 105.68 74.06 -0.01
21 309.0 18.34 -0.04
22 156.93 81.55 -0.01
23 210.27 65.07 -0.02
24 154.74 120.64 -0.02
25 10.25 169.29 -0.2
26 106.26 14.21 0.04
27 235.13 62.85 -0.01
28 135.61 60.11 -0.01
29 161.48 107.29 -0.01
30 155.03 95.63 -0.01
31 207.6 120.98 0.0
32 166.04 117.17 -0.01
33 174.89 27.9 -0.02
34 196.74 79.05 0.02
35 201.46 92.94 -0.01
36 97.51 70.92 -0.04
37 229.78 66.93 -0.04
38 301.52 19.91 -0.14
39 307.43 11.71 -0.01
40 202.94 70.34 -0.0
41 239.59 68.35 -0.0
