1 86.0 111.0 -0.01
2 77.0 92.0 0.02
3 152.0 83.0 0.0
4 77.0 112.0 -0.01
5 76.0 27.0 0.0
6 63.0 2.0 -0.03
7 46.0 41.0 -0.06
1 85.97 111.03 0.01
2 77.0 92.01 0.01
3 152.02 82.99 0.02
4 77.0 112.0 0.01
5 76.01 27.02 -0.0
6 63.01 2.0 -0.04
7 46.01 41.01 -0.04
8 83.0 91.0 0.0
9 85.0 127.0 0.0
10 251.0 119.0 -0.0
11 259.0 107.0 0.01
12 153.0 92.0 -0.22
13 272.0 118.0 -0.01
14 54.0 44.0 -0.02
15 235.0 130.0 -0.02
16 231.0 117.0 0.04
17 84.0 35.0 -0.0
18 78.0 122.0 0.0
19 258.0 133.0 -0.01
20 296.0 158.0 -0.03
21 64.0 43.0 0.01
1 85.99 111.02 -0.01
2 77.01 91.99 0.0
3 152.04 82.97 -0.01
4 76.98 112.01 0.01
5 75.99 26.97 0.01
6 63.02 2.02 -0.07
7 46.02 40.98 -0.04
8 83.01 90.98 0.01
9 85.0 126.99 0.0
10 250.99 118.96 -0.02
11 259.04 107.01 -0.05
12 153.03 91.99 -0.38
13 271.98 118.01 0.02
14 53.98 43.96 0.03
15 234.96 130.0 -0.01
16 231.01 117.01 0.01
17 84.0 34.99 0.02
18 77.99 121.98 0.0
19 257.95 133.04 0.0
20 296.01 158.07 -0.01
21 63.99 42.97 0.02
22 272.0 112.0 0.01
23 58.0 44.0 0.0
24 143.0 114.0 -0.04
25 294.0 112.0 -0.02
26 153.0 114.0 -0.35
27 264.0 100.0 -0.0
28 302.0 125.0 0.01
29 301.0 147.0 -0.0
30 151.0 104.0 -0.34
31 82.0 98.0 0.0
32 146.0 91.0 0.03
33 64.0 60.0 -0.04
34 301.0 155.0 0.03
35 309.0 136.0 0.02
36 316.0 103.0 -0.08
1 85.99 111.03 0.01
2 76.99 92.02 0.02
3 152.04 82.98 0.01
4 77.0 112.04 -0.01
5 76.0 26.98 0.0
6 62.97 2.0 0.01
7 45.97 40.98 0.01
8 83.01 91.0 -0.01
9 85.0 127.0 0.01
10 250.97 119.01 0.04
11 258.99 106.99 0.01
12 152.76 92.04 -0.1
13 272.0 118.02 0.01
14 53.98 43.96 0.05
15 235.0 130.0 -0.03
16 231.0 117.02 0.01
17 84.01 34.99 -0.01
18 77.98 121.95 0.01
19 258.01 132.99 -0.02
20 295.96 158.07 0.01
21 63.99 42.96 0.04
22 272.02 112.02 -0.0
23 57.98 43.97 0.04
24 143.0 114.02 -0.07
25 294.01 112.02 -0.03
26 152.9 113.96 -0.46
27 263.99 99.95 0.01
28 302.0 124.99 0.01
29 300.98 147.03 -0.01
30 150.94 104.1 -0.41
31 82.0 98.0 0.01
32 146.01 90.99 -0.01
33 63.92 60.01 0.03
34 301.01 155.02 -0.01
35 308.98 135.94 0.02
36 316.02 103.03 0.0
37 302.0 131.0 -0.02
38 163.0 115.0 0.04
1 85.99 111.02 0.01
2 77.02 92.0 -0.02
3 152.03 82.99 0.03
4 76.98 112.0 -0.0
5 76.02 27.02 -0.01
6 62.99 2.03 0.02
7 45.99 41.02 -0.02
8 83.01 90.99 -0.01
9 84.97 127.0 0.03
10 250.97 118.99 -0.0
11 259.0 107.03 -0.03
12 152.67 92.01 0.01
13 272.0 118.02 -0.01
14 54.0 44.01 0.01
15 235.04 130.0 -0.03
16 231.02 116.99 0.01
17 84.01 35.01 0.0
18 77.97 122.01 0.02
19 257.92 133.06 0.05
20 295.99 158.08 -0.05
21 63.99 42.94 0.03
22 271.99 112.01 0.01
23 57.97 43.97 0.04
24 142.96 114.02 -0.01
25 294.01 112.04 0.01
26 152.64 113.93 -0.11
27 263.99 100.01 -0.0
28 302.01 124.98 0.02
29 300.97 146.96 -0.0
30 150.64 103.79 0.02
31 82.01 97.98 -0.01
32 146.0 91.0 0.0
33 63.95 60.03 0.05
34 301.02 155.01 -0.03
35 308.99 135.92 0.03
36 316.03 103.01 -0.08
37 301.97 130.99 0.01
38 163.02 114.83 0.04
1 85.97 111.03 0.02
2 77.02 92.0 -0.04
3 152.03 83.0 0.02
4 76.99 112.02 -0.03
5 76.01 27.0 0.01
6 63.0 1.98 -0.0
7 45.95 40.98 0.03
8 83.02 90.99 -0.02
9 85.0 127.0 -0.0
10 250.96 119.0 0.02
11 258.99 107.03 -0.0
12 152.64 92.11 0.03
13 272.01 118.01 -0.0
14 54.02 44.02 -0.0
15 234.95 129.97 0.06
16 230.99 117.04 0.04
17 84.01 35.01 -0.0
18 77.99 122.01 -0.0
19 257.91 133.09 0.04
20 296.0 158.06 -0.03
21 64.02 42.92 0.01
22 272.01 112.01 -0.0
23 58.02 44.01 -0.0
24 142.93 114.09 0.07
25 294.0 111.99 -0.0
26 152.42 113.99 0.11
27 263.97 100.01 0.01
28 302.02 124.99 -0.02
29 301.04 146.94 -0.06
30 150.57 104.25 0.08
31 82.0 97.99 -0.05
32 146.02 91.04 0.02
33 63.98 60.03 0.01
34 301.03 155.0 -0.03
35 309.01 135.93 -0.01
36 316.04 103.03 -0.03
37 302.0 131.04 -0.02
38 163.02 114.92 0.01
1 85.99 111.02 0.01
2 77.0 92.02 0.0
3 152.05 83.02 0.0
4 76.98 112.0 -0.03
5 76.0 27.02 0.01
6 62.97 2.01 0.01
7 45.95 41.0 0.02
8 82.99 91.01 -0.0
9 84.98 126.96 -0.03
10 250.97 119.0 -0.01
11 258.98 107.08 0.02
12 152.68 92.07 0.0
13 271.99 118.0 0.02
14 54.0 44.0 0.02
15 234.98 129.98 0.03
16 231.04 117.01 -0.03
17 84.02 35.04 -0.01
18 77.99 121.95 -0.01
19 257.92 133.07 0.05
20 295.99 158.09 -0.01
21 64.0 42.93 0.01
22 272.01 112.06 0.0
23 58.0 44.0 0.01
24 142.97 113.98 0.02
25 294.02 112.03 -0.04
26 152.5 113.92 0.06
27 263.95 100.06 0.04
28 302.01 125.0 -0.02
29 300.99 146.95 -0.02
30 150.65 103.91 -0.01
31 82.0 98.0 -0.06
32 145.99 91.05 0.05
33 63.99 60.07 -0.03
34 301.02 155.03 -0.01
35 309.02 135.91 -0.01
36 316.04 103.02 -0.02
37 301.99 131.0 0.01
38 163.01 114.95 0.0
1 85.99 111.03 0.01
2 76.99 91.85 0.21
3 152.03 83.02 -0.01
4 76.97 112.01 -0.02
5 76.03 27.04 -0.01
6 62.99 2.0 -0.05
7 45.97 41.02 -0.01
8 82.99 90.86 0.05
9 84.97 127.0 -0.06
10 250.99 119.0 -0.05
11 258.98 107.04 -0.01
12 152.68 92.1 0.0
13 272.01 118.01 -0.05
14 54.02 44.03 0.01
15 234.99 129.98 0.0
16 231.01 116.99 -0.02
17 84.01 35.05 -0.01
18 77.98 121.9 -0.1
19 257.93 133.09 0.03
20 295.99 158.12 -0.05
21 64.03 42.89 0.0
22 272.0 112.02 -0.01
23 58.01 43.99 0.01
24 142.99 114.09 -0.02
25 293.98 112.05 -0.0
26 152.49 113.97 0.14
27 264.0 100.01 -0.02
28 302.0 125.02 -0.02
29 301.01 147.0 -0.04
30 150.61 104.33 0.26
31 81.93 97.86 0.21
32 146.04 91.05 -0.01
33 63.97 60.04 0.02
34 301.01 155.07 -0.01
35 309.0 135.94 0.01
36 315.99 103.02 -0.03
37 301.98 131.01 -0.01
38 163.0 114.9 0.01
39 81.0 114.0 -0.01
1 85.98 111.07 0.02
2 77.02 91.75 1.31
3 152.05 83.02 -0.01
4 76.97 112.02 -0.05
5 76.01 27.02 0.04
6 63.0 2.06 -0.04
7 45.97 41.02 -0.03
8 82.98 90.8 0.38
9 84.99 126.97 -0.09
10 250.97 119.0 0.01
11 258.97 107.0 0.02
12 152.7 92.11 -0.03
13 272.01 118.02 -0.02
14 54.01 44.03 0.04
15 234.98 129.96 0.04
16 231.0 117.0 -0.03
17 84.0 35.04 0.01
18 77.96 121.87 -0.14
19 257.93 133.1 0.02
20 295.96 158.14 0.01
21 64.02 42.91 0.01
22 272.02 112.05 -0.02
23 58.01 44.03 0.02
24 143.02 114.07 -0.04
25 294.01 112.03 0.01
26 152.63 114.0 0.35
27 264.02 99.93 -0.04
28 302.03 124.98 -0.03
29 300.97 146.99 -0.02
30 150.69 104.19 0.49
31 81.97 97.77 0.39
32 146.02 91.06 -0.01
33 64.0 60.02 -0.03
34 300.98 155.08 0.01
35 309.02 135.89 0.0
36 316.02 103.02 0.01
37 301.99 130.99 0.02
38 163.03 114.98 -0.02
39 81.0 114.03 -0.04
40 78.0 126.0 -0.01
41 308.0 145.0 -0.05
42 295.0 133.0 0.06
43 267.0 106.0 -0.01
1 85.99 111.03 0.0
2 77.36 91.46 0.24
3 152.06 83.06 -0.06
4 76.94 112.02 -0.02
5 76.01 27.0 0.01
6 62.95 2.03 0.02
7 45.97 41.03 0.01
8 83.08 90.61 -0.06
9 84.91 126.89 0.05
10 250.96 119.03 0.0
11 258.97 107.03 0.0
12 152.7 92.15 -0.02
13 271.98 118.0 0.02
14 54.03 44.04 0.03
15 235.01 129.97 0.0
16 230.99 117.01 0.0
17 84.01 35.03 -0.01
18 77.88 121.78 -0.02
19 257.95 133.05 -0.01
20 295.98 158.1 -0.01
21 64.0 42.86 -0.01
22 272.0 112.04 0.01
23 58.0 43.98 -0.0
24 142.99 114.1 -0.02
25 294.01 112.02 0.01
26 152.65 113.96 0.82
27 263.98 99.99 0.0
28 302.0 125.03 0.02
29 301.02 146.93 -0.01
30 150.92 104.78 0.48
31 82.2 97.54 0.07
32 146.06 91.12 -0.04
33 63.95 60.03 0.02
34 301.03 155.05 -0.04
35 309.04 135.95 -0.01
36 316.02 103.04 0.08
37 301.99 131.02 -0.0
38 163.0 114.91 -0.03
39 80.98 114.0 -0.01
40 78.01 125.99 0.03
41 307.99 144.97 -0.03
42 295.03 133.03 0.06
43 266.99 105.98 0.0
1 86.01 111.03 -0.01
2 78.31 90.94 -0.23
3 152.05 83.02 -0.01
4 76.93 112.02 -0.08
5 76.03 27.05 0.0
6 62.97 2.03 0.01
7 45.95 41.0 0.03
8 83.35 90.34 -0.2
9 84.9 126.94 -0.03
10 250.96 118.98 0.0
11 258.97 107.05 0.01
12 152.67 92.14 0.01
13 272.01 117.99 -0.02
14 54.02 44.02 0.01
15 235.01 129.98 0.03
16 231.01 116.99 -0.02
17 84.02 35.09 -0.02
18 77.84 121.85 -0.1
19 257.9 133.03 0.02
20 295.95 158.13 0.03
21 64.04 42.88 -0.03
22 272.02 112.02 -0.01
23 58.01 43.99 -0.02
24 142.99 114.04 -0.0
25 294.03 112.04 -0.03
26 153.06 113.81 0.65
27 263.98 100.02 0.04
28 302.02 125.01 -0.02
29 300.98 146.94 0.02
30 151.18 104.61 0.36
31 82.34 97.34 -0.04
32 146.04 91.09 -0.02
33 63.97 59.97 0.02
34 301.0 155.09 -0.0
35 309.02 135.94 -0.0
36 315.97 103.03 0.06
37 301.99 131.02 0.01
38 162.99 114.82 0.02
39 80.97 114.01 -0.05
40 77.99 126.04 -0.07
41 307.98 144.99 -0.0
42 295.06 133.01 -0.03
43 266.99 106.0 0.02
44 197.0 115.0 0.01
45 126.0 81.0 0.02
1 86.0 111.02 0.0
2 77.56 91.13 1.15
3 152.02 83.01 0.02
4 76.91 111.99 -0.06
5 76.03 27.02 -0.01
6 62.93 2.02 0.01
7 45.98 41.03 -0.02
8 83.02 90.5 0.71
9 84.96 126.95 -0.08
10 250.98 118.94 -0.01
11 258.98 107.03 0.01
12 152.66 92.13 0.07
13 272.0 117.98 -0.01
14 54.06 44.06 -0.01
15 235.05 129.95 0.02
16 230.99 117.0 0.0
17 84.03 35.05 -0.01
18 77.87 121.93 -0.17
19 257.92 133.06 0.05
20 295.94 158.1 0.01
21 64.02 42.88 0.01
22 272.02 112.02 -0.01
23 58.02 44.03 0.0
24 143.01 114.03 -0.03
25 294.01 112.01 -0.01
26 153.57 113.74 0.45
27 263.98 100.0 0.03
28 302.01 125.04 -0.02
29 300.95 146.99 0.06
30 151.43 104.76 0.37
31 82.27 97.47 0.13
32 146.03 91.06 -0.02
33 63.95 59.99 0.04
34 300.96 155.02 0.02
35 309.01 135.97 -0.0
36 316.01 103.06 0.04
37 301.98 131.06 0.0
38 163.0 114.94 -0.01
39 80.97 114.01 -0.07
40 78.05 126.09 -0.17
41 307.97 144.97 -0.01
42 295.08 133.0 -0.03
43 267.01 105.98 -0.01
44 196.99 115.0 0.05
45 126.01 81.05 -0.05
46 75.0 85.0 1.4
1 85.99 111.01 0.01
2 78.27 90.9 -0.06
3 152.05 83.01 -0.02
4 76.84 111.98 0.05
5 76.02 27.02 0.02
6 62.94 1.98 0.01
7 45.98 41.01 -0.01
8 83.3 90.3 -0.07
9 84.86 126.87 0.01
10 250.97 119.0 -0.01
11 258.99 107.06 -0.02
12 152.71 92.13 -0.02
13 271.99 117.99 0.01
14 54.03 44.04 0.04
15 235.07 129.96 -0.0
16 231.04 117.01 -0.02
17 84.02 35.05 -0.0
18 77.7 121.63 -0.02
19 257.97 133.07 -0.03
20 295.96 158.16 -0.01
21 63.99 42.89 0.04
22 272.02 112.03 -0.02
23 57.98 43.99 0.04
24 142.96 114.03 -0.01
25 294.0 112.01 -0.02
26 153.77 113.75 0.76
27 263.98 100.02 0.04
28 302.0 125.02 -0.0
29 301.01 146.98 -0.02
30 151.56 104.89 0.69
31 82.32 97.26 0.01
32 146.04 91.07 -0.04
33 64.0 60.02 -0.0
34 301.0 155.08 -0.03
35 309.02 135.96 0.01
36 316.04 103.03 -0.01
37 301.96 131.06 0.05
38 162.98 114.86 0.02
39 80.9 114.0 0.01
40 77.87 125.89 0.01
41 307.97 144.99 -0.01
42 295.04 133.02 0.01
43 267.0 106.02 -0.0
44 197.02 115.03 0.06
45 126.02 80.97 0.02
46 75.39 85.22 -0.06
47 74.0 79.0 -0.75
48 76.0 97.0 0.04
1 85.99 111.02 0.0
2 78.74 90.83 -1.54
3 152.04 83.01 0.01
4 76.84 112.05 -0.0
5 76.03 27.03 0.01
6 62.97 2.07 0.02
7 45.99 41.04 -0.05
8 83.77 90.19 -1.06
9 84.88 126.85 -0.02
10 250.97 118.96 0.03
11 258.99 107.05 -0.03
12 152.7 92.11 0.01
13 272.0 117.95 0.01
14 54.06 44.05 -0.03
15 235.05 129.93 0.03
16 231.02 117.02 -0.01
17 84.02 35.08 -0.01
18 77.67 121.62 0.0
19 257.95 133.06 -0.02
20 295.94 158.14 0.03
21 64.02 42.9 -0.02
22 272.0 111.99 0.03
23 58.01 44.0 -0.02
24 142.96 114.02 0.01
25 293.97 111.99 0.01
26 154.24 113.71 0.7
27 264.02 100.0 -0.03
28 302.0 125.02 0.0
29 300.97 146.94 0.0
30 151.95 105.03 0.5
31 82.43 97.22 -0.39
32 146.0 91.06 0.02
33 63.98 60.02 -0.02
34 300.96 155.05 0.02
35 309.03 135.94 0.0
36 316.01 103.04 0.08
37 301.99 131.05 -0.01
38 163.01 114.9 0.13
39 80.89 114.03 -0.01
40 77.85 125.85 0.0
41 307.97 144.95 -0.0
42 295.06 133.01 -0.05
43 267.01 105.99 -0.03
44 197.03 114.98 0.07
45 126.02 81.03 -0.0
46 76.44 85.12 -2.42
47 74.05 79.0 -1.7
48 76.09 97.07 -0.35
1 86.0 111.03 -0.06
2 77.81 91.44 -1.26
3 152.03 82.97 0.01
4 76.87 112.04 -0.08
5 76.03 27.02 0.0
6 62.99 2.02 0.02
7 45.96 40.98 -0.04
8 82.91 90.84 -0.54
9 84.85 126.83 0.03
10 250.96 118.98 0.01
11 258.97 107.07 -0.01
12 152.68 92.1 0.03
13 272.0 117.97 -0.01
14 54.06 44.07 -0.03
15 235.12 129.97 -0.05
16 230.99 117.05 0.01
17 84.02 35.07 -0.0
18 77.66 121.59 0.05
19 257.99 133.04 -0.05
20 295.96 158.17 -0.02
21 64.03 42.87 -0.02
22 272.04 112.02 -0.03
23 58.03 44.02 -0.04
24 142.97 114.01 0.0
25 293.97 112.03 0.03
26 154.6 113.74 0.53
27 263.97 100.01 0.02
28 302.0 125.02 -0.02
29 301.04 146.98 -0.08
30 152.29 105.14 0.26
31 82.28 97.75 -0.9
32 146.0 91.04 -0.01
33 64.04 60.03 -0.05
34 300.99 155.06 -0.03
35 309.04 135.98 0.01
36 316.08 103.08 -0.07
37 301.97 131.09 0.01
38 163.06 114.88 0.14
39 80.9 114.03 -0.01
40 77.83 125.84 0.04
41 307.98 145.0 -0.02
42 295.08 133.0 -0.09
43 267.0 105.99 -0.01
44 197.08 115.09 0.02
45 126.03 81.0 -0.01
46 74.63 85.74 -0.57
47 72.75 79.85 -0.39
48 75.97 97.68 -1.2
49 303.0 120.0 -0.01
1 86.0 111.0 -0.76
2 77.11 91.84 -0.23
3 152.05 82.98 0.28
4 76.83 111.99 -0.74
5 76.03 27.03 3.94
6 45.94 41.0 4.02
7 82.65 91.12 0.09
8 84.86 126.83 -1.59
9 250.98 118.98 0.6
10 259.0 107.08 0.11
11 152.71 92.14 0.26
12 272.0 117.97 0.56
13 54.02 44.03 3.6
14 235.06 129.97 0.95
15 230.98 117.06 0.69
16 84.01 35.05 3.4
17 77.67 121.53 -1.18
18 258.0 133.07 1.44
19 295.92 158.16 2.17
20 64.01 42.92 3.62
21 272.02 111.99 0.49
22 58.0 43.99 3.58
23 142.98 113.97 -0.33
24 294.01 112.05 0.31
25 155.01 113.81 0.18
26 264.02 100.01 -0.18
27 302.02 124.99 0.76
28 300.99 146.95 1.82
29 152.5 105.46 0.26
30 81.92 97.98 -0.72
31 146.0 91.07 0.5
32 64.04 60.04 3.22
33 300.96 155.06 2.21
34 309.05 135.97 1.23
35 316.02 103.03 0.06
36 301.99 131.04 1.03
37 163.13 114.87 0.06
38 80.89 114.0 -0.74
39 77.87 125.83 -1.41
40 307.96 144.98 1.64
41 295.02 133.02 1.14
42 267.01 105.97 0.11
43 197.09 115.08 0.24
44 126.04 80.99 0.97
45 74.04 86.73 1.39
46 75.62 97.95 -1.47
47 303.03 120.0 0.63
1 85.9 111.11 0.25
2 76.39 91.7 1.68
3 152.04 82.98 1.16
4 76.78 112.02 0.52
5 76.03 27.03 1.4
6 45.95 40.98 0.0
7 82.27 91.06 1.03
8 84.89 126.87 0.03
9 250.95 118.99 7.89
10 258.97 107.1 8.49
11 152.73 92.14 1.32
12 272.01 117.96 10.44
13 54.05 44.04 0.47
14 235.07 129.94 6.33
15 231.02 117.01 5.58
16 84.02 35.06 1.63
17 77.71 121.59 0.34
18 257.94 133.04 9.45
19 295.94 158.16 14.72
20 64.04 42.9 1.06
21 272.02 112.01 10.36
22 58.01 43.99 0.76
23 142.99 114.0 1.54
24 294.0 112.03 13.15
25 155.13 113.96 2.06
26 263.98 100.02 8.56
27 301.97 125.0 15.03
28 300.99 146.95 15.78
29 152.55 105.36 2.22
30 81.18 97.97 0.79
31 145.99 91.08 1.86
32 64.01 60.06 1.1
33 300.96 155.06 15.8
34 163.2 115.02 1.46
35 80.9 114.03 0.36
36 77.89 125.88 -0.08
37 294.93 133.07 14.05
38 266.99 105.98 8.91
39 197.11 115.06 2.82
40 126.01 80.97 1.73
41 74.09 87.03 1.91
42 74.41 97.92 0.79
43 86.0 122.0 0.65
44 81.0 134.0 0.75
1 84.22 136.53 0.68
2 75.67 117.25 1.95
3 151.31 108.31 2.23
4 74.97 137.26 0.88
5 79.17 57.14 -2.49
6 48.45 70.44 -4.92
7 81.72 116.78 1.13
8 82.19 152.23 1.32
9 251.2 146.77 13.62
10 258.71 136.33 15.7
11 151.83 117.29 2.58
12 272.44 146.98 18.51
13 56.01 73.2 -3.5
14 235.71 157.6 9.79
15 231.08 144.3 9.27
16 86.03 63.79 -0.72
17 75.26 146.91 1.28
18 259.07 161.49 15.09
19 66.42 72.36 -3.02
20 272.38 141.13 18.47
21 60.18 73.26 -3.3
22 141.97 138.23 2.6
23 294.61 141.8 24.45
24 154.37 138.4 3.15
25 263.59 129.15 16.09
26 151.92 129.94 3.36
27 80.05 123.57 1.32
28 145.44 116.76 2.72
29 66.01 88.73 -2.77
30 162.26 139.46 2.68
31 79.05 139.25 0.87
32 75.18 151.11 1.17
33 266.8 134.67 16.73
34 196.85 140.94 4.21
35 125.75 106.67 2.1
36 74.25 112.62 1.72
37 72.89 123.32 1.65
38 84.91 121.18 1.11
39 79.91 132.36 0.87
40 59.0 14.0 -1.26
41 90.0 143.0 -1.72
42 53.0 5.0 -1.06
43 170.0 103.0 0.42
1 86.13 126.45 -0.65
2 78.27 106.77 -0.1
3 153.56 97.69 1.81
4 77.25 127.05 -0.9
5 77.45 41.84 -0.55
6 46.18 56.23 -3.94
7 83.41 106.22 0.12
8 84.78 142.59 -0.96
9 260.16 136.18 12.99
10 268.89 124.79 14.89
11 154.38 106.54 1.43
12 284.23 136.2 17.95
13 54.76 59.41 -3.19
14 242.69 148.01 9.43
15 237.45 133.55 8.75
16 85.77 49.98 -0.0
17 77.87 136.99 -0.87
18 268.33 152.4 15.15
19 65.35 58.56 -2.19
20 284.09 129.81 17.81
21 59.08 59.47 -2.72
22 144.57 128.19 1.72
23 157.4 128.24 2.34
24 274.12 116.9 15.35
25 155.12 119.38 2.45
26 82.11 113.11 0.07
27 148.09 106.03 1.44
28 65.28 75.65 -2.45
29 164.86 129.4 1.96
30 81.21 129.18 -0.71
31 77.68 141.45 -1.12
32 277.53 122.69 15.86
33 200.28 130.42 3.43
34 128.01 95.77 1.19
35 76.35 101.27 -0.12
36 75.36 113.28 -0.15
37 86.74 110.4 0.1
38 81.79 122.17 -0.38
39 59.43 14.92 -2.22
40 89.84 143.47 -1.3
41 53.47 5.83 -2.15
42 170.3 104.0 1.94
43 73.0 95.0 0.1
44 64.0 17.0 -0.37
45 270.0 138.0 8.6
46 73.0 122.0 0.65
47 278.0 131.0 9.31
1 85.35 127.98 -1.03
2 77.99 107.96 -0.96
3 154.11 99.21 1.42
4 76.25 128.5 -1.14
5 76.7 41.68 -1.97
6 43.42 55.16 -5.17
7 83.22 107.42 -0.79
8 84.0 144.56 -1.63
9 266.8 139.14 13.92
10 276.55 127.03 16.05
11 154.82 107.98 1.42
12 293.57 139.35 19.62
13 52.33 58.53 -3.84
14 247.41 151.23 8.94
15 241.7 135.89 9.04
16 85.47 50.35 -0.89
17 77.02 138.59 -1.63
18 276.09 156.38 15.65
19 63.37 57.92 -3.18
20 293.37 132.78 19.49
21 56.82 58.7 -3.5
22 145.1 129.76 1.23
23 158.38 130.01 2.0
24 281.87 119.0 16.79
25 155.97 120.95 2.17
26 81.7 114.33 -0.74
27 148.56 107.51 1.03
28 63.25 75.57 -3.55
29 165.55 131.21 1.42
30 80.37 130.66 -1.03
31 76.69 143.28 -1.99
32 285.61 124.64 17.38
33 201.58 132.42 3.26
34 128.25 97.28 1.01
35 76.23 102.35 -1.03
36 74.9 114.75 -1.12
37 86.43 111.43 -0.79
38 81.17 123.7 -0.9
39 57.62 13.4 -3.22
40 88.73 145.48 -1.34
41 51.78 4.37 -3.14
42 170.85 105.49 1.56
43 73.17 95.52 -1.34
44 63.91 16.98 -2.71
45 271.96 138.59 14.69
46 73.38 122.46 -1.18
47 280.12 131.68 16.19
1 85.11 130.56 -1.22
2 77.93 110.42 -0.86
3 155.38 101.51 1.1
4 75.98 131.08 -1.38
5 76.8 43.17 -3.17
6 41.74 56.29 -6.78
7 83.41 109.81 -0.94
8 83.45 147.5 -1.43
9 274.52 142.5 15.8
10 285.49 129.69 18.32
11 155.94 110.36 1.84
12 51.36 59.91 -5.42
13 252.35 155.11 11.36
14 247.02 138.68 9.88
15 85.77 51.92 -1.78
16 76.55 141.28 -1.42
17 284.65 160.85 18.18
18 62.81 59.33 -4.4
19 56.04 60.13 -4.74
20 146.28 132.22 0.93
21 159.9 132.23 0.75
22 291.18 121.32 19.04
23 157.75 123.28 1.23
24 81.91 116.7 -0.87
25 149.61 109.83 0.99
26 62.55 77.53 -3.95
27 166.86 133.44 0.82
28 80.17 133.35 -1.22
29 76.06 146.03 -1.79
30 295.19 127.04 19.72
31 203.86 135.37 2.96
32 129.24 99.68 0.45
33 76.04 104.63 -0.88
34 74.94 117.22 -1.34
35 86.66 113.82 -1.03
36 81.11 126.32 -1.08
37 57.09 14.11 -4.72
38 88.18 148.44 -1.47
39 51.17 4.79 -4.32
40 172.32 107.68 1.11
41 72.87 97.85 -1.44
42 63.53 17.76 -4.3
43 280.08 141.79 16.64
44 73.38 124.93 -1.57
45 288.95 134.49 18.5
1 84.09 130.1 -1.47
2 76.78 109.98 -1.18
3 155.5 100.93 1.27
4 74.68 130.8 -1.2
5 74.08 39.79 -2.19
6 37.53 53.06 -6.39
7 82.24 109.35 -1.32
8 82.12 147.85 -1.39
9 282.33 143.48 17.57
10 294.49 129.38 20.46
11 156.25 109.77 2.1
12 47.65 56.97 -4.68
13 258.0 156.64 11.83
14 251.79 138.99 10.84
15 84.26 50.07 -1.7
16 75.14 141.3 -1.11
17 293.65 163.01 19.94
18 59.47 56.56 -3.86
19 52.54 57.33 -4.25
20 146.31 131.94 1.19
21 160.35 132.14 0.53
22 300.62 120.85 22.12
23 158.06 123.05 0.91
24 80.75 116.12 -1.01
25 149.57 109.39 1.29
26 59.33 75.4 -3.28
27 166.99 133.33 1.14
28 79.05 133.14 -1.32
29 74.45 146.16 -1.68
30 304.93 126.69 23.13
31 205.02 135.45 3.31
32 129.23 98.94 0.44
33 74.97 104.38 -1.31
34 73.54 116.81 -0.87
35 85.46 113.3 -1.27
36 80.0 125.85 -1.12
37 53.92 10.12 -3.82
38 86.93 148.74 -1.41
39 48.33 0.86 -3.93
40 172.41 107.25 1.29
41 71.63 97.5 -2.45
42 60.77 14.11 -3.45
43 288.41 142.48 18.39
44 71.89 124.59 -1.4
45 298.19 134.43 20.6
46 160.0 115.0 0.5
47 69.0 133.0 -1.32
1 83.78 130.52 -3.22
2 77.09 110.47 -3.4
3 156.63 100.97 -0.14
4 74.53 131.24 -3.09
5 73.55 38.59 -4.69
6 34.46 51.0 -8.98
7 82.48 109.68 -3.43
8 81.93 148.7 -3.66
9 292.38 144.65 18.19
10 158.01 109.76 -0.0
11 45.58 55.39 -7.51
12 264.51 158.32 12.0
13 258.29 139.32 10.27
14 84.01 49.05 -3.36
15 75.07 141.84 -3.21
16 58.03 55.36 -6.45
17 50.95 56.04 -7.0
18 147.42 132.23 -0.56
19 161.12 132.32 -0.99
20 159.1 123.84 -1.04
21 81.01 116.47 -3.05
22 150.77 109.49 -0.3
23 58.43 74.36 -6.65
24 167.76 133.44 0.04
25 78.83 133.5 -3.12
26 74.13 146.79 -3.86
27 207.33 135.3 1.8
28 129.82 99.17 -0.55
29 75.2 104.99 -3.7
30 73.61 117.51 -2.83
31 85.6 113.61 -3.25
32 79.95 126.22 -3.13
33 52.13 7.65 -6.09
34 86.66 149.6 -3.5
35 173.55 107.39 -0.06
36 71.31 98.01 -5.28
37 59.09 11.67 -5.56
38 298.88 143.56 19.2
39 71.75 125.05 -4.1
40 160.25 115.42 -0.42
41 68.89 133.21 -3.62
42 69.0 112.0 -2.42
1 82.02 131.42 -2.23
2 75.36 111.39 -2.01
3 156.58 101.71 0.66
4 72.79 132.21 -1.67
5 70.99 37.62 -3.73
6 29.93 49.65 -8.44
7 80.65 110.68 -2.15
8 80.02 149.84 -2.29
9 158.17 110.5 0.57
10 41.72 54.38 -6.9
11 271.0 161.25 14.36
12 263.56 141.01 13.3
13 82.04 48.65 -1.97
14 73.48 142.85 -1.82
15 54.88 54.65 -5.5
16 47.46 55.25 -5.97
17 147.18 133.04 0.86
18 160.48 132.81 0.0
19 158.59 124.57 -0.14
20 79.44 117.08 -2.16
21 150.63 110.23 0.82
22 54.93 74.09 -6.16
23 167.93 134.31 0.6
24 77.23 134.49 -2.11
25 72.23 147.96 -2.3
26 208.31 136.39 3.27
27 129.45 99.76 0.16
28 73.29 106.09 -1.71
29 72.17 118.16 -1.57
30 83.87 114.36 -2.19
31 78.37 126.98 -2.29
32 49.02 5.72 -4.31
33 84.59 150.82 -2.14
34 173.53 108.15 0.98
35 68.79 99.18 -3.91
36 56.34 10.03 -4.57
37 69.75 125.96 -3.33
38 160.32 116.41 0.14
39 67.02 134.21 -2.54
40 68.43 111.53 -2.3
41 267.0 147.0 8.27
1 80.74 130.12 -2.18
2 73.89 110.07 -1.36
3 156.76 100.52 0.82
4 71.66 130.92 -1.65
5 68.6 33.7 -3.79
6 24.5 44.82 -8.61
7 79.25 109.37 -1.77
8 78.64 149.1 -2.23
9 158.43 109.29 0.33
10 37.54 50.21 -7.07
11 279.05 162.35 16.05
12 270.66 140.46 14.68
13 80.54 45.73 -2.36
14 72.26 141.87 -1.72
15 51.31 50.65 -5.61
16 43.69 51.25 -6.07
17 147.61 131.9 0.78
18 160.53 131.63 -0.08
19 158.47 124.1 -0.09
20 78.2 115.45 -2.2
21 150.93 108.94 0.76
22 51.23 70.74 -6.21
23 168.36 133.18 0.27
24 75.97 133.26 -2.1
25 70.63 147.1 -1.91
26 209.71 135.4 3.59
27 129.44 98.5 0.28
28 71.67 104.81 -0.43
29 71.04 116.57 0.09
30 82.52 112.78 -2.01
31 77.06 125.64 -2.24
32 45.75 0.24 -2.65
33 83.57 150.12 -2.55
34 173.92 106.85 1.16
35 65.93 97.93 -3.79
36 53.31 4.94 -4.4
37 67.87 124.61 -3.25
38 160.31 115.44 0.14
39 65.49 132.95 -2.41
40 66.68 110.37 -1.32
41 269.07 146.68 14.57
42 76.0 104.0 -1.15
43 63.0 105.0 -2.1
1 79.66 129.77 -2.42
2 73.18 109.54 -1.71
3 157.43 100.07 0.94
4 71.07 130.58 -2.26
5 66.48 30.29 -3.67
6 20.22 41.31 -8.64
7 78.32 108.89 -2.01
8 77.67 149.35 -2.65
9 158.85 108.97 0.43
10 34.07 47.0 -7.29
11 287.41 164.33 18.65
12 278.64 141.12 16.45
13 79.69 43.71 -2.09
14 71.6 141.7 -2.38
15 48.59 47.79 -5.4
16 40.49 48.19 -5.9
17 148.24 131.56 0.45
18 160.54 131.42 0.17
19 158.52 123.71 0.19
20 77.05 114.88 -2.39
21 151.58 108.66 0.78
22 48.48 68.61 -6.03
23 168.67 132.84 0.03
24 74.98 132.97 -2.38
25 69.85 147.08 -2.57
26 212.05 135.04 3.79
27 129.74 98.24 0.48
28 71.49 104.69 -1.26
29 70.42 115.74 -0.24
30 81.47 112.49 -2.22
31 75.9 125.25 -2.35
32 82.4 150.4 -2.64
33 174.73 106.58 1.0
34 64.59 98.11 -4.4
35 51.13 0.93 -4.11
36 66.15 124.13 -2.74
37 160.54 115.22 0.33
38 64.43 132.61 -2.76
39 65.94 109.67 -1.56
40 277.02 147.42 16.4
41 75.74 103.59 -2.0
42 62.69 104.62 -3.38
43 276.0 159.0 8.24
44 59.0 125.0 -1.7
45 62.0 117.0 -1.21
46 231.0 134.0 3.87
47 252.0 150.0 6.11
48 24.0 42.0 -3.6
49 250.0 160.0 5.83
1 77.79 130.51 -2.78
2 72.27 109.51 -3.34
3 157.61 100.37 0.51
4 69.43 131.29 -2.61
5 64.68 28.56 -4.88
6 15.36 38.49 -10.41
7 77.22 109.09 -3.56
8 75.78 150.33 -3.25
9 158.72 109.36 0.02
10 30.0 44.64 -8.7
11 296.97 167.76 20.43
12 286.87 142.72 17.84
13 78.19 42.18 -3.21
14 70.01 142.46 -2.81
15 45.38 45.81 -6.86
16 37.22 46.22 -7.54
17 148.3 132.05 0.19
18 160.26 131.74 -0.4
19 158.24 124.12 -0.38
20 75.52 115.23 -3.26
21 151.68 108.9 0.43
22 44.77 67.11 -7.41
23 168.48 133.13 -0.62
24 73.25 133.57 -2.76
25 68.18 148.01 -3.07
26 213.43 135.6 3.77
27 129.7 98.47 -0.11
28 70.89 104.89 -3.38
29 70.61 115.55 -2.92
30 80.13 112.96 -3.49
31 74.2 125.89 -2.88
32 80.41 151.38 -3.3
33 175.1 106.9 0.46
34 61.95 99.29 -5.79
35 64.14 124.69 -3.31
36 160.38 115.57 -0.13
37 62.43 133.28 -2.96
38 65.07 109.8 -2.79
39 285.27 149.04 17.75
40 74.59 103.66 -3.5
41 60.64 104.76 -4.97
42 277.27 159.67 15.08
43 58.4 125.22 -4.32
44 61.57 117.27 -3.41
45 231.44 134.33 6.2
46 252.91 150.46 10.58
47 23.67 41.84 -9.16
48 250.83 160.53 10.23
49 56.0 132.0 -3.08
50 260.0 158.0 5.36
1 76.75 130.67 -3.27
2 70.81 109.34 -2.93
3 158.25 100.46 0.57
4 68.34 131.43 -2.52
5 62.5 26.15 -5.66
6 75.65 108.86 -3.11
7 74.34 151.2 -2.8
8 159.04 109.52 0.13
9 25.74 41.96 -10.11
10 296.73 144.15 21.6
11 77.1 40.99 -3.69
12 68.66 142.96 -2.35
13 42.08 43.6 -8.25
14 33.58 43.86 -9.03
15 148.64 132.22 0.4
16 160.44 131.69 -0.16
17 158.41 123.53 0.31
18 74.2 115.16 -3.49
19 152.23 108.98 0.48
20 41.06 65.34 -8.3
21 168.46 133.27 -0.0
22 72.14 133.75 -2.74
23 66.67 148.66 -2.56
24 216.0 135.89 3.87
25 129.86 98.9 0.01
26 69.5 104.65 -3.05
27 69.46 115.56 -2.74
28 78.61 112.76 -3.37
29 73.17 126.05 -3.27
30 79.03 152.31 -2.73
31 175.62 107.07 0.91
32 58.76 99.37 -5.91
33 62.62 124.87 -2.8
34 160.59 115.72 -0.03
35 61.04 133.42 -2.36
36 63.79 109.83 -2.31
37 295.1 150.51 21.57
38 73.13 103.43 -3.32
39 58.06 104.87 -5.39
40 285.64 162.08 18.44
41 56.31 125.39 -4.19
42 59.95 117.45 -3.14
43 235.17 134.67 7.45
44 259.02 152.01 12.45
45 19.31 39.13 -10.69
46 256.65 162.6 12.02
47 55.19 131.68 -4.15
48 260.83 158.17 12.61
49 55.0 112.0 -2.12
50 65.0 137.0 -0.79
51 262.0 148.0 7.78
1 74.49 130.68 -2.92
2 68.65 109.01 -2.09
3 158.06 100.54 1.09
4 66.49 131.68 -2.59
5 58.92 22.87 -4.76
6 73.45 108.58 -2.46
7 72.21 151.97 -2.73
8 158.69 109.71 0.67
9 20.28 38.68 -10.01
10 74.45 38.82 -2.89
11 66.89 143.37 -2.46
12 37.42 40.73 -7.79
13 28.47 40.81 -8.82
14 148.53 132.51 0.67
15 159.74 132.05 0.52
16 157.76 122.95 1.24
17 71.77 114.85 -2.77
18 152.11 109.17 0.76
19 36.58 63.27 -8.18
20 167.86 133.63 0.88
21 70.04 134.13 -2.6
22 64.8 149.41 -2.63
23 217.35 136.57 4.41
24 129.53 98.79 0.36
25 67.33 104.42 -2.7
26 67.33 115.27 -2.09
27 76.41 112.46 -3.26
28 70.8 126.32 -2.94
29 76.71 153.17 -2.56
30 175.56 107.29 1.27
31 55.03 99.34 -5.94
32 60.52 125.13 -2.75
33 160.18 115.94 0.43
34 59.25 133.73 -2.52
35 61.82 109.73 -1.18
36 70.86 103.12 -2.91
37 54.6 104.85 -5.47
38 294.66 164.8 20.74
39 53.47 125.56 -4.14
40 57.49 117.45 -1.81
41 238.35 135.45 8.64
42 264.97 153.6 14.18
43 13.45 35.69 -10.25
44 262.46 165.35 13.7
45 52.45 132.12 -4.29
46 266.77 160.55 14.5
47 54.16 111.87 -3.83
48 64.69 136.95 -2.22
49 263.4 148.18 13.96
50 270.0 137.0 7.52
51 250.0 147.0 4.88
52 225.0 135.0 2.47
1 73.27 127.34 -3.75
2 67.69 105.27 -2.2
3 158.99 97.0 0.41
4 65.56 128.36 -3.4
5 56.16 16.38 -4.53
6 72.35 104.78 -2.58
7 71.09 149.03 -4.2
8 159.27 106.49 0.43
9 14.53 31.54 -8.79
10 73.06 33.52 -2.61
11 65.82 140.31 -3.7
12 33.1 34.19 -7.03
13 23.47 33.98 -7.89
14 149.11 129.15 0.23
15 160.33 128.45 -0.06
16 158.86 118.8 0.4
17 70.51 111.46 -3.01
18 152.81 105.83 0.41
19 32.02 57.33 -7.82
20 168.6 130.01 0.54
21 69.18 130.69 -3.75
22 63.55 146.35 -3.99
23 220.42 133.11 4.11
24 129.92 95.45 0.02
25 66.16 100.65 -2.6
26 66.45 111.64 -2.62
27 74.91 108.93 -3.41
28 69.63 122.87 -3.49
29 75.82 150.27 -4.2
30 176.62 103.51 0.6
31 52.21 96.17 -6.77
32 59.54 121.61 -3.09
33 160.65 112.7 0.43
34 58.39 130.35 -3.19
35 61.36 106.05 -1.54
36 69.53 99.34 -2.85
37 52.08 101.29 -6.02
38 51.49 122.0 -4.98
39 56.63 113.71 -1.96
40 243.35 131.73 8.5
41 273.0 151.27 14.39
42 7.65 28.56 -9.31
43 270.35 163.8 13.78
44 50.4 128.51 -5.37
45 274.99 158.47 14.63
46 52.41 108.28 -4.2
47 63.88 133.66 -3.35
48 271.38 145.54 14.18
49 271.59 137.07 14.12
50 250.92 147.05 9.61
51 225.61 135.03 4.8
52 48.0 114.0 -1.9
1 71.37 129.07 -3.45
2 66.5 106.99 -2.39
3 159.26 98.84 0.76
4 63.69 130.48 -2.87
5 53.66 15.06 -5.23
6 70.89 106.72 -2.74
7 68.96 152.01 -3.44
8 159.57 108.43 0.96
9 9.48 29.73 -9.17
10 71.26 33.13 -2.69
11 64.06 142.89 -3.14
12 29.1 33.02 -8.15
13 19.21 32.67 -9.0
14 149.29 131.17 0.55
15 160.26 130.56 1.07
16 159.2 120.52 0.62
17 68.85 113.56 -3.03
18 153.11 107.78 0.67
19 27.68 56.84 -8.53
20 168.94 132.19 0.64
21 67.24 132.98 -3.27
22 61.71 149.24 -3.3
23 222.6 135.43 5.09
24 130.01 97.46 0.28
25 64.6 102.39 -2.91
26 65.15 113.61 -2.78
27 73.02 111.0 -3.32
28 67.73 124.89 -3.15
29 73.55 153.26 -3.45
30 177.09 105.67 0.7
31 48.43 98.2 -6.96
32 57.63 123.74 -2.52
33 160.87 114.59 0.91
34 56.53 132.52 -2.66
35 60.57 107.74 -1.5
36 67.87 101.03 -3.11
37 48.54 103.3 -5.83
38 48.74 124.19 -3.87
39 55.58 115.72 -1.72
40 248.06 134.49 9.79
41 280.66 155.42 16.76
42 277.66 168.84 16.09
43 47.57 130.69 -4.69
44 282.85 162.81 16.97
45 49.97 110.25 -3.4
46 62.2 135.98 -2.79
47 279.04 149.46 16.55
48 279.35 140.56 16.56
49 256.18 150.21 11.14
50 228.23 137.48 5.61
51 47.72 114.52 -3.85
52 219.0 137.0 2.83
53 296.0 184.0 11.09
54 211.0 136.0 2.2
55 19.0 54.0 -5.33
56 30.0 40.0 -4.99
57 278.0 175.0 8.94
1 69.11 131.26 -4.47
2 65.12 109.12 -3.89
3 159.35 101.0 0.34
4 61.64 132.66 -3.99
5 51.12 15.03 -7.11
6 69.42 108.82 -4.32
7 66.5 155.06 -4.39
8 159.69 110.49 0.4
9 69.8 34.39 -4.42
10 61.7 145.55 -4.22
11 24.78 32.7 -9.73
12 14.41 32.11 -11.53
13 149.33 133.26 0.17
14 160.56 132.64 0.56
15 159.25 122.35 0.28
16 67.03 115.89 -4.32
17 153.19 109.87 0.31
18 22.91 56.87 -10.81
19 169.19 134.35 0.14
20 64.93 135.32 -4.28
21 59.28 151.99 -4.23
22 224.97 137.81 4.85
23 129.8 99.52 -0.14
24 63.12 104.5 -4.49
25 63.43 115.82 -4.0
26 71.09 113.24 -4.74
27 65.64 127.14 -4.31
28 71.26 156.31 -4.64
29 177.24 107.91 0.39
30 44.38 100.45 -8.53
31 55.92 125.86 -3.53
32 161.01 116.61 0.45
33 54.65 134.7 -3.54
34 59.5 109.76 -3.13
35 66.25 103.13 -4.59
36 45.19 105.36 -7.37
37 45.86 126.31 -3.41
38 54.34 117.71 -2.74
39 252.81 137.24 10.64
40 289.06 159.78 18.56
41 285.87 174.11 17.41
42 44.29 133.07 -4.56
43 291.39 167.58 18.77
44 47.51 112.26 -3.4
45 60.24 138.38 -3.87
46 287.34 153.51 18.19
47 287.6 144.14 18.32
48 261.45 154.13 11.76
49 230.77 139.9 5.87
50 45.48 116.46 -5.48
51 219.41 135.89 4.23
52 298.09 183.72 20.1
53 211.35 134.95 3.07
54 17.64 52.42 -11.07
55 28.79 38.51 -9.55
56 279.46 174.24 15.69
57 38.0 127.0 -3.85
58 301.0 156.0 10.52
59 296.0 150.0 10.08
60 25.0 27.0 -5.82
61 296.0 134.0 10.08
62 138.0 103.0 -0.52
63 39.0 152.0 -5.73
1 66.93 131.55 -4.8
2 63.35 109.14 -3.98
3 159.79 101.1 0.3
4 59.82 133.38 -4.49
5 47.65 11.55 -7.09
6 67.39 108.87 -4.25
7 64.51 156.24 -4.87
8 160.28 110.61 0.29
9 67.46 32.07 -4.76
10 59.79 146.25 -4.68
11 20.0 29.43 -10.98
12 8.55 28.36 -12.23
13 149.63 133.59 0.16
14 161.12 133.17 0.44
15 159.54 122.49 0.37
16 65.09 116.22 -4.54
17 153.53 109.99 0.26
18 17.42 54.27 -11.77
19 169.4 134.68 0.56
20 62.91 135.92 -4.69
21 57.5 152.97 -4.85
22 227.89 138.46 5.45
23 129.95 99.63 0.01
24 61.11 104.42 -4.56
25 61.57 116.24 -4.06
26 69.01 113.54 -4.91
27 63.57 127.66 -4.82
28 68.98 157.55 -4.9
29 177.6 108.18 0.57
30 54.27 126.45 -3.81
31 161.61 116.66 0.22
32 53.11 135.41 -4.22
33 58.14 109.8 -3.42
34 64.23 102.79 -4.7
35 41.54 105.62 -5.68
36 44.29 126.67 -3.88
37 52.96 117.99 -2.69
38 258.64 137.9 11.76
39 299.36 162.24 21.32
40 295.54 178.12 20.28
41 41.86 133.69 -4.15
42 45.64 112.45 -2.73
43 58.52 138.94 -4.51
44 297.36 155.6 20.74
45 297.58 145.69 21.63
46 268.23 155.95 12.97
47 234.18 140.77 6.42
48 42.69 116.64 -3.99
49 221.97 136.47 4.65
50 213.19 135.47 3.55
51 11.96 49.61 -12.22
52 24.07 35.29 -10.71
53 287.93 177.62 17.99
54 36.96 126.73 -5.34
55 297.69 150.02 21.32
56 24.1 26.3 -10.95
57 297.76 133.68 21.32
58 137.74 102.57 0.06
59 37.31 151.8 -9.06
60 35.0 114.0 -1.78
61 45.0 133.0 -2.16
62 41.0 2.0 -3.09
63 10.0 24.0 -6.35
1 63.65 130.76 -5.15
2 60.47 108.17 -4.29
3 159.37 100.35 0.44
4 56.61 132.64 -4.8
5 43.21 6.54 -6.59
6 64.36 107.88 -4.6
7 61.09 156.39 -4.94
8 159.74 110.02 0.64
9 64.57 28.77 -5.19
10 56.39 145.93 -4.84
11 13.2 24.32 -10.57
12 149.16 133.12 0.22
13 160.86 132.49 0.61
14 159.26 122.1 0.35
15 61.9 115.69 -4.66
16 153.15 109.44 0.44
17 10.41 50.27 -12.13
18 169.27 134.08 0.33
19 59.61 135.3 -4.94
20 54.17 152.91 -4.9
21 229.89 138.01 6.11
22 129.22 98.73 0.03
23 57.86 103.43 -4.61
24 58.58 115.56 -4.1
25 65.54 113.19 -4.89
26 60.34 126.92 -5.14
27 65.52 157.71 -5.02
28 177.42 107.33 0.47
29 51.3 125.67 -3.72
30 161.03 116.19 0.62
31 49.85 134.67 -3.96
32 55.58 108.75 -3.88
33 60.85 101.75 -4.74
34 36.45 104.99 -3.06
35 41.28 126.02 -3.5
36 50.66 117.07 -2.67
37 264.05 137.73 13.03
38 38.55 133.21 -3.58
39 43.34 111.53 -2.94
40 55.31 138.41 -4.54
41 274.14 157.26 15.16
42 236.79 140.72 6.99
43 39.23 115.8 -3.02
44 223.64 135.96 5.21
45 214.36 134.99 3.87
46 17.39 30.34 -10.24
47 296.36 180.48 20.09
48 32.88 126.43 -4.63
49 17.29 21.06 -10.49
50 136.93 101.68 0.31
51 31.75 151.56 -10.24
52 33.57 113.45 -2.8
53 43.79 132.59 -3.85
54 40.37 1.6 -6.03
55 8.17 22.91 -11.77
56 27.0 99.0 -4.84
57 271.0 132.0 6.63
58 25.0 118.0 -3.26
1 61.97 130.81 -6.29
2 59.26 107.68 -5.78
3 160.33 99.72 -0.19
4 55.23 132.57 -5.89
5 39.98 1.82 -2.42
6 62.95 107.36 -6.0
7 59.52 157.33 -6.09
8 160.7 109.54 -0.06
9 62.53 25.36 -5.66
10 54.9 146.16 -6.04
11 8.14 19.33 -12.79
12 150.21 132.81 -0.46
13 162.08 132.36 -0.35
14 160.34 121.64 -0.24
15 60.44 116.16 -5.82
16 154.04 108.82 -0.21
17 170.72 133.8 -0.03
18 58.08 135.27 -5.94
19 52.52 153.46 -5.87
20 234.19 138.12 5.95
21 130.23 98.18 -1.24
22 56.4 102.92 -6.11
23 57.42 115.43 -5.2
24 63.92 112.93 -5.96
25 58.66 126.88 -6.1
26 63.91 158.72 -6.27
27 178.61 106.81 -0.01
28 50.41 125.56 -4.85
29 161.93 115.52 -0.08
30 48.82 134.62 -5.17
31 54.62 108.15 -5.36
32 59.35 101.2 -6.3
33 35.85 104.33 -3.99
34 40.33 125.83 -4.54
35 50.26 116.55 -3.84
36 272.08 137.67 14.29
37 37.64 133.18 -4.94
38 42.91 110.85 -3.79
39 53.85 138.38 -5.58
40 283.56 158.69 16.28
41 241.54 140.91 7.22
42 38.67 115.46 -3.84
43 227.5 135.96 4.91
44 217.4 134.97 3.46
45 12.41 25.74 -12.03
46 31.43 126.04 -4.82
47 12.32 15.92 -12.53
48 138.1 101.12 -0.72
49 27.63 152.05 -11.43
50 33.17 113.1 -4.03
51 42.71 132.52 -5.07
52 26.79 99.14 -8.39
53 272.65 132.29 14.31
54 24.83 118.34 -5.1
55 25.0 104.0 -1.98
56 260.0 126.0 7.01
1 58.21 130.88 -6.76
2 55.7 107.46 -6.17
3 159.9 99.64 -0.16
4 51.52 132.57 -6.4
5 35.99 -2.43 2.28
6 59.34 106.9 -6.62
7 55.64 158.2 -6.47
8 160.45 109.55 -0.09
9 58.91 22.21 -5.75
10 51.21 146.5 -6.59
11 149.49 132.9 -0.32
12 161.66 132.41 -0.67
13 159.72 121.67 -0.21
14 56.85 116.57 -6.12
15 153.65 108.84 -0.1
16 169.81 133.9 0.16
17 54.38 135.3 -6.6
18 48.78 154.02 -6.27
19 236.89 138.39 6.54
20 129.28 98.02 -1.07
21 52.66 102.73 -6.73
22 54.18 115.39 -5.5
23 60.28 113.32 -6.69
24 54.86 126.85 -6.48
25 59.93 159.62 -6.51
26 178.06 106.69 0.15
27 47.34 125.51 -5.08
28 161.7 115.55 -0.04
29 45.51 134.6 -5.58
30 51.36 107.9 -5.87
31 55.51 100.78 -6.85
32 32.85 103.98 -4.39
33 37.47 125.65 -4.9
34 47.77 116.26 -4.56
35 279.09 138.28 16.01
36 34.55 132.93 -5.05
37 40.12 110.61 -4.04
38 50.38 138.44 -6.21
39 291.53 160.87 18.58
40 244.79 141.46 8.0
41 35.85 115.21 -4.09
42 229.66 136.38 5.46
43 218.8 135.13 3.58
44 28.03 125.81 -4.5
45 137.33 100.97 -0.55
46 20.79 152.68 -12.41
47 30.34 112.71 -4.51
48 39.6 132.43 -5.19
49 21.58 97.96 -8.18
50 279.64 132.83 16.18
51 21.23 117.91 -4.58
52 24.4 103.96 -4.81
53 261.31 125.81 11.87
54 291.0 138.0 8.78
1 54.63 129.5 -6.9
2 52.54 105.94 -6.38
3 160.02 98.08 -0.24
4 48.29 131.14 -6.58
5 38.14 -1.81 -0.79
6 55.88 105.51 -6.96
7 52.57 157.53 -7.15
8 160.57 107.91 -0.18
9 55.91 17.61 -6.04
10 47.99 145.28 -6.77
11 149.46 131.41 -0.33
12 161.43 130.92 -0.32
13 159.79 120.29 -0.24
14 53.66 115.63 -6.12
15 153.72 107.33 -0.18
16 170.34 132.53 0.07
17 51.09 133.69 -6.74
18 45.71 153.11 -6.88
19 240.62 137.44 7.09
20 128.72 96.48 -0.85
21 49.23 101.04 -7.26
22 51.4 113.9 -5.67
23 56.92 112.18 -7.16
24 51.44 125.34 -6.52
25 56.79 159.05 -7.21
26 178.35 105.44 -0.06
27 44.7 123.95 -5.5
28 161.78 113.91 -0.13
29 42.73 133.19 -5.76
30 48.37 106.16 -6.24
31 51.94 99.21 -7.3
32 31.1 102.28 -4.37
33 35.14 124.17 -5.0
34 45.69 114.5 -5.22
35 287.68 137.01 18.46
36 31.88 131.3 -5.4
37 38.42 108.78 -4.19
38 47.34 136.91 -6.64
39 249.39 140.65 8.59
40 34.15 113.57 -4.34
41 232.73 135.0 6.02
42 221.02 133.66 3.74
43 25.9 124.31 -4.96
44 137.14 99.34 -0.63
45 28.36 111.18 -4.4
46 36.91 130.86 -5.44
47 17.5 95.37 -7.68
48 288.36 131.6 18.6
49 18.94 116.31 -4.43
50 22.2 101.98 -4.42
51 267.83 124.41 13.25
52 292.34 137.84 19.02
53 10.0 82.0 -6.9
54 12.0 98.0 -4.42
55 14.0 88.0 -3.73
1 50.61 128.97 -6.05
2 48.54 105.35 -5.14
3 159.58 97.42 0.68
4 44.33 130.68 -5.74
5 51.69 105.0 -5.73
6 48.18 158.5 -6.52
7 160.18 107.6 0.49
8 51.92 13.32 -4.77
9 43.82 145.52 -6.29
10 149.03 131.1 0.43
11 160.79 130.68 1.07
12 159.35 120.03 0.76
13 49.83 115.29 -4.71
14 153.37 106.97 0.45
15 169.69 132.3 1.61
16 47.01 133.4 -5.97
17 41.53 153.56 -6.34
18 243.77 137.46 8.81
19 127.98 95.8 -0.05
20 44.8 100.27 -5.89
21 47.83 113.31 -4.52
22 52.62 113.39 -5.69
23 47.49 124.81 -5.67
24 52.41 160.01 -6.54
25 177.93 104.67 1.24
26 41.28 123.5 -5.04
27 161.53 113.57 0.41
28 39.16 132.74 -5.05
29 44.51 105.32 -5.08
30 47.54 98.51 -6.1
31 28.17 101.45 -3.39
32 31.95 123.54 -4.08
33 42.36 113.73 -4.26
34 296.87 137.2 21.68
35 28.63 130.6 -4.4
36 35.6 107.9 -2.96
37 43.38 136.66 -5.74
38 253.59 141.27 10.55
39 31.36 112.77 -3.0
40 235.33 135.24 7.54
41 222.56 133.54 4.99
42 22.84 123.69 -3.81
43 136.44 98.76 0.69
44 25.36 110.38 -3.32
45 33.57 130.42 -4.72
46 12.26 93.82 -3.8
47 15.98 115.64 -3.37
48 19.25 101.02 -3.54
49 274.54 123.54 15.57
50 10.84 97.8 -4.59
51 12.67 87.62 -3.76
52 10.0 112.0 -1.4
1 47.86 129.84 -8.17
2 46.28 105.97 -7.59
3 160.36 98.22 -0.52
4 41.84 131.57 -7.88
5 49.0 106.02 -7.68
6 45.38 160.45 -8.82
7 160.78 108.47 -0.27
8 49.9 11.29 -6.84
9 41.18 146.8 -8.21
10 149.77 132.0 -0.7
11 161.71 131.55 -0.43
12 160.23 120.86 -0.63
13 47.72 116.03 -6.64
14 153.96 107.77 -0.34
15 171.28 133.16 -0.22
16 44.43 134.32 -7.97
17 38.81 154.94 -8.33
18 249.49 139.13 7.37
19 128.3 96.62 -0.93
20 42.03 100.95 -7.92
21 45.94 113.89 -6.6
22 49.83 114.96 -7.37
23 45.1 125.67 -8.0
24 49.54 162.05 -8.82
25 179.16 105.62 -0.31
26 39.33 124.4 -7.83
27 162.1 114.39 -0.32
28 37.19 133.68 -7.62
29 42.26 105.97 -7.15
30 44.66 99.37 -8.43
31 27.13 102.08 -4.83
32 30.4 124.38 -5.83
33 40.64 114.39 -6.42
34 26.81 131.55 -6.18
35 34.61 108.58 -4.92
36 40.85 137.55 -7.55
37 259.81 143.16 10.36
38 30.28 113.51 -4.69
39 240.15 136.53 6.48
40 226.02 134.74 3.78
41 21.3 124.52 -5.54
42 137.33 99.68 -0.9
43 24.31 111.16 -4.91
44 31.67 131.29 -6.56
45 10.13 94.02 -4.9
46 14.77 116.37 -4.9
47 18.19 101.48 -4.96
48 283.58 124.59 16.08
49 7.83 97.67 -5.12
50 10.68 87.82 -4.55
51 10.35 112.2 -5.23
1 43.6 131.75 -8.15
2 42.36 107.48 -8.2
3 160.16 99.57 -0.03
4 37.71 133.7 -8.01
5 44.92 107.64 -8.24
6 40.64 164.18 -8.4
7 160.61 109.77 -0.03
8 36.89 149.33 -8.14
9 149.32 133.61 -0.22
10 161.71 133.25 -0.15
11 159.87 122.33 -0.11
12 44.29 117.46 -8.03
13 153.75 109.2 -0.03
14 171.26 134.68 0.14
15 40.19 136.45 -7.95
16 34.44 157.6 -8.26
17 253.54 140.88 9.25
18 127.91 98.26 -0.85
19 37.66 102.48 -7.66
20 42.49 115.44 -8.0
21 45.67 116.26 -8.11
22 40.85 127.72 -8.03
23 44.78 165.71 -8.39
24 179.08 107.1 0.25
25 35.3 126.39 -7.79
26 161.9 115.73 -0.04
27 33.24 135.79 -7.83
28 38.37 107.45 -7.4
29 40.22 100.93 -8.14
30 24.32 103.61 -4.32
31 27.35 126.34 -5.54
32 37.35 115.99 -7.51
33 23.62 133.54 -6.19
34 31.91 110.11 -5.85
35 36.9 139.88 -7.7
36 265.34 145.69 12.48
37 27.6 115.24 -4.15
38 243.64 138.62 8.33
39 228.1 136.54 4.83
40 18.43 126.36 -5.43
41 136.9 101.15 -0.41
42 21.46 112.79 -4.24
43 28.35 133.34 -6.69
44 7.79 95.57 -4.94
45 11.92 118.14 -4.32
46 15.36 102.9 -4.46
47 291.87 126.01 19.47
48 5.54 99.25 -5.25
49 8.37 89.2 -4.19
50 7.8 113.9 -5.55
1 38.89 130.93 -8.92
2 37.46 106.48 -8.59
3 159.87 99.24 -0.11
4 33.15 133.26 -8.8
5 40.06 106.64 -9.07
6 35.97 164.52 -9.41
7 160.48 109.54 -0.05
8 32.11 149.11 -8.88
9 149.06 133.23 0.01
10 161.18 132.8 0.25
11 159.59 121.93 -0.09
12 39.61 116.07 -9.06
13 153.61 108.89 -0.08
14 171.06 134.46 0.24
15 35.59 136.01 -8.77
16 29.72 157.35 -9.22
17 258.14 140.47 10.46
18 127.12 97.59 -0.69
19 33.22 101.62 -8.55
20 37.81 114.36 -8.69
21 40.98 114.64 -9.09
22 36.28 127.28 -8.91
23 40.18 166.33 -9.46
24 178.84 106.77 0.34
25 30.61 125.79 -7.87
26 161.76 115.52 -0.05
27 28.74 135.35 -8.41
28 34.01 106.57 -8.04
29 35.33 100.13 -8.74
30 21.51 103.01 -4.91
31 23.99 125.61 -5.69
32 32.82 114.84 -7.65
33 19.9 133.03 -6.33
34 28.63 109.24 -7.08
35 32.42 139.43 -8.7
36 271.54 146.68 14.16
37 25.15 114.43 -5.7
38 247.72 138.76 9.18
39 230.49 136.74 5.35
40 15.24 125.54 -5.58
41 136.38 100.7 -0.42
42 18.75 112.07 -5.08
43 24.37 132.8 -6.93
44 4.68 94.33 -4.66
45 9.32 117.38 -5.08
46 12.4 101.78 -4.93
47 5.69 88.07 -4.4
48 4.53 113.08 -4.94
49 17.0 118.0 -3.28
1 34.55 130.69 -10.11
2 32.86 105.78 -8.66
3 160.09 98.79 -0.18
4 28.86 132.86 -9.58
5 35.26 105.83 -9.25
6 31.18 165.88 -10.34
7 160.59 109.21 -0.06
8 27.78 149.28 -9.59
9 149.07 133.15 -0.01
10 161.58 132.7 0.16
11 159.74 121.53 -0.13
12 35.15 115.61 -9.67
13 153.73 108.58 -0.08
14 171.39 134.34 0.15
15 31.36 135.68 -9.79
16 25.2 157.67 -10.31
17 263.92 140.89 11.87
18 127.0 97.16 -0.71
19 28.59 101.07 -8.65
20 33.43 113.55 -8.87
21 36.48 113.8 -9.69
22 31.9 126.95 -10.07
23 35.34 167.78 -10.3
24 179.27 106.4 0.19
25 26.51 125.54 -7.83
26 161.85 115.23 -0.05
27 24.64 134.94 -9.19
28 29.75 105.92 -8.02
29 30.59 99.72 -8.9
30 19.39 102.28 -5.18
31 21.13 125.25 -6.23
32 28.92 114.12 -7.59
33 16.94 132.67 -6.32
34 25.14 108.49 -7.56
35 28.3 139.07 -9.65
36 279.23 147.85 15.68
37 22.9 113.8 -6.88
38 252.91 139.21 10.38
39 233.5 137.21 6.19
40 12.52 125.02 -5.39
41 136.38 100.31 -0.4
42 16.48 111.43 -4.81
43 20.92 132.55 -7.52
44 1.8 93.33 -4.02
45 7.03 116.76 -4.71
46 10.23 100.94 -4.85
47 3.1 87.14 -4.03
48 1.91 112.47 -4.21
49 16.36 117.44 -4.72
1 28.59 130.92 -10.19
2 27.92 105.77 -9.47
3 159.8 98.64 -0.02
4 23.04 133.14 -9.3
5 25.03 167.88 -10.31
6 160.37 109.3 0.01
7 22.13 149.98 -10.26
8 149.05 133.37 -0.09
9 161.4 133.11 0.06
10 159.46 121.74 -0.03
11 29.46 115.04 -8.99
12 153.54 108.72 -0.1
13 171.28 134.63 0.22
14 25.58 136.04 -10.15
15 19.11 158.57 -10.38
16 269.43 141.6 13.72
17 126.44 96.9 -0.75
18 28.13 112.75 -8.61
19 25.93 127.27 -9.22
20 29.19 169.85 -10.3
21 179.19 106.51 0.23
22 21.5 125.67 -7.03
23 161.63 115.34 0.04
24 19.22 135.19 -9.52
25 16.43 101.77 -7.26
26 17.36 125.21 -6.67
27 24.4 113.39 -7.62
28 13.01 132.77 -6.65
29 20.79 108.09 -8.22
30 22.56 139.07 -10.04
31 287.31 149.97 17.65
32 18.67 113.37 -6.32
33 258.03 140.49 11.52
34 236.41 138.11 7.0
35 8.97 124.83 -5.47
36 135.96 99.86 -0.11
37 13.47 111.2 -5.1
38 16.47 132.75 -8.03
39 -0.31 92.79 -3.76
40 4.06 116.52 -4.76
41 7.3 100.19 -5.0
42 0.98 86.38 -4.23
43 -1.16 112.06 -4.58
44 13.36 117.24 -4.92
1 23.4 132.46 -10.31
2 160.06 99.8 0.2
3 18.28 134.56 -9.3
4 19.84 170.84 -11.32
5 160.52 110.48 0.13
6 16.91 151.77 -11.07
7 149.06 134.66 0.02
8 161.69 134.43 0.24
9 159.64 122.89 0.23
10 153.67 109.84 0.07
11 171.58 135.91 0.23
12 20.45 137.42 -10.65
13 13.84 160.4 -11.26
14 277.02 144.08 15.8
15 126.35 98.12 -0.54
16 23.43 112.94 -9.54
17 21.11 128.64 -9.39
18 24.04 173.04 -11.32
19 179.53 107.62 0.25
20 18.1 127.17 -7.78
21 161.79 116.48 0.22
22 14.38 136.61 -9.49
23 13.42 102.37 -8.7
24 14.24 126.53 -7.62
25 20.35 114.18 -8.93
26 9.87 134.35 -7.48
27 16.55 108.84 -8.09
28 17.5 140.38 -10.78
29 296.92 152.78 20.69
30 15.45 114.28 -7.08
31 264.59 142.72 13.42
32 240.36 139.98 8.1
33 6.54 126.13 -6.28
34 136.02 101.17 -0.06
35 11.31 112.33 -6.95
36 12.49 134.4 -8.27
37 1.9 117.69 -5.36
38 4.89 101.15 -5.37
39 11.33 118.41 -6.81
40 302.0 148.0 12.65
1 16.72 132.69 -9.93
2 159.67 99.74 0.3
3 160.27 110.54 0.27
4 148.69 134.86 0.35
5 161.24 134.64 0.63
6 159.33 122.96 0.27
7 153.26 109.98 0.37
8 171.39 136.23 0.3
9 13.78 137.48 -10.43
10 284.41 145.14 19.08
11 125.52 98.11 -0.65
12 15.11 128.8 -9.6
13 179.33 107.64 0.44
14 161.57 116.6 0.27
15 8.36 136.77 -9.87
16 10.96 140.47 -11.55
17 270.86 144.08 15.62
18 243.76 140.8 9.6
19 135.78 101.28 0.04
20 266.0 130.0 6.53
21 272.0 150.0 7.33
22 239.0 139.0 3.58
23 267.0 140.0 6.84
24 255.0 146.0 5.4
25 233.0 126.0 2.86
26 297.0 151.0 10.81
1 160.29 99.56 -0.04
2 160.67 110.49 0.04
3 149.07 134.92 0.17
4 161.98 134.68 -0.06
5 159.9 123.12 -0.02
6 153.74 109.81 -0.07
7 171.84 136.28 -0.16
8 125.7 98.05 -1.46
9 179.83 107.82 0.31
10 162.04 116.52 -0.01
11 279.75 145.05 17.13
12 249.25 141.46 10.23
13 135.94 100.79 -0.17
14 267.29 129.81 13.6
15 273.55 149.78 14.98
16 239.61 138.75 7.47
17 268.27 139.9 14.03
18 255.84 145.8 11.11
19 233.59 125.72 6.34
20 287.0 152.0 10.32
21 282.0 157.0 9.19
22 279.0 124.0 8.78
23 279.0 139.0 8.94
24 184.0 108.0 0.69
1 159.94 99.16 -0.01
2 160.56 110.07 0.03
3 149.04 134.74 -0.08
4 161.96 134.67 0.12
5 159.59 122.77 0.14
6 153.61 109.55 -0.15
7 171.71 136.27 -0.27
8 124.65 97.37 -0.99
9 179.77 107.53 0.39
10 161.82 116.18 0.01
11 288.39 146.36 21.65
12 254.49 142.37 12.39
13 135.76 100.5 -0.53
14 274.22 130.11 17.35
15 281.15 151.25 18.98
16 243.37 139.32 9.02
17 275.38 140.62 17.27
18 261.67 146.75 13.2
19 236.59 125.58 8.06
20 288.81 152.17 21.48
21 283.72 157.27 19.06
22 280.66 123.81 18.73
23 280.63 138.92 18.76
24 183.98 107.84 1.03
25 300.0 142.0 13.23
26 290.0 146.0 11.77
27 246.0 124.0 4.98
1 160.33 98.61 0.19
2 160.78 109.53 0.48
3 149.3 134.47 0.21
4 162.36 134.31 0.26
5 160.16 121.4 0.51
6 153.67 108.76 0.01
7 171.61 135.88 -0.21
8 124.11 96.91 -1.0
9 180.33 106.91 0.32
10 162.1 115.65 0.36
11 299.23 147.21 24.2
12 260.66 142.74 14.13
13 135.76 99.66 -0.24
14 282.8 130.07 20.11
15 290.49 152.21 22.06
16 248.12 139.22 10.0
17 284.1 141.18 19.65
18 268.22 147.12 15.21
19 240.92 125.02 8.75
20 299.5 153.25 24.36
21 293.26 158.52 21.77
22 289.95 123.1 21.5
23 289.77 139.17 21.73
24 184.98 107.15 1.61
25 302.33 142.35 26.11
26 291.95 146.5 22.53
27 246.99 124.17 9.31
28 305.0 142.0 13.27
29 293.0 136.0 11.35
30 247.0 129.0 5.29
31 297.0 127.0 11.71
32 269.0 168.0 7.66
1 160.08 98.71 -0.08
2 160.63 109.6 0.04
3 149.12 134.94 -0.19
4 162.02 134.77 0.05
5 159.86 120.81 0.03
6 153.49 108.83 -0.21
7 171.31 136.48 -0.59
8 123.39 96.5 -1.77
9 180.26 106.82 0.2
10 161.88 115.81 -0.03
11 268.27 144.34 12.95
12 135.22 99.72 -0.66
13 293.62 130.79 20.35
14 253.34 140.22 10.05
15 294.73 142.55 19.7
16 276.29 148.71 15.15
17 245.59 125.24 8.17
18 301.52 122.97 21.61
19 301.59 140.52 22.06
20 185.47 107.01 1.44
21 251.94 124.39 8.81
22 295.11 136.31 20.26
23 247.96 129.29 8.48
24 299.13 127.16 21.22
25 270.55 168.59 13.08
26 273.0 150.0 6.82
1 160.48 97.75 0.04
2 161.11 108.67 0.18
3 149.46 134.44 -0.09
4 162.62 134.25 0.08
5 160.64 118.79 -0.01
6 153.65 107.8 -0.03
7 171.4 136.03 -0.14
8 122.86 95.7 -1.47
9 180.62 105.59 0.4
10 162.38 115.06 0.05
11 276.23 144.55 16.48
12 135.4 98.51 -0.54
13 259.33 139.68 12.53
14 284.76 149.04 19.47
15 250.49 124.17 10.91
16 186.59 105.63 0.95
17 257.31 123.36 12.28
18 253.06 128.19 11.16
19 278.14 170.66 17.08
20 274.33 150.43 17.17
1 160.41 99.79 -0.69
2 160.98 110.61 -0.64
3 149.26 136.57 -0.88
4 162.38 136.45 -0.66
5 153.55 109.68 -1.07
6 170.89 138.29 -0.8
7 121.73 97.34 -2.38
8 180.63 107.56 -0.2
9 162.29 117.15 -0.75
10 285.04 148.8 17.06
11 134.82 100.29 -0.97
12 266.18 143.32 12.38
13 295.57 153.62 20.14
14 256.56 126.7 10.52
15 187.05 107.61 0.71
16 263.82 125.91 12.29
17 259.33 130.7 10.69
18 287.45 177.06 17.01
19 283.68 154.81 17.1
20 297.0 155.0 9.94
1 160.56 99.31 -0.45
2 161.38 110.31 -0.69
3 149.42 136.51 -0.59
4 162.77 136.34 -0.74
5 153.67 109.39 -0.82
6 171.46 138.12 -0.9
7 121.38 96.68 -2.59
8 181.23 107.31 -0.36
9 162.55 116.76 -0.68
10 134.99 99.74 -1.02
11 273.7 143.98 16.29
12 262.79 126.37 13.25
13 187.63 107.22 1.05
14 271.04 125.57 16.74
15 265.65 130.39 14.04
16 297.36 180.11 21.24
17 118.0 98.0 -0.55
18 251.0 142.0 7.2
1 159.7 97.11 -0.11
2 160.35 108.03 -0.21
3 148.35 134.59 -0.25
4 161.71 134.45 -0.24
5 152.38 107.14 -0.43
6 170.16 136.38 0.0
7 119.19 93.36 -1.68
8 180.44 104.98 0.17
9 161.54 114.72 -0.11
10 133.71 97.2 -0.62
11 280.27 143.16 19.46
12 268.39 124.49 15.6
13 187.79 104.72 0.79
14 277.96 123.71 19.88
15 271.35 128.51 16.54
16 117.76 97.43 -1.56
17 252.03 141.87 11.66
1 160.03 97.01 0.34
2 160.61 107.9 0.32
3 148.71 134.61 0.28
4 162.02 134.55 0.57
5 152.73 106.95 0.16
6 170.56 136.56 0.42
7 118.58 93.22 -1.21
8 180.83 104.94 0.75
9 161.79 114.7 0.48
10 133.81 96.61 -0.34
11 291.74 144.78 21.69
12 277.49 124.59 17.49
13 188.69 104.72 1.33
14 289.72 124.01 21.86
15 281.12 128.61 18.31
16 117.24 97.31 -1.18
17 259.29 143.06 12.88
18 242.0 145.0 5.94
19 283.0 116.0 10.94
1 159.41 94.66 1.38
2 160.02 105.77 1.73
3 147.84 132.66 1.71
4 161.36 132.58 2.18
5 151.75 104.69 1.76
6 169.9 134.59 1.62
7 117.05 90.77 -0.22
8 180.52 102.88 1.75
9 161.33 112.69 1.58
10 132.56 94.08 1.33
11 285.66 122.2 21.54
12 188.5 102.46 2.78
13 289.47 126.3 22.75
14 115.67 94.91 -0.13
15 264.86 141.66 16.34
16 242.74 144.69 11.3
17 284.65 115.64 21.37
18 246.0 136.0 5.83
19 295.0 132.0 12.62
1 160.63 92.8 0.6
2 161.45 104.06 1.08
3 149.41 131.01 0.67
4 162.96 131.05 1.89
5 153.39 102.99 0.49
6 171.69 133.05 0.86
7 117.6 89.02 -1.36
8 182.18 101.11 1.22
9 162.61 110.76 1.11
10 133.85 92.43 0.32
11 190.55 100.29 2.54
12 116.36 93.26 -1.47
13 274.34 140.53 18.4
14 249.57 143.36 12.23
15 296.66 112.48 25.29
16 247.63 135.44 11.44
17 280.0 145.0 11.51
18 16.0 26.0 -6.33
19 252.0 115.0 6.96
1 160.71 91.88 0.45
2 161.55 103.25 0.96
3 149.48 130.71 0.53
4 163.44 130.55 1.25
5 153.41 101.96 0.42
6 171.43 132.62 1.37
7 116.26 87.97 -0.5
8 182.25 99.95 1.31
9 162.75 110.15 0.88
10 133.52 91.37 0.41
11 191.48 99.34 1.92
12 114.92 92.18 -0.44
13 282.69 140.87 20.2
14 254.77 143.67 13.25
15 252.51 135.34 12.32
16 281.54 145.63 20.08
17 15.03 25.48 -11.52
18 252.55 115.36 12.43
1 161.49 93.91 -0.02
2 162.67 105.14 0.06
3 150.27 133.01 0.07
4 164.83 132.77 0.34
5 154.05 103.77 0.11
6 172.98 134.87 0.46
7 116.3 90.1 -1.06
8 183.63 101.75 0.43
9 163.82 112.23 0.12
10 134.12 93.13 -0.22
11 193.3 101.15 0.67
12 114.94 94.32 -1.06
13 295.08 144.38 20.57
14 263.21 147.0 12.58
15 260.44 138.12 11.91
16 293.82 149.25 20.53
17 260.37 116.78 11.92
18 240.0 134.0 4.55
19 262.0 137.0 7.36
20 145.0 138.0 0.32
21 178.0 137.0 0.56
1 161.11 97.72 0.28
2 162.5 109.01 0.2
3 149.93 137.23 0.22
4 164.72 137.02 0.6
5 153.82 107.69 0.06
6 172.69 139.15 0.54
7 115.56 93.87 -1.89
8 183.51 105.56 0.6
9 163.58 116.12 0.38
10 133.72 96.94 -0.35
11 193.43 104.9 1.83
12 114.28 98.07 -1.88
13 269.27 152.84 14.35
14 266.03 143.4 13.74
15 266.08 120.59 13.58
16 240.44 135.29 8.33
17 263.11 138.43 13.47
18 144.89 139.2 0.21
19 177.89 138.29 0.26
20 119.0 98.0 -1.37
21 189.0 96.0 0.39
22 272.0 130.0 7.41
1 161.65 97.03 -0.36
2 162.86 108.6 -0.28
3 150.54 136.97 -0.55
4 165.28 136.72 -0.02
5 154.32 107.36 -0.52
6 173.47 138.8 -0.72
7 115.23 93.51 -2.9
8 184.27 105.45 0.01
9 164.17 115.68 -0.41
10 134.08 96.31 -1.3
11 194.23 104.19 1.64
12 113.88 97.93 -2.82
13 277.53 153.91 17.41
14 273.86 143.68 16.65
15 274.11 119.22 16.99
16 245.63 134.99 9.58
17 270.7 138.52 16.33
18 145.52 138.94 -0.54
19 178.66 137.95 -0.44
20 119.06 98.4 -2.33
21 189.17 96.25 0.49
22 273.52 130.37 16.41
23 280.0 149.0 10.97
24 277.0 158.0 10.61
25 295.0 160.0 12.94
26 135.0 139.0 -0.57
27 272.0 133.0 9.94
28 235.0 123.0 3.91
1 161.28 96.08 -0.27
2 162.59 107.52 -0.38
3 150.07 136.06 -0.52
4 165.15 135.8 -0.24
5 153.81 105.95 -0.36
6 173.06 137.96 -0.81
7 113.26 91.77 -2.45
8 184.02 103.61 0.07
9 163.76 114.67 -0.26
10 133.24 94.71 -1.52
11 195.31 103.2 0.67
12 111.87 96.53 -2.42
13 285.43 154.32 19.83
14 281.5 143.24 18.83
15 281.82 117.31 19.53
16 249.74 133.97 10.6
17 278.22 137.8 18.36
18 145.01 138.19 -0.63
19 178.11 137.21 -0.32
20 117.35 96.69 -1.82
21 189.36 95.01 0.32
22 280.98 129.65 18.72
23 281.8 149.01 19.12
24 278.74 158.19 18.5
25 296.88 160.55 24.78
26 134.9 138.6 -1.36
27 273.61 132.51 17.33
28 235.66 122.69 6.38
29 295.0 161.0 10.28
30 296.0 141.0 10.36
31 236.0 141.0 2.72
32 157.0 109.0 -0.42
33 53.0 65.0 -5.0
34 140.0 99.0 -0.84
35 132.0 132.0 -0.86
36 236.0 113.0 3.16
1 161.42 94.84 -0.19
2 162.69 106.36 -0.1
3 150.21 135.21 -0.39
4 165.42 134.93 0.13
5 153.91 104.88 -0.24
6 172.8 137.19 -0.09
7 112.33 90.38 -2.54
8 184.48 102.22 0.12
9 164.01 113.61 -0.2
10 132.94 93.53 -1.33
11 196.29 101.88 0.14
12 111.05 95.05 -2.77
13 297.33 155.53 22.63
14 292.85 143.3 20.71
15 293.42 114.88 22.22
16 256.4 133.24 10.95
17 289.29 137.39 19.87
18 145.09 137.32 -0.49
19 178.44 136.39 -0.05
20 116.73 95.34 -1.54
21 189.99 93.46 0.63
22 292.24 128.67 20.38
23 293.36 149.74 21.01
24 289.93 159.74 19.64
25 134.67 137.72 -1.08
26 284.05 131.94 18.28
27 239.84 121.43 6.83
28 298.46 141.17 21.92
29 236.86 141.08 6.52
30 157.23 108.92 -0.41
31 52.27 64.51 -9.14
32 140.16 98.99 -1.02
33 132.32 131.99 -1.2
34 236.73 113.02 7.08
35 291.0 138.0 11.49
36 157.0 72.0 0.23
37 172.0 106.0 0.6
38 145.0 104.0 0.15
39 151.0 140.0 0.34
1 160.92 93.47 0.76
2 162.09 105.34 0.94
3 149.55 134.15 0.79
4 164.81 133.94 1.2
5 153.4 103.87 0.62
6 172.19 136.25 1.04
7 110.44 89.03 -1.36
8 184.08 100.95 1.32
9 163.42 112.56 0.95
10 131.6 92.02 -0.02
11 195.93 100.7 1.88
12 109.1 93.78 -1.51
13 261.55 132.46 13.89
14 144.38 136.23 0.77
15 177.79 135.44 1.34
16 115.15 94.08 -0.64
17 189.71 92.31 1.93
18 133.54 136.74 0.18
19 292.9 131.51 22.41
20 242.71 120.18 9.57
21 239.69 140.85 8.95
22 156.56 107.92 0.78
23 46.98 60.58 -9.7
24 139.02 97.58 0.17
25 131.14 130.86 0.04
26 239.97 111.48 9.36
27 293.06 137.82 22.26
28 157.22 71.41 0.23
29 171.93 105.63 1.36
30 144.91 103.67 0.53
31 150.99 139.62 0.83
32 248.0 113.0 5.61
33 298.0 126.0 12.75
34 177.0 99.0 0.67
35 240.0 131.0 4.57
36 115.0 66.0 -0.79
37 208.0 70.0 2.24
38 58.0 14.0 -4.26
39 212.0 53.0 2.34
40 97.0 99.0 -0.83
41 191.0 103.0 0.89
1 161.49 91.11 0.41
2 162.78 102.94 0.63
3 150.13 132.11 0.44
4 165.69 131.88 0.66
5 153.92 101.52 0.26
6 172.96 134.17 0.49
7 109.82 86.43 -2.06
8 184.95 98.3 0.94
9 164.11 110.26 0.54
10 131.94 89.46 -0.44
11 196.72 98.1 1.89
12 108.32 91.3 -2.07
13 269.24 130.11 15.38
14 144.9 134.2 0.46
15 178.71 133.35 0.8
16 115.23 91.49 -1.63
17 191.0 89.66 1.32
18 133.71 134.72 0.06
19 248.04 117.26 10.03
20 244.72 139.04 9.57
21 157.15 105.55 0.38
22 42.36 55.42 -10.97
23 139.44 95.22 -0.27
24 131.2 128.6 -0.03
25 245.12 108.43 9.69
26 157.38 68.22 0.14
27 172.91 103.32 0.56
28 145.42 101.48 0.09
29 151.62 137.56 0.49
30 249.31 112.15 10.28
31 177.36 98.38 0.84
32 241.29 130.14 8.19
33 115.05 65.05 -1.68
34 208.77 68.97 3.79
35 57.59 12.66 -8.31
36 212.49 51.35 3.82
37 97.03 98.39 -2.25
38 191.34 102.45 1.42
39 280.0 127.0 9.76
1 161.67 87.54 0.65
2 163.03 99.77 0.63
3 150.36 129.13 0.46
4 166.04 128.89 0.56
5 154.04 98.37 0.38
6 173.25 131.19 0.74
7 108.8 82.99 -2.81
8 185.43 94.79 1.08
9 164.38 107.01 0.57
10 131.52 85.93 -0.03
11 197.9 94.67 1.54
12 107.3 87.77 -2.93
13 277.33 126.56 17.79
14 145.15 131.2 0.38
15 179.15 130.37 0.6
16 114.38 88.22 -1.26
17 191.74 86.13 1.4
18 133.69 131.88 0.03
19 253.37 113.22 11.41
20 249.77 136.3 10.78
21 157.35 102.43 0.45
22 35.97 48.82 -11.2
23 139.15 91.77 -0.06
24 131.14 125.66 -0.05
25 250.31 103.94 11.11
26 157.48 64.0 0.22
27 173.29 100.09 0.58
28 145.42 98.39 0.13
29 151.83 134.62 0.56
30 254.73 107.69 11.75
31 177.69 95.05 0.92
32 245.63 127.29 9.48
33 114.01 60.66 -1.22
34 210.7 64.06 4.17
35 214.72 45.04 4.59
36 95.86 94.82 -3.06
37 192.0 98.97 1.49
38 282.01 127.41 18.87
39 214.0 77.0 2.44
40 42.0 49.0 -5.56
41 236.0 116.0 4.28
42 184.0 130.0 0.42
43 85.0 84.0 -2.51
1 162.31 86.12 0.44
2 163.56 98.46 0.18
3 150.82 127.95 0.37
4 166.56 127.76 0.73
5 154.44 97.1 0.23
6 173.79 130.03 0.77
7 107.83 81.1 -2.57
8 186.35 93.49 0.37
9 164.8 105.71 0.37
10 131.59 84.37 -0.2
11 198.93 92.98 2.16
12 106.31 86.07 -2.58
13 286.83 125.15 18.21
14 145.54 130.04 0.41
15 179.68 129.16 -0.12
16 113.71 86.5 -2.21
17 192.68 84.43 1.09
18 133.99 130.71 -0.25
19 259.69 111.1 11.36
20 255.49 135.63 11.25
21 157.8 101.12 0.23
22 30.76 44.38 -10.24
23 139.35 90.27 -0.12
24 131.39 124.33 -0.3
25 256.5 101.44 10.65
26 157.8 62.14 -0.25
27 173.7 98.83 0.61
28 145.73 97.05 0.24
29 152.34 133.48 0.35
30 261.31 105.32 11.41
31 178.47 93.9 -0.02
32 250.83 126.49 9.85
33 113.55 58.29 -1.64
34 213.04 60.74 3.28
35 217.09 41.36 2.84
36 94.83 92.65 -2.45
37 292.11 125.88 19.26
38 214.57 77.27 3.62
39 41.69 48.86 -8.84
40 237.07 116.25 7.1
41 184.25 130.17 0.48
42 84.96 84.09 -3.27
43 289.0 121.0 9.58
44 300.0 116.0 10.42
1 162.32 83.07 0.23
2 163.61 95.8 0.03
3 150.74 125.74 -0.05
4 166.57 125.53 0.7
5 154.39 94.5 -0.1
6 174.0 127.74 0.15
7 105.69 77.58 -1.95
8 186.55 90.57 0.21
9 164.84 103.14 0.11
10 131.52 81.43 -0.35
11 199.49 90.22 2.02
12 104.05 82.43 -1.95
13 296.96 122.24 19.62
14 145.48 127.78 -0.02
15 179.8 126.89 -0.48
16 112.92 83.67 -3.01
17 193.16 81.36 1.02
18 133.68 128.65 -0.35
19 265.93 107.42 11.64
20 261.67 133.87 11.66
21 157.74 98.46 0.02
22 23.65 37.67 -9.25
23 139.07 87.41 -0.07
24 131.07 122.35 -0.29
25 262.42 97.11 11.19
26 157.68 58.24 -0.35
27 173.89 96.2 -0.06
28 145.5 94.46 0.09
29 152.29 131.32 -0.03
30 267.75 101.4 11.9
31 178.63 91.2 -0.45
32 255.9 123.82 10.33
33 112.67 54.38 -1.79
34 215.34 55.54 2.78
35 219.74 35.39 2.4
36 92.48 89.12 -1.87
37 216.56 72.71 3.23
38 35.73 42.87 -8.19
39 240.75 112.76 7.1
40 184.43 127.94 0.05
41 82.37 80.97 -2.93
42 290.82 121.71 18.07
43 301.95 116.71 20.89
44 304.0 122.0 11.49
45 99.0 63.0 -1.4
46 263.0 121.0 5.86
47 17.0 34.0 -6.19
48 270.0 119.0 6.47
49 87.0 89.0 -1.55
50 219.0 8.0 1.77
1 163.22 90.09 0.15
2 163.93 102.34 0.29
3 151.53 132.86 0.09
4 167.94 132.66 0.55
5 154.98 100.86 0.02
6 175.08 134.95 0.16
7 105.27 80.22 -2.18
8 187.16 95.97 0.71
9 165.48 110.05 0.19
10 131.53 88.03 -0.12
11 201.23 97.51 1.64
12 103.68 85.26 -2.31
13 146.42 135.03 0.04
14 180.32 134.11 0.71
15 111.56 87.74 -1.84
16 194.28 87.73 1.28
17 134.12 136.1 -0.43
18 272.63 114.06 13.8
19 268.63 142.3 13.41
20 158.31 104.92 0.09
21 19.57 42.02 -11.19
22 139.49 93.52 -0.15
23 131.49 129.41 -0.38
24 268.76 103.33 13.05
25 158.25 63.54 -0.09
26 174.79 102.45 -0.04
27 146.3 100.22 0.01
28 153.12 138.56 0.13
29 274.4 107.96 14.38
30 178.81 97.7 0.44
31 262.28 130.81 11.48
32 112.04 59.86 -1.46
33 216.55 60.55 3.63
34 221.13 39.23 3.52
35 92.36 95.27 -2.62
36 218.51 78.06 3.78
37 31.99 47.38 -9.17
38 245.38 119.74 8.2
39 185.37 135.48 0.94
40 81.71 86.26 -3.28
41 301.0 129.17 21.41
42 99.06 63.36 -2.23
43 264.58 122.21 12.29
44 16.02 33.7 -11.28
45 271.68 120.01 13.6
46 87.11 89.96 -2.67
47 219.96 6.82 2.88
48 125.0 90.0 0.42
49 284.0 111.0 9.92
1 162.09 90.86 0.02
2 163.41 103.05 0.22
3 150.42 133.37 0.2
4 166.95 133.28 0.45
5 153.92 101.47 0.04
6 173.77 135.7 0.58
7 103.17 78.89 -3.42
8 186.63 96.71 0.45
9 164.59 110.62 0.3
10 130.48 88.48 -0.66
11 201.44 98.47 0.95
12 101.45 84.09 -3.41
13 145.1 135.57 0.04
14 179.29 135.06 0.15
15 109.45 87.01 -2.36
16 193.96 88.69 1.12
17 132.97 136.69 -0.47
18 279.06 115.18 15.79
19 274.6 144.53 15.19
20 157.35 105.5 0.1
21 138.49 93.96 -0.58
22 130.31 129.55 -0.54
23 274.83 103.83 14.78
24 156.98 63.95 -0.05
25 173.44 103.21 0.15
26 145.29 100.51 -0.05
27 151.99 139.09 0.17
28 281.08 108.93 16.31
29 177.99 98.51 0.12
30 267.28 132.36 12.87
31 110.47 59.72 -2.03
32 218.29 60.13 3.71
33 222.51 38.92 4.02
34 89.88 94.98 -3.59
35 219.96 78.38 4.24
36 26.23 44.88 -12.12
37 248.51 120.92 9.34
38 184.43 136.63 0.38
39 78.63 85.84 -3.55
40 96.95 63.78 -3.57
41 269.99 123.5 14.23
42 277.76 121.05 15.71
43 84.58 89.65 -3.69
44 221.3 6.08 3.01
45 124.33 89.4 -0.8
46 285.57 110.69 18.18
47 226.0 28.0 1.83
48 223.0 73.0 2.0
49 189.0 89.0 -0.57
50 221.0 14.0 0.71
1 163.39 94.58 -1.38
2 164.29 107.03 -0.77
3 151.58 138.07 -1.46
4 168.45 137.75 -1.19
5 155.0 105.56 -1.19
6 175.22 140.22 -1.02
7 102.77 82.28 -4.49
8 187.94 99.88 -0.73
9 165.61 114.58 -0.9
10 131.4 92.58 -1.58
11 202.97 102.0 0.1
12 100.99 88.02 -4.74
13 146.32 140.31 -1.73
14 181.04 139.54 -1.66
15 109.49 91.37 -2.98
16 195.58 92.29 -0.13
17 133.62 141.62 -2.09
18 287.95 118.4 16.07
19 283.6 150.24 15.1
20 158.37 109.57 -1.03
21 139.34 97.96 -1.43
22 131.09 134.56 -1.96
23 283.18 105.73 14.6
24 158.14 67.25 -1.39
25 174.82 107.03 -1.26
26 146.31 104.77 -1.24
27 153.14 143.78 -1.5
28 290.26 111.81 16.25
29 179.28 102.33 -1.18
30 275.14 136.72 12.3
31 110.54 63.24 -2.52
32 220.44 62.2 3.26
33 224.92 39.73 3.57
34 89.2 99.05 -4.7
35 222.56 80.66 3.28
36 21.77 47.26 -12.99
37 254.57 124.88 8.79
38 186.32 141.17 -1.53
39 78.2 90.43 -4.36
40 96.55 67.67 -4.51
41 278.35 127.28 13.97
42 286.79 124.45 15.64
43 83.99 93.89 -4.63
44 125.42 93.53 -1.87
45 295.44 113.21 18.95
46 226.17 29.3 3.47
47 223.33 74.3 3.47
48 189.04 90.44 -0.38
49 221.05 15.17 1.61
50 134.0 87.0 0.0
51 262.0 121.0 5.74
52 112.0 86.0 -0.48
53 145.0 107.0 -0.17
54 221.0 78.0 1.37
1 162.45 90.13 -0.63
2 163.7 102.75 -0.41
3 150.8 133.89 -0.99
4 167.63 133.57 -0.57
5 154.16 101.23 -0.65
6 174.62 136.12 -0.49
7 99.75 76.52 -3.35
8 187.33 95.38 -0.1
9 164.99 110.39 -0.51
10 129.86 87.75 -0.72
11 202.87 97.56 0.69
12 98.02 83.16 -3.58
13 145.34 136.14 -1.3
14 179.93 135.3 -0.59
15 107.14 86.51 -1.79
16 195.45 87.52 0.22
17 132.59 137.64 -1.53
18 297.09 113.06 18.83
19 291.92 147.33 17.41
20 157.69 105.33 -0.63
21 137.97 93.38 -0.77
22 129.85 129.84 -1.29
23 291.64 98.85 16.81
24 157.06 61.76 -0.44
25 173.94 102.78 -0.48
26 145.32 100.39 -0.84
27 152.31 139.64 -0.93
28 178.36 98.26 -0.34
29 281.89 133.17 14.81
30 108.52 57.23 -1.53
31 222.9 54.69 2.65
32 227.18 31.14 3.56
33 86.23 93.81 -4.25
34 224.91 74.42 3.62
35 13.23 38.15 -11.48
36 259.45 119.86 10.13
37 185.36 136.91 -0.57
38 75.14 85.68 -3.73
39 93.4 62.96 -3.33
40 286.21 122.66 16.11
41 295.65 119.7 18.46
42 80.83 88.88 -4.33
43 123.52 88.71 -0.81
44 228.32 20.83 3.53
45 225.83 67.57 3.71
46 188.71 85.49 0.05
47 222.48 6.84 1.74
48 134.1 88.2 -0.84
49 263.6 122.28 10.8
50 112.08 87.39 -1.53
51 145.1 108.16 -0.69
52 221.54 78.84 2.5
53 294.0 133.0 9.9
54 301.0 107.0 10.95
55 219.0 22.0 1.06
56 226.0 1.0 1.65
57 295.0 116.0 10.24
58 14.0 6.0 -6.37
59 189.0 141.0 0.06
60 164.0 146.0 -0.19
1 161.74 95.6 -0.23
2 163.25 108.08 -0.51
3 149.83 139.26 -0.55
4 166.91 139.12 -0.29
5 153.52 106.67 -0.61
6 173.94 141.65 -0.67
7 97.57 81.0 -3.99
8 187.06 100.48 0.02
9 164.49 115.66 -0.4
10 129.58 93.52 -1.65
11 202.84 103.03 0.69
12 95.88 88.65 -4.38
13 144.23 141.38 -0.66
14 179.18 140.88 -0.27
15 106.23 91.53 -3.1
16 195.3 93.19 0.35
17 131.33 142.93 -1.48
18 157.03 110.57 -0.53
19 137.62 99.39 -1.39
20 128.83 135.12 -1.42
21 156.64 67.45 -0.97
22 173.32 108.28 -0.36
23 144.57 106.11 -0.86
24 151.37 144.95 -0.73
25 177.88 103.58 -0.17
26 289.08 140.44 17.46
27 107.57 62.64 -2.46
28 223.77 59.96 3.49
29 228.58 36.12 4.79
30 84.07 98.72 -5.13
31 226.23 79.51 4.72
32 264.07 126.15 12.09
33 184.62 142.53 -0.1
34 73.16 90.93 -4.78
35 91.41 67.13 -4.47
36 293.89 129.34 19.35
37 78.63 93.93 -5.18
38 123.34 94.24 -1.72
39 229.72 25.74 4.9
40 227.2 72.77 4.86
41 188.45 91.27 0.19
42 222.68 13.09 2.24
43 133.66 94.04 -1.38
44 268.49 128.53 12.73
45 111.38 91.87 -2.87
46 144.47 113.81 -0.87
47 222.48 84.18 3.04
48 295.6 133.55 19.28
49 218.98 23.22 2.67
50 296.52 116.4 20.48
51 188.82 140.98 0.03
52 163.74 145.98 -0.53
53 303.0 99.0 11.17
54 308.0 124.0 12.16
55 231.0 27.0 2.63
56 101.0 51.0 -1.56
57 86.0 96.0 -2.99
1 161.81 95.37 -0.32
2 163.03 108.08 -0.34
3 149.68 139.61 -0.44
4 166.88 139.48 -0.36
5 153.38 106.62 -0.47
6 173.9 142.11 -0.52
7 95.81 80.5 -4.44
8 187.16 100.26 0.09
9 164.34 115.64 -0.32
10 128.78 92.88 -1.23
11 203.55 102.92 0.6
12 93.91 88.47 -5.1
13 143.79 141.78 -0.27
14 179.15 141.37 -0.21
15 104.86 91.1 -2.77
16 195.69 92.79 0.57
17 130.58 143.51 -1.09
18 156.9 110.56 -0.44
19 136.92 98.91 -0.98
20 128.21 135.41 -1.13
21 156.09 66.29 -0.47
22 173.33 108.23 -0.16
23 144.22 106.14 -0.52
24 151.1 145.42 -0.49
25 177.9 103.48 -0.13
26 298.37 141.55 20.52
27 106.59 61.26 -2.51
28 225.98 57.34 3.79
29 231.21 31.91 5.7
30 81.42 98.04 -5.31
31 228.71 77.7 5.79
32 270.7 126.41 14.0
33 184.63 143.08 -0.04
34 71.1 90.53 -5.31
35 89.51 66.77 -4.89
36 75.92 93.31 -5.29
37 122.39 93.77 -0.9
38 232.4 21.7 5.79
39 229.76 70.76 5.93
40 188.72 90.71 0.28
41 224.43 9.91 1.61
42 132.93 93.2 -1.04
43 275.51 128.84 14.68
44 110.21 91.6 -2.66
45 144.18 113.85 -0.6
46 224.39 82.7 3.65
47 220.3 21.19 3.3
48 188.88 141.6 0.08
49 163.64 146.47 -0.43
50 231.49 26.63 5.64
51 100.73 51.29 -2.92
52 85.43 96.23 -5.23
53 156.0 136.0 -0.02
1 161.36 93.59 -0.27
2 162.65 106.67 -0.1
3 149.25 138.36 -0.19
4 166.57 138.27 -0.05
5 152.84 105.23 -0.19
6 173.29 140.8 -0.09
7 92.96 77.3 -4.11
8 187.06 98.35 0.23
9 164.0 114.29 -0.12
10 127.76 91.21 -0.88
11 203.57 101.38 1.13
12 90.92 87.06 -4.6
13 143.56 140.48 -0.38
14 178.94 140.09 -0.08
15 103.06 89.28 -2.69
16 195.65 91.2 0.87
17 129.75 142.05 -0.91
18 156.41 109.24 -0.2
19 135.95 97.01 -0.07
20 127.35 133.79 -1.02
21 155.56 63.85 -0.28
22 172.89 106.7 0.04
23 143.68 105.03 -0.19
24 150.61 144.16 -0.19
25 177.69 102.05 0.02
26 104.65 58.54 -2.28
27 227.66 53.53 4.71
28 233.85 26.97 6.71
29 78.0 95.61 -5.02
30 231.44 74.1 6.31
31 277.75 124.8 16.1
32 184.54 141.71 0.03
33 67.43 88.38 -5.4
34 86.49 64.57 -4.65
35 72.36 90.97 -5.11
36 121.5 91.98 -1.11
37 235.21 16.23 6.51
38 232.54 67.02 6.73
39 188.6 89.1 0.57
40 225.04 7.07 2.65
41 132.11 91.62 -0.8
42 282.84 127.36 17.4
43 108.49 90.01 -2.54
44 143.55 112.84 -0.16
45 225.73 79.91 4.53
46 221.87 16.33 3.77
47 188.92 140.33 0.15
48 163.2 145.11 -0.22
49 234.19 21.69 6.39
50 98.46 48.07 -2.55
51 82.07 94.25 -4.8
52 155.96 135.56 -0.13
53 161.0 64.0 0.04
54 230.0 43.0 2.35
1 161.41 91.98 -0.58
2 162.72 105.23 -0.32
3 149.23 137.22 -0.52
4 166.55 136.98 -0.19
5 152.87 103.8 -0.53
6 173.41 139.57 -0.26
7 90.61 75.19 -3.6
8 187.29 96.82 0.07
9 164.06 112.72 -0.33
10 127.49 89.63 -1.21
11 204.3 99.31 1.26
12 88.36 85.54 -4.83
13 143.51 139.36 -0.77
14 178.98 138.8 -0.15
15 101.71 87.62 -3.06
16 196.31 89.61 0.75
17 129.46 140.92 -1.32
18 156.43 107.73 -0.55
19 135.97 95.4 -0.79
20 126.99 132.33 -1.28
21 155.55 61.33 -0.69
22 173.16 105.34 -0.37
23 143.69 103.61 -0.73
24 150.61 143.03 -0.5
25 177.79 100.63 -0.15
26 103.71 55.85 -2.73
27 230.28 49.29 4.44
28 237.61 20.71 6.94
29 75.6 93.49 -6.01
30 235.19 70.1 5.7
31 286.66 123.06 17.84
32 184.57 140.54 0.07
33 65.22 86.42 -7.21
34 84.06 61.46 -5.01
35 69.99 88.89 -6.3
36 121.38 90.49 -1.76
37 238.9 9.69 6.41
38 236.39 62.72 6.59
39 189.06 87.12 0.4
40 226.24 4.66 3.3
41 131.81 89.89 -1.15
42 292.21 125.68 19.5
43 107.23 88.46 -2.86
44 143.55 111.54 -0.65
45 228.5 76.59 4.53
46 223.8 11.64 3.73
47 188.99 139.14 0.29
48 163.21 144.0 -0.35
49 237.79 15.44 6.53
50 97.51 45.37 -2.78
51 79.67 91.67 -5.36
52 155.96 134.38 -0.36
53 160.95 63.27 -0.24
54 230.28 42.14 4.9
55 287.0 124.0 9.66
56 294.0 128.0 10.61
57 122.0 94.0 -0.67
58 244.0 68.0 4.04
59 292.0 116.0 10.35
60 230.0 67.0 2.61
1 160.78 91.21 -0.03
2 162.23 104.67 0.02
3 148.62 136.86 -0.22
4 166.19 136.64 0.24
5 152.27 103.33 -0.36
6 172.86 139.34 0.16
7 88.31 73.29 -3.19
8 187.23 95.9 0.24
9 163.57 112.35 -0.03
10 126.36 88.7 -0.79
11 204.66 98.59 1.42
12 85.32 84.77 -4.97
13 142.68 139.05 -0.36
14 178.69 138.57 0.1
15 99.26 86.47 -2.15
16 196.41 88.65 1.06
17 128.36 140.63 -1.07
18 155.8 107.29 -0.22
19 135.41 94.63 -0.75
20 125.83 131.63 -1.01
21 154.95 59.53 -0.42
22 172.67 104.71 -0.04
23 143.01 103.19 -0.43
24 150.07 142.72 -0.31
25 177.64 100.02 -0.08
26 101.84 53.52 -2.59
27 232.59 45.38 4.83
28 240.92 14.83 7.49
29 71.91 91.74 -6.12
30 238.23 66.87 6.3
31 295.53 122.36 20.92
32 184.43 140.43 0.24
33 61.06 84.8 -6.89
34 81.08 59.19 -5.12
35 66.32 87.46 -6.65
36 119.72 89.75 -1.0
37 239.68 59.2 7.37
38 189.07 86.11 0.61
39 130.74 88.98 -0.69
40 104.78 87.37 -1.9
41 142.9 111.01 -0.4
42 230.63 74.11 5.09
43 225.95 6.76 3.71
44 188.98 139.05 0.38
45 162.67 143.74 0.03
46 241.11 9.44 6.98
47 95.66 42.95 -3.0
48 76.26 90.57 -5.18
49 155.51 134.01 -0.21
50 160.75 61.45 -0.38
51 232.63 38.19 5.15
52 288.5 124.26 18.86
53 295.56 128.29 20.97
54 121.35 94.26 -0.81
55 244.44 67.62 7.98
56 293.68 116.29 20.09
57 230.45 66.55 5.18
58 203.0 89.0 0.58
59 247.0 59.0 4.4
60 175.0 133.0 -0.38
61 230.0 47.0 2.49
62 299.0 128.0 11.01
63 247.0 36.0 4.18
1 160.92 90.45 0.07
2 162.44 104.09 0.09
3 148.78 136.51 -0.24
4 166.59 136.4 0.04
5 152.38 102.77 -0.2
6 173.25 139.1 0.2
7 86.78 72.17 -3.53
8 187.42 95.42 0.6
9 163.73 111.68 0.13
10 126.24 87.97 -1.11
11 205.64 97.94 1.77
12 142.76 138.66 -0.42
13 178.9 138.37 0.4
14 98.41 85.83 -2.82
15 197.24 87.86 1.26
16 128.01 140.36 -0.98
17 155.94 106.63 -0.09
18 135.1 93.83 -0.58
19 125.65 131.27 -1.02
20 154.85 58.19 -0.1
21 172.94 104.2 0.2
22 142.96 102.74 -0.32
23 150.24 142.37 -0.31
24 177.69 99.6 0.29
25 100.67 51.7 -2.44
26 235.37 42.03 6.06
27 68.87 90.34 -6.58
28 241.74 63.72 7.36
29 184.75 140.17 0.57
30 57.54 83.56 -6.58
31 78.61 57.03 -5.16
32 63.03 86.14 -7.01
33 119.59 89.09 -1.44
34 243.83 55.46 8.34
35 189.57 85.2 0.89
36 130.63 88.28 -0.98
37 104.16 86.65 -2.64
38 142.92 110.6 -0.33
39 233.62 71.27 6.37
40 189.41 138.73 0.6
41 162.93 143.42 -0.02
42 94.45 41.07 -2.84
43 73.63 89.19 -5.69
44 155.68 133.62 -0.2
45 160.7 60.04 -0.04
46 235.58 34.39 6.56
47 298.74 123.26 22.53
48 121.29 93.57 -1.4
49 248.86 63.81 9.19
50 233.41 63.65 6.49
51 203.24 88.68 1.65
52 247.85 58.06 9.29
53 175.08 132.87 -0.04
54 230.55 45.97 5.77
55 247.5 34.57 9.95
1 160.71 90.17 -0.19
2 162.18 104.01 -0.19
3 148.26 136.58 -0.27
4 166.27 136.49 -0.1
5 151.79 102.7 -0.24
6 172.85 139.22 0.23
7 84.97 71.02 -3.94
8 187.5 94.95 0.25
9 163.52 111.63 -0.19
10 125.32 87.61 -1.3
11 206.22 97.56 1.43
12 142.21 138.73 -0.5
13 178.69 138.45 0.27
14 96.71 85.51 -2.93
15 197.59 87.71 1.05
16 127.08 140.59 -1.0
17 155.48 106.56 -0.21
18 134.55 93.7 -1.02
19 124.64 131.17 -1.02
20 154.56 56.97 -0.55
21 172.57 104.12 0.14
22 142.54 102.53 -0.65
23 149.58 142.51 -0.17
24 177.54 99.55 0.07
25 98.99 49.99 -3.07
26 237.73 38.7 6.65
27 65.03 89.03 -7.35
28 245.14 60.82 8.29
29 184.56 140.29 0.42
30 53.59 82.55 -7.33
31 75.51 54.93 -5.87
32 59.08 85.12 -7.76
33 118.43 88.72 -1.34
34 247.7 51.93 9.07
35 189.73 84.55 0.69
36 129.79 87.71 -1.21
37 102.55 86.62 -2.6
38 142.47 110.45 -0.55
39 236.49 68.72 6.4
40 189.3 138.94 0.49
41 162.55 143.59 -0.02
42 92.57 39.12 -3.4
43 70.4 87.73 -6.55
44 155.14 133.7 -0.18
45 160.39 58.83 -0.39
46 238.58 29.95 6.8
47 120.18 93.3 -1.44
48 253.25 60.23 10.28
49 236.29 60.99 6.79
50 203.71 88.54 1.57
51 252.21 54.27 10.31
52 174.49 132.96 0.12
53 232.76 42.92 6.22
54 252.36 29.67 10.05
1 160.78 88.17 0.73
2 162.35 102.3 0.34
3 148.44 135.14 0.39
4 166.53 134.85 0.66
5 151.97 100.93 0.53
6 173.36 137.57 1.01
7 83.03 68.24 -3.7
8 187.86 93.34 1.62
9 163.7 109.88 0.32
10 124.9 85.59 -0.38
11 207.45 95.13 1.91
12 142.27 137.35 0.16
13 179.24 136.86 1.46
14 95.31 82.98 -2.37
15 198.45 85.65 1.83
16 126.79 139.1 -0.29
17 155.65 104.84 0.58
18 134.37 91.59 -0.1
19 124.5 129.52 -0.4
20 154.56 53.87 0.13
21 173.0 102.39 0.81
22 142.56 100.76 0.14
23 149.79 141.08 0.49
24 177.82 97.86 1.33
25 97.59 46.55 -2.45
26 241.83 32.44 7.78
27 61.46 86.06 -6.9
28 250.13 55.29 9.69
29 185.23 138.76 1.24
30 50.14 80.13 -6.8
31 72.47 50.88 -5.25
32 55.25 82.51 -7.25
33 118.04 86.69 -0.82
34 253.32 45.65 10.0
35 190.4 82.53 1.23
36 129.48 85.56 -0.33
37 101.32 84.13 -2.14
38 142.52 108.71 0.18
39 240.47 64.18 7.86
40 189.94 137.57 1.48
41 162.9 142.15 0.52
42 91.1 35.45 -2.61
43 67.28 84.57 -5.78
44 155.37 132.11 0.42
45 160.48 55.73 0.17
46 242.69 23.31 7.96
47 119.67 91.35 -0.43
48 259.31 53.95 12.0
49 240.45 55.83 8.1
50 204.85 86.45 2.14
51 258.31 47.61 11.43
52 174.88 131.35 0.89
53 236.7 36.77 6.87
54 258.13 22.29 11.53
55 112.0 87.0 -0.13
56 254.0 46.0 6.53
1 160.8 87.19 0.44
2 162.17 101.63 0.45
3 148.18 134.53 0.54
4 166.46 134.42 0.76
5 151.81 100.26 0.54
6 173.38 137.16 1.07
7 80.57 66.22 -3.21
8 188.24 92.37 1.41
9 163.49 109.33 0.48
10 124.2 84.37 -0.51
11 208.01 94.38 2.29
12 141.94 136.71 0.33
13 179.32 136.45 1.4
14 93.73 81.63 -2.46
15 199.03 84.82 2.31
16 126.16 138.49 -0.43
17 155.49 104.21 0.59
18 133.77 90.34 -0.46
19 123.71 128.77 -0.29
20 154.26 51.88 0.2
21 173.02 101.59 0.78
22 142.18 100.13 0.25
23 149.53 140.5 0.72
24 177.94 97.05 1.28
25 95.84 43.9 -2.69
26 245.65 26.93 8.11
27 57.28 83.7 -7.4
28 254.8 50.49 10.46
29 185.38 138.34 1.17
30 45.9 78.2 -7.14
31 69.09 47.92 -5.69
32 50.96 80.42 -7.82
33 117.14 85.61 -0.73
34 258.19 40.62 11.19
35 190.72 81.43 1.64
36 128.74 84.34 -0.41
37 99.94 82.57 -2.43
38 142.25 108.2 0.28
39 244.26 60.41 8.38
40 190.27 137.13 1.3
41 162.73 141.66 0.7
42 89.14 32.52 -2.59
43 63.59 82.76 -6.2
44 155.11 131.51 0.62
45 160.22 53.71 0.23
46 246.57 17.39 8.32
47 118.87 90.27 -0.31
48 264.95 48.58 13.48
49 244.32 51.57 8.74
50 205.66 85.56 2.63
51 263.79 42.17 13.05
52 174.9 130.85 0.89
53 239.98 31.77 7.33
54 263.78 15.37 12.38
55 112.13 86.91 -1.49
56 255.45 44.93 11.13
1 161.28 85.6 0.34
2 162.72 100.25 0.15
3 148.7 133.47 0.21
4 167.11 133.29 0.32
5 152.38 98.86 0.18
6 174.22 135.96 0.74
7 79.14 64.01 -4.09
8 189.43 88.67 0.45
9 164.03 107.88 0.1
10 124.14 82.7 -0.81
11 209.41 92.85 2.42
12 142.3 135.7 -0.01
13 180.69 135.4 0.85
14 92.12 79.65 -2.51
15 200.36 83.04 2.07
16 126.22 137.53 -0.95
17 156.07 102.67 0.29
18 133.92 88.55 -0.81
19 123.74 127.69 -0.82
20 154.56 49.37 -0.12
21 173.8 100.43 0.4
22 142.56 98.63 -0.03
23 150.18 139.44 0.17
24 179.1 95.72 0.25
25 94.66 41.07 -3.19
26 250.1 20.74 8.55
27 53.61 81.08 -8.66
28 260.73 44.4 11.71
29 186.45 137.26 1.0
30 42.52 76.22 -8.64
31 66.33 44.52 -6.75
32 47.14 78.2 -9.12
33 117.04 84.38 -1.13
34 264.53 34.1 12.42
35 191.62 79.02 1.6
36 128.7 82.48 -0.83
37 98.33 80.84 -2.55
38 142.61 106.67 0.05
39 249.07 55.36 9.31
40 191.41 136.11 1.14
41 163.29 140.64 0.46
42 88.07 29.65 -3.2
43 60.39 80.3 -7.26
44 155.71 130.42 0.16
45 160.52 51.28 -0.07
46 251.32 10.34 8.93
47 118.74 89.01 -0.71
48 272.71 41.38 13.68
49 249.36 45.92 9.58
50 207.24 83.68 2.35
51 271.24 34.93 14.15
52 175.77 129.67 0.64
53 244.16 25.83 7.58
54 111.51 85.64 -1.71
55 261.74 38.44 12.2
56 79.0 81.0 -2.44
57 85.0 34.0 -1.71
58 91.0 60.0 -1.8
1 161.24 84.68 -0.31
2 162.63 99.85 -0.03
3 148.69 133.43 -0.38
4 167.16 133.21 0.09
5 152.33 98.43 -0.4
6 174.42 135.9 0.24
7 76.95 62.22 -4.07
8 189.67 87.96 0.08
9 163.94 107.58 0.03
10 123.58 82.09 -1.22
11 210.42 91.91 1.64
12 142.19 135.65 -1.15
13 180.72 135.37 0.55
14 90.87 78.66 -3.59
15 201.45 82.22 1.09
16 125.49 137.56 -1.3
17 156.06 102.37 -0.34
18 133.21 87.63 -0.53
19 123.21 127.67 -1.34
20 154.4 47.48 -0.69
21 173.81 99.88 0.02
22 142.37 98.31 -0.36
23 150.22 139.42 -0.43
24 179.21 95.35 -0.02
25 92.59 38.43 -3.4
26 254.49 14.29 7.89
27 49.02 78.92 -9.41
28 266.47 38.59 11.0
29 186.58 137.26 0.7
30 37.75 74.54 -9.22
31 62.54 41.13 -7.07
32 42.36 76.16 -9.72
33 116.15 83.71 -1.77
34 270.36 27.99 12.27
35 192.43 77.9 0.67
36 128.21 81.71 -1.18
37 97.14 79.88 -3.58
38 142.49 106.39 -0.42
39 253.56 50.76 8.63
40 191.59 136.11 0.87
41 163.39 140.69 -0.01
42 86.29 27.16 -3.5
43 56.39 78.29 -8.0
44 155.7 130.35 -0.3
45 160.42 49.35 -0.55
46 255.73 3.1 7.98
47 118.4 88.44 -1.81
48 279.09 35.45 13.7
49 253.97 40.73 8.8
50 208.48 82.82 1.1
51 277.94 28.26 14.2
52 175.77 129.58 0.15
53 247.93 20.0 6.83
54 110.34 85.02 -2.02
55 267.6 32.34 11.48
56 78.45 80.83 -5.11
57 84.64 33.84 -3.63
58 90.57 59.76 -3.76
1 161.34 86.73 -0.25
2 162.69 102.01 -0.11
3 148.66 136.01 -0.4
4 167.34 135.72 0.04
5 152.37 100.65 -0.47
6 174.79 138.54 0.17
7 74.54 63.42 -3.86
8 189.76 90.59 0.19
9 164.02 109.73 -0.13
10 122.96 84.14 -0.72
11 211.79 93.79 1.41
12 141.87 138.31 -1.18
13 181.28 137.8 0.3
14 88.72 80.91 -3.55
15 202.37 84.43 0.74
16 125.09 140.47 -1.38
17 156.12 104.51 -0.38
18 132.9 89.63 -0.6
19 122.66 129.58 -1.09
20 154.26 48.64 -0.65
21 173.98 102.07 0.04
22 142.23 100.46 -0.4
23 150.16 142.06 -0.34
24 179.2 97.53 0.1
25 90.79 39.02 -3.53
26 259.69 10.44 8.29
27 43.61 79.5 -9.21
28 273.33 35.39 11.97
29 187.27 139.6 0.37
30 32.66 75.55 -9.23
31 58.72 40.69 -7.32
32 36.88 76.71 -9.82
33 115.45 85.94 -1.56
34 277.89 23.71 13.51
35 193.09 80.01 0.35
36 127.57 83.72 -0.72
37 95.01 81.75 -3.61
38 142.38 108.61 -0.45
39 258.81 49.06 9.2
40 192.43 138.5 0.45
41 163.58 143.38 -0.08
42 83.87 26.92 -3.3
43 51.97 79.03 -8.1
44 155.72 132.87 -0.31
45 160.33 50.5 -0.61
46 117.52 90.63 -0.86
47 287.39 31.44 14.78
48 259.44 38.21 9.38
49 209.56 85.07 0.98
50 286.41 23.57 15.19
51 176.09 132.13 0.22
52 252.48 16.85 7.35
53 109.34 87.21 -2.13
54 274.92 28.45 12.29
55 75.83 82.25 -4.93
56 82.3 33.93 -3.76
57 88.41 60.7 -3.82
58 143.0 136.0 -0.12
1 160.72 89.1 -0.13
2 162.29 104.44 0.0
3 147.88 138.61 -0.22
4 167.03 138.32 0.23
5 151.53 103.1 -0.22
6 174.46 141.2 0.14
7 71.93 64.81 -3.63
8 189.67 92.15 0.2
9 163.68 112.17 -0.04
10 122.26 86.39 -1.05
11 212.11 95.81 1.81
12 140.5 141.05 0.02
13 180.79 140.52 0.58
14 86.67 83.15 -3.54
15 202.33 86.72 1.02
16 123.75 143.14 -1.06
17 155.36 106.97 -0.2
18 132.31 92.03 -0.9
19 121.6 132.36 -1.07
20 153.49 50.25 -0.34
21 173.72 104.51 0.08
22 141.58 102.94 -0.52
23 149.43 144.71 -0.21
24 179.14 99.67 0.06
25 88.61 40.18 -3.81
26 38.29 80.25 -10.16
27 278.77 32.88 14.01
28 186.84 142.41 0.6
29 27.22 76.94 -10.88
30 54.35 40.96 -8.08
31 31.19 78.09 -11.06
32 113.85 88.31 -0.95
33 284.03 20.3 15.54
34 192.87 81.6 0.65
35 126.92 85.95 -1.12
36 92.98 83.98 -3.75
37 141.63 111.05 -0.39
38 262.77 47.98 10.92
39 191.96 141.27 0.91
40 163.05 146.08 0.06
41 82.08 28.44 -4.31
42 47.33 79.85 -8.79
43 155.0 135.41 -0.23
44 159.52 52.11 -0.36
45 116.66 93.34 -1.11
46 294.37 28.08 16.38
47 263.49 36.53 11.17
48 209.51 87.36 1.63
49 293.53 19.67 17.14
50 175.7 134.66 0.2
51 255.48 14.97 8.69
52 107.68 89.56 -2.22
53 280.45 25.68 14.5
54 72.74 83.83 -5.01
55 80.21 35.21 -4.6
56 86.19 62.32 -3.69
57 142.55 135.94 -0.14
1 161.11 88.58 -0.32
2 162.68 104.05 -0.24
3 148.28 138.62 -0.54
4 167.39 138.32 -0.02
5 151.91 102.68 -0.54
6 174.98 141.31 -0.1
7 70.12 63.29 -4.31
8 189.98 92.44 0.39
9 164.02 111.77 -0.26
10 122.21 85.77 -1.81
11 213.54 94.91 1.47
12 140.65 141.07 -0.3
13 181.64 140.57 -0.04
14 84.69 82.16 -3.54
15 203.25 86.13 0.99
16 123.68 143.31 -1.69
17 155.79 106.57 -0.5
18 132.24 91.35 -1.26
19 121.57 132.29 -1.76
20 153.58 48.53 -0.41
21 174.1 104.12 -0.16
22 141.8 102.6 -0.87
23 149.86 144.77 -0.6
24 179.37 99.53 0.06
25 86.78 37.69 -4.25
26 33.33 77.94 -11.38
27 286.85 25.82 15.19
28 187.65 142.35 -0.01
29 22.33 74.98 -12.09
30 50.4 37.08 -8.58
31 25.74 75.78 -12.31
32 113.91 87.92 -1.84
33 292.95 12.03 16.57
34 193.52 81.2 0.91
35 126.76 85.34 -1.67
36 90.86 83.3 -3.67
37 141.94 110.68 -0.79
38 269.18 42.56 11.89
39 192.93 141.26 0.28
40 163.53 146.15 -0.26
41 80.47 26.02 -4.27
42 43.08 78.31 -10.08
43 155.44 135.38 -0.58
44 159.67 50.34 -0.49
45 116.66 92.86 -2.09
46 270.12 30.28 11.89
47 210.83 86.53 1.2
48 176.43 134.63 -0.04
49 106.99 89.14 -2.48
50 288.81 18.08 15.65
51 70.19 82.44 -4.89
52 78.37 32.51 -4.66
53 84.28 60.35 -3.9
54 142.88 135.88 -0.44
1 160.23 88.61 0.1
2 162.02 104.33 0.03
3 147.42 139.07 -0.09
4 166.88 138.72 0.27
5 150.97 102.99 -0.17
6 174.32 141.75 0.33
7 67.56 62.33 -5.32
8 189.82 91.94 0.27
9 163.47 112.03 0.01
10 120.54 85.75 -1.88
11 213.92 94.64 1.78
12 140.15 141.45 -0.45
13 180.86 141.15 0.68
14 82.42 81.76 -4.14
15 203.3 85.9 1.4
16 122.09 143.62 -1.19
17 154.82 106.87 -0.08
18 131.1 91.46 -1.34
19 119.84 132.47 -1.38
20 153.05 47.43 -0.55
21 173.68 104.43 0.1
22 140.77 103.04 -0.06
23 148.84 145.29 -0.07
24 179.15 99.6 0.14
25 84.26 35.91 -4.54
26 26.65 75.83 -11.87
27 294.39 19.32 16.26
28 187.0 143.02 0.61
29 45.42 34.76 -9.2
30 18.64 74.06 -13.27
31 112.14 87.6 -2.24
32 193.47 80.66 1.06
33 125.3 85.35 -1.72
34 88.48 83.04 -4.24
35 140.97 111.07 -0.15
36 274.76 38.01 13.02
37 192.72 142.17 0.64
38 162.75 146.84 0.21
39 77.48 23.59 -3.95
40 36.98 76.35 -10.05
41 154.39 135.77 -0.07
42 159.08 49.23 -0.55
43 114.74 92.38 -1.95
44 275.84 24.85 13.26
45 211.1 86.34 1.58
46 175.62 135.11 0.52
47 104.99 88.86 -2.26
48 66.72 81.87 -4.63
49 75.31 30.16 -4.68
50 81.63 59.08 -4.54
51 142.21 136.28 -0.21
1 160.55 88.16 -0.08
2 162.31 104.21 -0.1
3 147.61 139.3 -0.2
4 167.26 138.86 0.12
5 151.21 102.96 -0.3
6 174.7 142.02 0.31
7 65.14 60.65 -5.16
8 190.26 92.05 0.34
9 163.65 111.91 -0.07
10 120.3 85.33 -1.71
11 215.16 94.14 2.49
12 140.13 141.73 -0.53
13 181.56 141.37 0.54
14 80.53 80.96 -3.79
15 204.32 85.36 1.75
16 121.46 144.12 -1.07
17 155.1 106.8 -0.23
18 130.79 90.92 -1.11
19 119.45 132.52 -1.18
20 152.99 45.77 -0.46
21 173.91 104.33 0.07
22 140.82 102.88 -0.13
23 149.11 145.55 -0.27
24 179.35 99.58 0.38
25 81.95 33.62 -4.68
26 20.62 73.48 -12.51
27 187.61 143.15 0.55
28 40.73 31.01 -9.6
29 11.95 71.61 -14.74
30 111.88 87.33 -1.83
31 194.4 79.8 0.93
32 124.98 84.81 -1.53
33 86.52 82.24 -4.13
34 141.04 110.77 -0.2
35 282.33 31.71 14.36
36 193.1 142.25 0.81
37 163.1 147.21 0.07
38 75.63 21.35 -4.37
39 32.04 74.22 -11.2
40 154.65 135.94 -0.16
41 159.02 47.57 -0.45
42 114.57 91.93 -2.07
43 283.32 17.79 14.68
44 212.19 85.75 2.32
45 176.24 135.23 0.4
46 104.1 88.47 -2.43
47 64.75 81.24 -5.39
48 73.09 27.84 -5.05
49 79.79 57.62 -4.79
50 142.36 136.47 -0.25
1 147.23 139.65 1.02
2 167.06 139.37 1.42
3 174.57 142.52 1.06
4 62.02 59.26 -2.91
5 139.58 142.16 1.24
6 181.52 141.85 1.04
7 120.71 144.63 0.15
8 118.36 132.62 -0.11
9 152.53 44.49 2.84
10 173.8 104.41 1.73
11 148.6 146.04 1.07
12 13.63 70.93 -14.22
13 187.57 143.73 0.97
14 193.34 142.9 1.69
15 162.84 147.82 1.68
16 154.26 136.35 1.05
17 158.56 46.29 2.58
18 176.11 135.6 1.35
19 102.1 88.34 -2.14
20 76.85 55.91 -4.6
21 141.86 136.74 0.76
1 147.27 139.36 6.8
2 167.23 138.97 7.3
3 174.95 142.31 6.9
4 139.29 141.99 7.22
5 181.91 141.55 6.89
6 119.85 144.46 7.32
7 117.82 132.46 6.88
8 173.92 103.79 7.25
9 148.67 145.8 6.79
10 188.03 143.42 6.81
11 193.83 142.71 6.91
12 163.05 147.77 6.93
13 154.32 135.93 6.77
14 176.54 135.25 6.98
15 141.91 136.51 6.7
1 151.75 106.33 2.21
2 172.09 105.83 2.34
3 179.48 108.93 2.22
4 144.48 109.45 1.8
5 186.42 108.0 2.26
6 124.53 108.58 2.53
7 121.85 102.03 2.74
8 177.99 69.7 3.06
9 153.7 113.73 1.65
10 192.54 110.06 2.23
11 198.63 110.1 2.08
12 168.0 115.94 1.87
13 158.66 102.96 2.29
14 181.11 102.35 2.25
15 146.17 103.99 2.32
16 131.0 72.0 -0.8
17 222.0 69.0 -0.07
18 161.0 26.0 -0.93
19 167.0 70.0 -0.43
1 154.01 123.38 -0.05
2 174.56 123.8 0.01
3 181.81 127.05 -0.11
4 146.4 126.66 -0.06
5 188.74 126.38 -0.02
6 127.18 124.87 -0.05
7 124.68 118.43 -0.05
8 180.89 88.2 0.21
9 155.43 131.26 -0.03
10 194.82 128.35 -0.01
11 200.76 128.28 -0.03
12 170.01 133.67 -0.07
13 161.01 120.67 -0.05
14 183.44 121.19 -0.07
15 148.55 120.5 -0.06
16 130.4 71.6 -0.15
17 221.55 68.4 0.47
18 159.9 25.53 0.32
19 166.52 69.44 0.13
1 153.93 119.39 0.23
2 174.57 119.82 0.1
3 181.67 123.12 0.19
4 146.27 122.66 0.25
5 188.68 122.41 0.16
6 127.02 120.81 0.28
7 124.55 114.41 0.23
8 181.07 83.99 0.19
9 155.31 127.31 0.23
10 194.76 124.35 0.22
11 200.73 124.08 0.06
12 169.87 129.78 0.18
13 160.92 116.68 0.25
14 183.37 117.25 0.03
15 148.47 116.52 0.21
16 130.17 67.19 0.2
17 221.99 63.73 0.2
18 160.03 20.11 0.35
19 166.61 64.91 0.2
1 153.96 119.6 0.21
2 174.54 120.15 0.02
3 181.74 123.39 0.12
4 146.34 122.91 0.2
5 188.74 122.58 0.1
6 127.13 121.08 0.15
7 124.64 114.66 0.15
8 181.07 84.36 0.16
9 155.37 127.51 0.11
10 194.83 124.5 0.14
11 200.77 124.27 0.06
12 169.9 130.0 0.18
13 160.96 117.02 0.24
14 183.37 117.46 0.06
15 148.5 116.74 0.17
16 130.21 67.5 0.13
17 221.97 64.12 0.2
18 160.12 20.58 0.19
19 166.55 65.39 0.22
20 127.0 127.0 -0.01
1 154.05 119.68 0.11
2 174.59 120.2 0.03
3 181.79 123.45 0.06
4 146.41 123.03 0.11
5 188.77 122.62 0.07
6 127.21 121.11 0.08
7 124.7 114.64 0.07
8 181.15 84.37 0.08
9 155.41 127.58 0.07
10 194.88 124.52 0.09
11 200.77 124.28 0.01
12 169.95 130.05 0.11
13 161.07 117.06 0.1
14 183.4 117.52 0.02
15 148.56 116.84 0.09
16 130.28 67.49 0.07
17 222.13 64.12 0.03
18 160.25 20.57 0.13
19 166.67 65.38 0.1
20 126.9 126.93 0.1
21 232.0 66.0 -0.03
22 71.0 27.0 -0.01
23 169.0 87.0 -0.02
1 154.17 119.65 -0.01
2 174.64 120.22 -0.02
3 181.86 123.48 0.03
4 146.56 122.98 0.01
5 188.84 122.66 0.01
6 127.29 121.18 0.02
7 124.79 114.72 0.02
8 181.25 84.41 -0.0
9 155.51 127.58 0.02
10 194.96 124.55 0.02
11 200.8 124.29 -0.01
12 170.06 130.09 -0.01
13 161.19 117.07 -0.01
14 183.43 117.55 0.01
15 148.67 116.82 -0.02
16 130.34 67.54 0.03
17 222.18 64.15 0.01
18 160.31 20.56 0.07
19 166.77 65.4 -0.02
20 126.99 126.96 0.02
21 231.98 65.96 -0.02
22 71.0 27.05 -0.04
23 168.96 86.99 0.01
1 154.2 119.67 -0.01
2 174.58 120.21 0.08
3 181.83 123.49 0.07
4 146.57 122.99 0.03
5 188.84 122.65 0.01
6 127.3 121.16 0.01
7 124.8 114.73 0.01
8 181.24 84.39 0.01
9 155.52 127.6 0.0
10 194.99 124.54 0.0
11 200.76 124.29 0.03
12 170.07 130.08 0.01
13 161.23 117.07 -0.01
14 183.43 117.53 0.01
15 148.7 116.85 -0.02
16 130.36 67.53 0.01
17 222.18 64.12 0.02
18 160.36 20.54 -0.01
19 166.75 65.4 0.03
20 127.0 126.92 -0.0
21 231.97 65.94 -0.0
22 70.98 26.96 0.01
23 168.95 87.01 0.02
1 154.16 119.65 0.01
2 174.64 120.2 0.03
3 181.88 123.47 -0.02
4 146.58 122.97 -0.01
5 188.84 122.64 -0.0
6 127.31 121.16 -0.03
7 124.81 114.73 -0.03
8 181.25 84.38 0.0
9 155.51 127.59 0.0
10 194.98 124.57 -0.01
11 200.8 124.34 -0.02
12 170.05 130.07 0.0
13 161.2 117.05 0.0
14 183.46 117.5 -0.01
15 148.68 116.84 -0.01
16 130.36 67.57 0.0
17 222.2 64.16 0.0
18 160.41 20.54 -0.02
19 166.79 65.41 -0.01
20 127.01 126.94 -0.03
21 232.03 65.91 -0.04
22 71.0 26.97 -0.04
23 169.0 87.0 0.0
1 154.19 119.66 -0.01
2 174.58 120.24 -0.04
3 181.86 123.48 0.0
4 146.57 122.98 -0.01
5 188.85 122.64 -0.01
6 127.32 121.16 0.01
7 124.81 114.72 0.02
8 181.26 84.44 -0.01
9 155.54 127.58 -0.05
10 194.99 124.59 -0.01
11 200.81 124.35 -0.03
12 170.04 130.07 0.07
13 161.22 117.08 0.0
14 183.43 117.52 -0.02
15 148.68 116.86 -0.01
16 130.37 67.56 -0.01
17 222.2 64.13 0.0
18 160.38 20.52 -0.02
19 166.76 65.39 0.02
20 127.01 126.93 0.01
21 231.98 65.96 -0.02
22 71.04 27.04 -0.06
23 168.95 86.98 0.03
[INFO] [WallTime: 1432307285.626382] Stop TurtleBot
1 154.17 119.66 0.01
2 174.6 120.25 -0.2
3 181.91 123.49 -0.1
4 146.58 123.0 -0.02
5 188.85 122.65 -0.02
6 127.31 121.19 0.01
7 124.8 114.72 0.01
8 181.24 84.43 0.0
9 155.48 127.61 0.05
10 194.99 124.56 -0.01
11 200.77 124.31 0.03
12 170.06 130.11 0.04
13 161.2 117.08 0.01
14 183.45 117.54 -0.03
15 148.69 116.87 -0.01
16 130.36 67.57 0.0
17 222.19 64.16 -0.02
18 160.37 20.54 0.0
19 166.76 65.4 0.07
20 127.02 126.99 -0.01
21 231.99 65.97 -0.02
22 70.97 27.01 0.02
23 168.96 86.99 0.02
1 154.17 119.63 -0.0
2 174.48 120.24 -0.04
3 181.83 123.5 0.08
4 146.56 122.97 0.04
5 188.83 122.66 0.04
6 127.31 121.2 0.01
7 124.81 114.73 -0.0
8 181.24 84.41 0.0
9 155.47 127.61 0.02
10 194.97 124.58 0.03
11 200.79 124.34 0.03
12 170.06 130.1 -0.03
13 161.2 117.07 0.01
14 183.41 117.54 0.01
15 148.68 116.84 -0.01
16 130.37 67.55 0.0
17 222.19 64.18 -0.01
18 160.36 20.55 0.01
19 166.79 65.42 0.0
20 126.99 127.0 0.02
21 231.99 66.0 -0.03
22 70.98 27.01 -0.04
23 168.94 86.99 0.07
1 154.18 119.65 -0.01
2 174.46 120.27 -0.1
3 181.93 123.5 -0.03
4 146.59 122.99 -0.02
5 188.86 122.65 0.02
6 127.31 121.2 0.0
7 124.81 114.73 -0.01
8 181.24 84.42 0.03
9 155.5 127.59 -0.02
10 194.99 124.58 0.01
11 200.81 124.36 0.04
12 170.04 130.06 0.04
13 161.21 117.1 -0.0
14 183.44 117.55 -0.02
15 148.67 116.86 0.02
16 130.37 67.56 -0.01
17 222.16 64.17 0.02
18 160.39 20.54 -0.05
19 166.8 65.42 -0.02
20 126.99 126.99 0.01
21 231.93 65.99 0.03
22 70.99 27.01 -0.04
23 168.97 87.01 -0.0
1 154.18 119.64 -0.03
2 174.34 120.28 0.05
3 181.82 123.49 0.06
4 146.58 122.96 0.01
5 188.86 122.65 0.01
6 127.31 121.21 0.0
7 124.8 114.73 0.0
8 181.24 84.45 0.03
9 155.51 127.6 -0.03
10 194.98 124.57 0.0
11 200.85 124.33 0.01
12 170.11 130.07 0.02
13 161.22 117.09 -0.03
14 183.39 117.54 0.02
15 148.67 116.84 -0.02
16 130.37 67.56 0.0
17 222.17 64.19 0.01
18 160.36 20.56 -0.0
19 166.82 65.4 0.0
20 127.0 127.02 0.0
21 231.93 66.05 0.08
22 70.97 27.08 0.02
23 168.96 87.01 0.01
1 154.17 119.66 -0.01
2 174.41 120.29 -0.01
3 181.85 123.52 0.01
4 146.58 122.98 0.0
5 188.86 122.67 -0.01
6 127.32 121.18 -0.01
7 124.81 114.73 -0.0
8 181.25 84.42 0.02
9 155.47 127.61 0.01
10 194.98 124.57 0.0
11 200.85 124.28 0.01
12 170.04 130.07 0.03
13 161.21 117.11 -0.03
14 183.38 117.56 0.04
15 148.68 116.87 -0.02
16 130.36 67.52 -0.0
17 222.19 64.18 -0.02
18 160.35 20.55 0.01
19 166.78 65.41 0.0
20 127.01 126.97 -0.02
21 232.03 66.01 -0.03
22 70.99 27.04 0.05
23 168.98 87.02 0.05
1 154.16 119.65 -0.0
2 174.33 120.29 -0.05
3 181.85 123.52 0.02
4 146.59 123.01 0.01
5 188.87 122.67 -0.01
6 127.3 121.2 0.01
7 124.79 114.72 0.01
8 181.27 84.41 -0.01
9 155.49 127.61 -0.05
10 194.99 124.58 0.01
11 200.86 124.3 0.03
12 170.06 130.08 0.02
13 161.2 117.1 -0.01
14 183.39 117.56 0.04
15 148.67 116.89 -0.0
16 130.36 67.53 0.01
17 222.18 64.19 0.0
18 160.39 20.53 -0.01
19 166.81 65.43 -0.03
20 126.98 127.01 0.02
21 232.02 65.97 -0.04
22 71.01 27.09 -0.04
23 168.99 87.01 -0.01
1 154.17 119.66 -0.02
2 174.33 120.27 0.06
3 181.88 123.51 -0.02
4 146.59 122.99 -0.02
5 188.87 122.69 -0.01
6 127.32 121.19 -0.01
7 124.8 114.72 0.0
8 181.26 84.44 0.03
9 155.5 127.62 -0.07
10 195.02 124.58 -0.02
11 200.86 124.35 0.02
12 170.09 130.06 -0.08
13 161.2 117.1 -0.01
14 183.41 117.57 0.01
15 148.67 116.89 -0.02
16 130.36 67.52 0.01
17 222.21 64.18 -0.01
18 160.37 20.52 -0.0
19 166.79 65.43 -0.01
20 127.0 127.0 -0.01
21 231.99 66.01 0.04
22 70.95 27.06 0.05
23 168.99 87.01 -0.02
1 154.18 119.68 -0.01
2 174.31 120.3 0.02
3 181.8 123.52 0.04
4 146.59 123.0 0.01
5 188.85 122.68 0.01
6 127.31 121.22 -0.0
7 124.8 114.75 0.0
8 181.28 84.43 -0.01
9 155.49 127.63 -0.01
10 195.0 124.59 -0.0
11 200.88 124.33 0.0
12 170.09 130.06 -0.03
13 161.21 117.12 -0.02
14 183.42 117.56 -0.03
15 148.67 116.87 0.0
16 130.37 67.53 -0.01
17 222.17 64.17 0.02
18 160.37 20.55 0.02
19 166.77 65.43 0.0
20 127.0 127.0 -0.0
21 231.99 66.04 0.01
22 70.98 27.02 0.01
23 168.96 87.01 0.04
1 154.16 119.67 0.02
2 174.29 120.27 0.09
3 181.84 123.51 -0.01
4 146.56 122.99 0.01
5 188.87 122.67 -0.02
6 127.3 121.2 0.0
7 124.8 114.71 -0.0
8 181.27 84.45 0.0
9 155.48 127.61 0.02
10 194.99 124.55 -0.0
11 200.86 124.36 0.03
12 170.04 130.11 -0.0
13 161.19 117.13 0.01
14 183.41 117.54 -0.03
15 148.64 116.86 0.01
16 130.36 67.56 -0.01
17 222.19 64.16 -0.0
18 160.4 20.57 -0.05
19 166.76 65.44 0.04
20 126.98 127.03 0.01
21 231.97 66.08 0.05
22 70.97 27.05 0.03
23 169.03 87.02 -0.1
24 68.0 22.0 -0.0
1 154.16 119.71 -0.01
2 174.44 120.27 -0.01
3 181.8 123.52 0.04
4 146.59 123.02 0.01
5 188.86 122.68 0.0
6 127.3 121.23 0.01
7 124.8 114.75 0.02
8 181.26 84.45 0.02
9 155.5 127.63 -0.03
10 194.99 124.57 0.01
11 200.88 124.35 0.04
12 170.08 130.05 0.01
13 161.19 117.11 -0.02
14 183.38 117.54 0.01
15 148.66 116.9 0.01
16 130.36 67.56 0.0
17 222.19 64.17 -0.03
18 160.39 20.57 -0.03
19 166.81 65.42 -0.03
20 127.0 127.03 0.0
21 232.0 66.05 0.05
22 70.94 27.04 0.03
23 168.93 87.04 0.01
24 67.95 22.0 0.02
1 154.17 119.71 0.01
2 174.37 120.3 0.1
3 181.85 123.55 -0.02
4 146.58 123.02 -0.02
5 188.84 122.67 0.01
6 127.31 121.22 0.01
7 124.79 114.74 0.01
8 181.28 84.44 -0.01
9 155.51 127.62 -0.02
10 194.98 124.57 0.01
11 200.86 124.34 0.05
12 169.99 130.11 0.06
13 161.19 117.14 -0.0
14 183.37 117.57 -0.01
15 148.65 116.9 0.01
16 130.37 67.54 -0.01
17 222.18 64.16 0.01
18 160.36 20.59 -0.02
19 166.81 65.42 0.01
20 127.0 127.03 -0.0
21 232.02 65.98 0.06
22 70.98 27.05 0.02
23 168.95 87.03 0.01
24 67.96 21.99 0.03
