1 90.0 111.0 -0.01
2 89.0 101.0 0.0
3 85.0 116.0 -0.02
4 81.0 99.0 0.01
5 70.0 44.0 0.0
6 159.0 84.0 -0.0
7 69.0 5.0 0.02
1 89.99 111.0 0.02
2 89.01 101.0 -0.01
3 84.99 115.99 0.01
4 81.01 98.98 -0.01
5 69.99 44.0 0.0
6 159.0 84.01 0.01
7 69.01 5.02 0.0
8 85.0 105.0 0.01
9 60.0 45.0 0.01
10 82.0 27.0 -0.01
11 52.0 42.0 0.04
12 92.0 126.0 -0.01
1 90.0 110.97 0.0
2 89.01 101.01 -0.03
3 85.0 115.97 -0.01
4 81.0 98.99 0.01
5 70.03 43.98 -0.01
6 158.98 84.02 0.01
7 68.99 5.0 0.02
8 85.0 104.99 -0.0
9 60.01 45.02 -0.01
10 82.0 27.02 -0.0
11 52.03 42.02 0.0
12 92.02 126.04 -0.03
13 260.0 107.0 -0.01
14 254.0 118.0 -0.0
15 273.0 114.0 0.03
16 92.0 96.0 -0.0
17 160.0 92.0 -0.01
18 90.0 34.0 -0.01
1 90.01 110.99 -0.01
2 88.99 101.02 0.01
3 84.98 115.99 -0.01
4 81.0 99.01 0.0
5 70.01 43.98 0.02
6 159.0 84.02 -0.01
7 68.99 4.96 -0.01
8 85.01 104.99 -0.02
9 59.99 45.02 0.03
10 82.0 27.02 -0.0
11 52.04 42.03 0.02
12 91.99 126.01 -0.02
13 260.01 107.0 -0.0
14 253.99 118.0 -0.01
15 273.02 114.01 0.0
16 91.99 96.0 0.01
17 159.99 92.03 -0.02
18 89.98 33.98 0.0
1 89.99 110.99 0.0
2 89.0 101.03 0.02
3 84.98 115.99 -0.01
4 81.01 99.0 0.0
5 70.01 44.0 -0.0
6 159.02 84.04 -0.0
7 69.02 5.0 -0.04
8 85.0 104.99 0.01
9 60.01 45.0 -0.02
10 82.0 26.99 0.0
11 52.05 42.02 -0.02
12 92.01 126.0 -0.04
13 260.01 106.98 -0.0
14 253.99 118.0 0.01
15 273.01 113.99 0.01
16 91.99 96.01 0.02
17 159.97 92.05 -0.02
18 89.97 33.96 0.02
1 89.99 111.01 0.02
2 89.01 101.01 -0.0
3 84.96 116.0 0.01
4 81.02 98.99 -0.0
5 69.99 43.98 0.01
6 158.99 84.02 0.0
7 69.0 5.02 -0.01
8 85.01 104.99 -0.0
9 60.02 45.03 -0.04
10 82.01 26.99 -0.01
11 52.07 42.02 -0.04
12 91.98 126.03 0.07
13 260.01 106.98 -0.01
14 254.0 117.99 -0.04
15 273.01 113.98 -0.01
16 92.0 95.98 -0.0
17 159.96 92.05 -0.01
18 89.98 33.94 0.01
1 90.0 110.99 0.02
2 88.99 101.01 0.02
3 84.98 115.99 0.01
4 81.02 98.98 0.01
5 70.0 43.98 -0.02
6 158.99 84.05 -0.01
7 68.99 5.03 0.03
8 85.0 104.98 0.01
9 60.03 45.03 -0.03
10 82.02 27.0 -0.04
11 52.04 42.02 -0.0
12 92.01 126.0 0.0
13 260.01 106.96 -0.0
14 254.03 117.98 -0.05
15 273.03 114.0 0.0
16 92.01 95.97 -0.01
17 159.95 92.06 -0.02
18 89.98 33.96 0.01
19 272.0 120.0 0.02
20 259.0 133.0 -0.01
1 90.0 110.98 0.01
2 89.02 101.02 -0.02
3 84.98 115.99 0.01
4 81.01 98.99 0.02
5 70.02 43.98 -0.04
6 159.0 84.02 -0.04
7 68.99 5.04 0.03
8 85.01 104.99 -0.02
9 60.01 45.0 -0.02
10 82.01 27.01 -0.0
11 52.01 42.0 0.04
12 92.02 126.02 0.02
13 260.0 107.01 0.01
14 254.01 117.99 -0.02
15 272.99 113.98 0.02
16 92.02 95.99 -0.02
17 159.95 92.04 -0.0
18 89.99 33.97 0.03
19 272.0 120.01 -0.0
20 258.98 133.03 -0.0
1 90.01 110.99 -0.0
2 89.01 101.02 -0.01
3 84.98 116.0 0.0
4 81.04 98.99 -0.03
5 69.97 43.96 0.02
6 158.99 84.02 -0.01
7 68.99 5.02 0.0
8 85.0 104.99 0.0
9 59.99 45.01 -0.01
10 82.0 27.0 -0.0
11 52.06 42.05 -0.0
12 92.03 126.02 0.04
13 260.0 106.97 0.02
14 253.99 118.02 -0.04
15 273.0 113.96 0.0
16 91.99 96.0 0.01
17 159.98 92.04 0.02
18 89.98 33.99 0.02
19 272.0 120.01 0.02
20 258.99 133.0 -0.05
1 90.02 110.99 -0.26
2 89.01 101.02 0.0
3 84.99 116.0 -0.37
4 81.01 98.99 0.37
5 69.99 44.0 1.09
6 158.98 84.04 -0.01
7 69.0 5.06 0.61
8 85.0 104.99 0.09
9 60.0 45.05 0.95
10 82.01 27.02 0.98
11 52.06 42.05 0.82
12 92.03 125.99 -0.35
13 259.99 106.97 -0.44
14 253.98 118.02 -0.28
15 273.02 113.98 -0.46
16 92.0 95.99 0.07
17 159.94 92.06 -0.03
18 90.01 34.01 0.8
19 272.01 120.06 -0.46
20 258.99 133.03 -0.12
1 90.01 110.96 -2.84
2 89.02 101.01 -2.71
3 84.96 115.99 -2.89
4 81.02 98.99 -2.94
5 70.02 43.95 -2.21
6 159.0 84.03 -1.76
7 69.02 5.04 -1.27
8 84.99 104.98 -2.73
9 60.03 45.03 -2.04
10 82.01 27.0 -0.97
11 52.08 42.04 -2.55
12 92.04 125.99 -3.3
13 259.99 106.99 2.65
14 253.98 118.01 2.52
15 273.02 113.96 4.1
16 92.0 95.98 -2.53
17 160.01 92.09 -1.65
18 89.99 34.01 -0.75
19 272.03 120.0 4.23
20 258.98 133.01 3.53
21 63.0 4.0 -1.91
1 88.77 137.32 -0.96
2 88.39 127.18 -1.04
3 83.64 142.55 -0.88
4 80.56 124.99 -1.91
5 73.0 69.39 -5.53
6 158.47 109.08 0.59
7 72.76 29.62 -5.59
8 84.29 130.96 -1.06
9 63.08 70.38 -5.75
10 85.41 51.61 -4.37
11 55.35 67.42 -7.14
12 90.11 153.99 -0.5
13 259.27 137.77 12.36
14 253.68 148.98 11.0
15 272.57 145.93 15.11
16 91.65 121.9 -1.52
17 159.35 117.48 0.79
18 92.92 58.14 -3.42
19 271.63 151.74 15.25
20 259.14 164.97 12.18
21 66.18 25.03 -5.96
22 79.0 136.0 0.67
23 131.0 99.0 1.26
24 235.0 134.0 5.63
25 254.0 140.0 7.97
26 53.0 4.0 -0.95
27 149.0 129.0 1.75
28 240.0 148.0 5.77
29 47.0 63.0 -1.4
1 87.71 125.58 -0.34
2 87.11 115.47 -0.3
3 82.77 130.61 -0.55
4 78.77 113.25 -1.11
5 67.82 57.78 -2.15
6 158.01 97.83 1.51
7 67.44 18.99 -2.09
8 83.1 119.26 -0.58
9 58.01 59.06 -2.95
10 81.04 41.31 -1.4
11 49.3 55.77 -4.21
12 89.64 142.05 -0.97
13 265.22 123.43 14.99
14 258.8 135.35 13.3
15 279.95 131.56 17.8
16 89.96 110.32 -0.22
17 159.1 105.97 1.59
18 89.42 48.43 -0.26
19 279.18 137.58 17.75
20 264.78 151.46 14.48
21 60.64 14.52 -2.35
22 79.77 135.53 -0.77
23 131.61 98.15 0.98
24 236.67 133.34 8.46
25 256.3 139.48 12.96
26 52.37 -0.21 -1.85
27 149.98 128.3 1.41
28 241.62 147.49 9.43
29 46.63 60.67 -4.28
30 58.0 9.0 -1.81
1 87.68 127.4 -1.36
2 87.23 117.26 -1.47
3 82.52 132.49 -1.37
4 78.4 115.09 -2.15
5 67.37 58.78 -4.09
6 159.26 99.64 0.5
7 66.84 18.97 -3.56
8 83.05 121.07 -1.67
9 56.91 59.64 -4.85
10 80.88 41.82 -3.27
11 47.86 56.42 -6.25
12 89.34 144.03 -1.61
13 273.25 125.48 16.03
14 265.84 137.67 14.05
15 289.26 134.2 19.61
16 90.02 112.13 -1.44
17 160.3 107.79 0.59
18 89.5 49.23 -1.37
19 288.41 140.48 19.61
20 272.17 155.31 15.72
21 59.92 14.35 -4.02
22 79.35 137.4 -1.56
23 132.31 99.79 0.28
24 241.36 135.7 8.34
25 263.14 141.85 13.68
26 51.84 -0.63 -2.11
27 150.74 130.01 0.95
28 246.74 150.84 9.53
29 45.32 61.33 -6.6
30 57.73 8.63 -3.72
31 50.0 55.0 -3.05
32 77.0 130.0 -1.2
33 50.0 5.0 -2.4
34 66.0 75.0 -2.55
35 221.0 105.0 2.52
36 293.0 129.0 10.92
37 105.0 58.0 -0.56
38 216.0 129.0 2.16
39 43.0 46.0 -3.52
1 86.97 126.84 -1.41
2 86.49 116.49 -1.33
3 81.84 132.05 -1.38
4 77.06 114.32 -1.2
5 65.33 56.82 -4.18
6 159.55 98.95 0.81
7 64.98 16.22 -3.81
8 82.15 120.45 -1.39
9 54.55 57.51 -5.1
10 79.36 39.62 -2.84
11 44.5 53.76 -6.24
12 88.34 143.75 -1.61
13 281.84 124.78 17.58
14 273.46 137.97 15.5
15 89.41 111.31 -1.7
16 160.67 107.17 1.0
17 88.88 47.87 -1.69
18 298.91 141.07 22.85
19 280.65 156.66 17.45
20 57.83 11.47 -4.31
21 78.66 136.9 -1.83
22 132.55 99.24 0.29
23 245.8 135.94 9.35
24 270.53 142.31 15.0
25 151.36 129.42 0.93
26 251.91 151.73 10.41
27 41.71 58.66 -6.45
28 55.74 5.65 -4.07
29 49.61 55.33 -5.73
30 76.59 130.34 -1.54
31 49.54 4.96 -4.52
32 65.5 75.16 -4.37
33 221.39 105.0 4.52
34 295.0 129.47 21.04
35 104.93 58.44 -0.98
36 216.32 129.25 4.1
37 42.35 46.33 -6.46
38 78.0 124.0 -0.7
39 294.0 122.0 10.36
1 85.92 127.17 -0.54
2 85.52 116.63 -0.61
3 80.74 132.42 -0.44
4 76.06 114.55 -0.28
5 62.79 54.85 -3.46
6 159.7 99.27 1.69
7 62.69 13.12 -3.07
8 81.08 120.63 -0.38
9 51.39 55.29 -4.17
10 77.61 37.6 -2.07
11 40.57 51.22 -5.46
12 87.25 144.6 -0.66
13 290.81 125.22 20.71
14 281.44 139.55 18.18
15 88.32 111.43 -0.9
16 160.79 107.48 1.74
17 87.83 46.59 -1.18
18 289.72 159.61 20.16
19 55.45 8.18 -3.79
20 77.18 137.56 -0.62
21 132.44 99.42 1.38
22 250.5 137.13 11.3
23 278.31 144.01 17.65
24 151.54 129.85 1.47
25 256.91 153.69 12.17
26 37.76 56.18 -5.63
27 53.49 2.07 -3.74
28 45.84 52.75 -4.46
29 75.35 130.66 -0.82
30 47.21 1.52 -3.98
31 62.84 74.04 -3.32
32 223.79 104.54 5.77
33 104.22 57.26 -0.14
34 218.31 129.91 5.62
35 38.53 43.43 -5.71
36 77.54 124.86 -0.53
37 295.67 122.54 21.11
38 73.0 106.0 -0.73
39 294.0 138.0 11.27
40 63.0 62.0 -1.67
41 210.0 132.0 2.66
42 173.0 130.0 1.24
43 235.0 149.0 4.56
44 235.0 134.0 4.72
45 227.0 95.0 3.57
1 85.63 128.18 -1.33
2 85.27 117.64 -1.39
3 80.55 133.52 -1.34
4 75.98 115.48 -0.94
5 60.91 54.58 -4.57
6 160.62 99.9 1.14
7 60.9 11.54 -4.08
8 80.92 121.63 -1.07
9 49.03 54.7 -5.45
10 76.43 37.04 -3.05
11 37.52 50.36 -6.92
12 86.83 145.98 -1.37
13 291.18 141.27 20.05
14 87.8 112.53 -1.52
15 161.85 108.25 0.98
16 87.19 46.46 -1.55
17 53.28 6.43 -4.65
18 76.91 138.71 -1.72
19 133.28 100.04 0.64
20 256.5 138.45 12.0
21 287.71 145.93 19.63
22 152.46 130.65 0.72
23 263.89 156.15 12.73
24 34.5 55.28 -7.03
25 43.47 52.24 -5.84
26 75.1 131.68 -2.07
27 60.8 73.81 -4.03
28 226.58 104.38 5.95
29 104.05 57.35 -0.77
30 221.38 130.52 4.95
31 35.41 42.36 -7.19
32 77.35 125.82 -1.21
33 73.02 106.57 -1.95
34 296.34 138.89 21.69
35 62.79 62.23 -4.28
36 210.53 132.33 3.77
37 173.41 130.42 1.35
38 236.18 149.92 7.31
39 236.09 134.61 7.75
40 227.57 95.4 6.27
41 257.0 154.0 5.69
42 206.0 131.0 1.43
43 156.0 109.0 0.3
1 85.62 129.3 -2.22
2 85.26 118.78 -2.19
3 80.56 135.09 -2.15
4 75.94 116.65 -1.1
5 59.2 54.15 -5.51
6 161.84 100.73 0.75
7 59.39 10.38 -4.81
8 81.09 122.79 -1.67
9 47.01 54.27 -6.76
10 75.51 36.55 -3.95
11 34.75 49.53 -8.44
12 86.73 147.54 -2.03
13 87.69 113.68 -2.33
14 162.91 109.13 0.71
15 86.82 46.47 -2.18
16 76.74 140.0 -2.29
17 134.31 100.95 0.28
18 263.6 140.15 13.06
19 298.68 148.34 22.8
20 153.51 131.66 0.24
21 271.52 158.96 14.39
22 31.75 54.44 -8.79
23 41.18 51.61 -6.86
24 74.76 132.91 -3.01
25 59.68 74.35 -5.91
26 230.39 104.41 5.95
27 104.29 57.59 -1.71
28 224.48 131.58 5.21
29 32.35 41.35 -8.36
30 77.32 127.09 -1.76
31 72.31 107.34 -2.4
32 61.17 61.87 -5.34
33 213.45 133.38 3.52
34 174.89 131.38 0.9
35 241.02 152.31 7.92
36 241.06 136.58 8.05
37 231.46 95.43 6.41
38 259.07 154.4 10.8
39 206.87 131.08 3.19
40 156.33 109.07 0.6
41 69.0 122.0 -0.84
42 267.0 143.0 8.11
43 71.0 142.0 -1.31
1 84.27 127.26 -2.41
2 83.82 116.52 -2.49
3 79.18 133.18 -2.45
4 75.09 114.35 -1.44
5 55.72 49.58 -5.27
6 161.98 98.59 0.75
7 79.86 120.54 -1.92
8 42.91 49.24 -6.89
9 72.89 31.53 -3.5
10 29.45 44.04 -8.41
11 85.43 145.64 -2.53
12 86.21 111.47 -2.84
13 162.97 106.98 0.74
14 85.4 42.71 -2.31
15 75.19 138.08 -2.4
16 134.11 98.78 0.4
17 270.21 138.18 14.45
18 153.51 129.46 0.23
19 278.81 158.69 16.27
20 26.28 49.01 -8.6
21 37.01 46.57 -7.32
22 72.9 130.89 -2.94
23 56.19 70.03 -5.74
24 233.52 101.12 6.35
25 103.2 54.13 -1.48
26 227.19 129.41 5.45
27 27.3 35.45 -8.39
28 76.11 124.9 -1.96
29 70.91 104.58 -3.01
30 57.9 57.5 -5.29
31 214.65 131.38 3.89
32 175.24 129.22 0.8
33 244.85 151.43 8.67
34 244.95 134.62 8.87
35 234.73 92.03 6.82
36 264.33 153.65 12.33
37 207.76 129.06 3.66
38 156.4 106.96 0.66
39 69.06 121.45 -3.03
40 268.62 142.61 14.48
41 70.9 141.55 -4.1
42 67.0 112.0 -1.52
1 82.62 127.07 -2.41
2 82.3 116.05 -2.46
3 77.47 132.95 -2.23
4 74.05 114.08 -1.48
5 52.82 46.7 -6.06
6 162.24 98.45 0.75
7 78.52 120.18 -2.0
8 39.36 46.11 -7.7
9 70.55 28.32 -4.0
10 24.85 40.44 -9.27
11 83.79 146.2 -2.43
12 84.53 110.84 -2.7
13 163.2 106.87 0.73
14 84.25 40.81 -2.58
15 73.45 137.92 -2.1
16 134.23 98.66 0.13
17 277.59 139.39 16.06
18 153.49 129.2 0.39
19 287.18 161.51 18.38
20 21.6 45.5 -9.39
21 33.23 43.36 -8.05
22 70.83 130.61 -2.66
23 52.98 67.66 -6.41
24 236.54 99.61 7.14
25 102.05 52.21 -1.32
26 229.75 129.98 5.97
27 22.68 31.17 -9.18
28 74.64 124.67 -1.93
29 69.21 104.07 -3.47
30 55.12 54.9 -6.02
31 216.84 131.57 3.82
32 175.48 128.99 0.88
33 249.26 153.34 9.75
34 249.44 135.04 9.78
35 238.08 90.31 7.44
36 270.41 155.38 14.24
37 209.88 129.15 3.18
38 156.58 106.85 0.65
39 67.26 121.41 -3.36
40 276.02 143.98 16.04
41 68.48 141.5 -4.18
42 66.22 111.78 -2.54
43 64.0 129.0 -2.36
1 81.4 126.51 -2.01
2 80.84 115.5 -1.83
3 76.25 133.07 -1.9
4 73.41 113.42 -1.03
5 49.82 43.79 -5.91
6 162.79 97.98 0.86
7 77.5 119.56 -1.61
8 35.54 42.96 -7.91
9 68.95 25.74 -4.08
10 20.24 36.93 -9.55
11 82.53 146.61 -2.1
12 82.83 110.58 -1.99
13 163.73 106.58 0.93
14 82.71 38.42 -2.02
15 72.42 137.93 -1.92
16 134.47 98.33 0.42
17 286.21 140.22 18.85
18 153.7 129.08 1.17
19 296.83 164.26 21.63
20 16.77 41.99 -9.63
21 29.14 40.12 -8.16
22 69.38 130.49 -1.8
23 49.47 65.37 -6.07
24 240.58 98.17 8.43
25 101.69 50.81 -1.23
26 233.1 129.88 7.26
27 18.05 27.48 -9.5
28 73.74 124.39 -1.67
29 67.31 103.48 -3.0
30 52.11 52.24 -5.59
31 218.6 131.49 4.57
32 176.03 128.86 1.13
33 254.36 154.9 11.43
34 254.63 135.71 11.63
35 242.3 88.13 8.82
36 278.06 157.29 16.22
37 211.47 128.8 3.89
38 157.07 106.54 1.13
39 65.42 121.3 -3.03
40 284.56 144.84 18.81
41 66.31 141.45 -4.14
42 65.16 111.29 -2.56
43 63.37 129.05 -3.4
44 69.0 107.0 -0.2
45 295.0 136.0 11.48
46 258.0 143.0 6.92
1 80.48 126.96 -2.16
2 80.21 115.55 -2.58
3 75.43 133.51 -2.12
4 73.06 113.55 -1.47
5 46.42 41.36 -5.94
6 163.31 98.04 0.99
7 76.81 119.8 -1.96
8 31.1 40.04 -7.84
9 66.49 22.99 -3.73
10 14.9 33.55 -9.79
11 81.58 147.35 -2.67
12 82.18 110.64 -2.93
13 164.41 106.66 1.12
14 81.68 37.12 -2.23
15 71.58 138.42 -2.18
16 134.71 98.74 0.76
17 296.43 141.44 21.24
18 154.57 129.15 0.99
19 11.44 38.67 -10.3
20 24.47 37.01 -8.37
21 68.39 130.8 -1.87
22 46.35 63.56 -6.47
23 245.23 96.92 9.13
24 100.89 49.53 -0.98
25 237.11 130.27 7.76
26 12.66 23.79 -9.37
27 73.04 124.69 -1.82
28 65.97 103.53 -4.17
29 48.7 49.8 -5.37
30 221.59 131.8 4.54
31 176.68 129.0 1.55
32 260.72 156.62 12.53
33 260.8 136.34 12.7
34 246.93 86.35 9.67
35 286.82 159.46 18.25
36 213.99 129.04 3.91
37 157.75 106.64 1.19
38 63.97 121.52 -2.81
39 294.75 146.14 21.12
40 64.33 141.86 -4.78
41 63.96 111.5 -2.61
42 61.72 129.31 -3.37
43 69.54 106.95 -1.23
44 297.73 135.99 21.33
45 259.61 143.1 12.59
46 59.0 102.0 -2.96
1 79.14 126.75 -1.97
2 78.71 115.4 -1.73
3 73.99 133.4 -1.72
4 72.11 113.27 -0.94
5 43.04 38.62 -6.26
6 163.69 97.95 1.5
7 75.67 119.54 -1.49
8 26.58 36.63 -8.07
9 64.44 20.34 -4.04
10 9.37 29.73 -9.71
11 80.0 147.75 -2.14
12 80.56 110.52 -2.18
13 164.71 106.52 1.25
14 80.42 35.24 -2.09
15 70.2 138.47 -1.7
16 134.89 98.82 0.9
17 154.94 129.2 1.25
18 19.55 33.42 -8.4
19 67.33 130.66 -1.88
20 42.51 61.25 -6.51
21 249.96 95.48 10.1
22 100.26 48.0 -1.19
23 241.05 130.5 9.15
24 7.45 19.72 -9.92
25 71.65 124.45 -1.25
26 63.67 103.22 -3.93
27 45.66 47.25 -5.73
28 223.62 132.03 5.74
29 177.21 129.0 1.9
30 267.27 158.9 14.23
31 267.56 137.38 14.45
32 252.0 84.29 11.25
33 296.58 162.21 20.95
34 215.71 129.07 5.01
35 158.22 106.49 1.22
36 61.77 121.19 -1.44
37 61.41 141.94 -4.24
38 61.95 111.14 -1.92
39 59.37 129.09 -2.22
40 68.53 106.64 -0.42
41 266.33 144.4 14.27
42 58.3 101.95 -4.51
43 273.0 153.0 8.45
44 262.0 98.0 6.67
45 71.0 144.0 -0.8
46 280.0 173.0 8.82
1 77.84 128.01 -2.2
2 77.38 116.5 -1.49
3 72.9 134.83 -2.07
4 71.43 114.43 -1.27
5 39.73 37.3 -7.01
6 164.34 98.85 1.32
7 74.55 120.74 -1.52
8 22.27 34.87 -9.09
9 62.31 18.75 -4.58
10 4.12 27.53 -7.12
11 78.66 149.67 -2.31
12 78.85 111.58 -1.67
13 165.55 107.56 0.89
14 78.91 34.27 -2.16
15 69.12 139.92 -1.97
16 135.48 99.46 0.56
17 155.57 130.4 0.86
18 15.19 31.61 -9.73
19 66.11 132.02 -1.85
20 38.96 60.33 -7.5
21 255.37 95.09 11.29
22 99.72 47.97 -1.04
23 245.79 131.83 10.02
24 1.96 17.0 -7.84
25 70.83 125.78 -1.47
26 61.26 104.41 -3.3
27 42.58 45.91 -6.59
28 226.66 133.54 5.48
29 178.27 130.01 1.45
30 274.51 162.35 16.23
31 274.98 139.75 16.24
32 257.9 83.19 12.51
33 218.39 130.38 4.8
34 158.98 107.57 0.96
35 60.88 122.41 -1.36
36 59.19 143.42 -5.31
37 61.27 112.29 -2.24
38 58.06 130.37 -2.26
39 68.19 107.58 -0.4
40 273.62 146.91 16.12
41 55.33 103.19 -4.21
42 274.48 153.23 16.19
43 263.4 97.89 12.94
44 70.78 143.9 -2.2
45 281.43 173.4 17.51
46 56.0 116.0 -1.65
1 76.78 127.84 -2.68
2 76.79 116.29 -2.29
3 71.99 134.89 -2.57
4 70.99 114.25 -2.23
5 36.19 33.87 -8.08
6 165.34 98.63 1.05
7 73.96 120.6 -2.36
8 17.4 30.78 -10.22
9 59.62 14.76 -4.96
10 -0.73 23.48 -9.63
11 77.62 150.07 -3.0
12 78.08 111.42 -2.43
13 166.11 107.37 1.22
14 78.2 32.24 -3.57
15 68.3 139.88 -2.38
16 135.86 99.47 0.61
17 156.31 130.27 0.56
18 9.83 27.3 -11.01
19 65.28 131.87 -2.43
20 35.19 57.58 -9.01
21 261.64 93.29 11.89
22 98.98 45.85 -1.33
23 251.49 132.14 10.5
24 70.29 125.62 -2.2
25 59.45 104.37 -1.84
26 39.29 43.21 -7.71
27 229.93 133.75 5.73
28 179.29 130.03 1.06
29 283.48 164.86 17.29
30 283.91 140.77 17.56
31 264.64 80.85 13.44
32 221.36 130.43 4.94
33 159.55 107.44 1.03
34 60.21 122.25 -2.11
35 56.36 143.51 -6.03
36 59.81 112.17 -1.22
37 56.79 130.06 -2.12
38 68.11 107.2 -1.04
39 282.56 148.37 17.22
40 53.4 103.19 -4.98
41 283.43 154.86 17.11
42 270.57 96.2 13.91
43 69.95 143.84 -2.63
44 291.07 176.61 18.57
45 55.65 115.96 -2.6
46 264.0 149.0 6.96
47 293.0 162.0 10.18
48 26.0 53.0 -5.52
49 36.0 36.0 -4.57
50 240.0 92.0 4.17
51 283.0 171.0 8.92
52 237.0 136.0 3.9
1 75.47 128.03 -3.37
2 75.6 116.38 -2.94
3 70.58 135.12 -3.2
4 69.81 114.26 -2.74
5 31.74 30.71 -8.83
6 165.74 98.42 1.0
7 72.72 120.68 -3.04
8 11.6 27.14 -10.26
9 57.07 11.77 -5.62
10 -4.92 21.02 -7.16
11 76.0 151.01 -3.36
12 76.8 111.3 -2.89
13 166.54 107.13 1.13
14 76.44 30.2 -3.62
15 66.89 140.21 -3.02
16 136.15 99.18 0.44
17 156.58 130.34 0.71
18 3.88 23.65 -8.47
19 64.02 132.11 -2.74
20 30.13 55.25 -9.53
21 267.85 91.14 12.97
22 98.45 44.73 -2.18
23 257.02 132.31 11.8
24 69.21 125.71 -2.97
25 57.92 104.23 -1.62
26 35.09 40.49 -8.5
27 233.09 133.84 6.07
28 179.95 130.0 0.83
29 292.69 167.46 19.94
30 293.24 141.95 20.04
31 271.71 78.01 14.87
32 224.02 130.42 5.26
33 160.02 107.18 0.81
34 59.37 122.31 -2.15
35 53.21 144.17 -6.47
36 58.96 112.07 -1.65
37 55.68 130.17 -2.27
38 67.67 106.94 -2.36
39 291.63 149.88 19.71
40 50.6 103.25 -4.8
41 292.49 156.86 19.77
42 277.63 93.93 15.95
43 68.35 144.24 -2.96
44 54.15 116.06 -2.26
45 265.34 149.14 13.14
46 294.95 162.25 20.37
47 24.6 52.3 -9.8
48 35.04 35.16 -8.69
49 240.81 91.42 7.62
50 284.61 171.31 17.21
51 237.86 135.85 7.09
52 47.0 110.0 -2.15
53 46.0 121.0 -2.42
54 228.0 134.0 3.07
1 73.37 127.0 -2.9
2 73.83 115.33 -2.63
3 68.61 134.09 -2.75
4 68.19 113.1 -2.54
5 26.72 25.98 -9.18
6 166.22 97.23 1.08
7 70.9 119.58 -2.77
8 53.71 7.1 -5.32
9 74.03 150.38 -3.2
10 75.07 110.03 -2.47
11 167.12 106.04 1.22
12 74.42 26.67 -3.76
13 65.29 139.27 -2.65
14 136.18 97.96 0.86
15 156.79 129.27 1.34
16 62.18 130.88 -2.04
17 24.84 51.16 -9.67
18 275.0 87.79 14.98
19 97.12 41.52 -1.66
20 263.19 131.64 13.43
21 67.46 124.58 -2.83
22 57.07 102.69 -1.42
23 30.32 36.05 -8.83
24 235.96 133.14 7.48
25 180.36 129.07 1.76
26 279.64 73.74 16.79
27 226.39 129.53 6.4
28 160.44 106.11 1.1
29 57.52 121.36 -1.28
30 49.17 143.3 -5.96
31 58.02 110.66 -1.39
32 54.15 128.9 -1.7
33 66.36 105.55 -2.43
34 47.5 102.46 -3.13
35 285.98 90.59 18.74
36 66.68 143.4 -2.92
37 52.5 114.71 -1.22
38 272.19 149.41 15.18
39 19.22 48.05 -10.16
40 30.1 30.3 -9.01
41 244.72 88.43 8.89
42 293.66 173.51 19.69
43 241.58 135.32 8.43
44 46.22 109.32 -2.55
45 45.26 120.58 -3.29
46 228.09 133.74 6.59
47 272.0 135.0 7.82
48 289.0 75.0 9.84
1 71.74 126.99 -3.64
2 72.39 115.3 -3.11
3 67.12 134.28 -3.51
4 66.74 112.9 -2.97
5 21.85 21.99 -8.85
6 166.91 97.12 1.08
7 69.36 119.49 -3.36
8 72.29 151.25 -3.77
9 73.68 109.6 -2.89
10 167.79 105.88 1.36
11 72.7 24.04 -3.2
12 63.65 139.51 -3.14
13 136.78 97.51 0.52
14 157.43 129.19 1.18
15 61.06 130.9 -2.63
16 19.86 48.14 -10.18
17 282.61 85.12 17.65
18 96.21 39.65 -1.44
19 270.57 131.98 14.76
20 65.84 124.7 -3.48
21 56.26 102.51 -2.1
22 25.76 32.56 -8.92
23 240.15 133.44 7.65
24 181.06 129.04 1.66
25 288.66 69.81 19.22
26 229.94 129.73 6.54
27 161.03 105.76 1.29
28 57.1 121.29 -2.1
29 45.76 143.65 -5.7
30 57.26 110.51 -2.17
31 53.29 128.85 -1.92
32 65.08 105.24 -3.05
33 45.67 101.27 -2.48
34 295.78 87.87 21.5
35 65.09 143.68 -3.45
36 51.83 114.51 -1.96
37 280.24 151.01 16.35
38 13.97 44.89 -10.62
39 25.33 26.28 -8.8
40 249.56 86.52 10.01
41 246.22 135.83 8.6
42 44.74 108.82 -2.22
43 43.33 120.31 -3.27
44 231.72 133.89 6.71
45 273.7 135.09 14.91
46 291.15 74.39 19.27
47 39.0 97.0 -2.89
48 278.0 127.0 8.69
49 36.0 114.0 -1.97
1 70.5 126.86 -4.85
2 71.29 115.27 -4.87
3 65.9 134.15 -4.73
4 65.75 112.69 -4.85
5 17.22 17.3 -10.67
6 167.77 96.78 0.48
7 68.17 119.39 -4.91
8 70.78 151.79 -4.68
9 72.73 109.27 -4.7
10 168.92 105.7 0.58
11 70.69 20.39 -3.99
12 62.71 139.54 -4.45
13 137.34 97.2 -0.1
14 158.63 128.96 0.3
15 60.27 130.75 -3.84
16 14.42 44.42 -12.01
17 292.09 81.85 19.02
18 95.52 37.2 -2.43
19 278.78 132.18 15.48
20 64.67 124.66 -4.84
21 55.98 101.88 -2.72
22 20.99 28.4 -9.96
23 244.55 133.63 7.71
24 182.38 128.84 0.81
25 299.13 65.33 20.36
26 233.82 129.78 6.21
27 162.18 105.64 0.41
28 56.42 120.99 -3.51
29 42.71 143.96 -4.49
30 56.93 110.19 -2.75
31 52.62 128.62 -3.08
32 64.14 104.79 -4.74
33 44.61 100.9 -3.1
34 63.78 143.85 -4.53
35 51.57 114.37 -2.82
36 289.44 152.68 17.73
37 8.27 40.89 -12.67
38 20.69 21.68 -10.41
39 255.2 84.29 9.86
40 251.24 136.2 8.66
41 43.92 108.52 -3.27
42 42.03 119.96 -3.32
43 235.68 133.93 6.44
44 282.02 135.28 15.8
45 301.49 69.77 20.49
46 38.96 96.74 -5.45
47 280.21 127.01 15.69
48 36.14 113.96 -4.39
49 65.0 98.0 -2.9
50 290.0 130.0 9.38
51 31.0 117.0 -3.23
1 67.43 125.92 -3.97
2 68.34 114.39 -4.36
3 63.08 133.3 -4.01
4 62.87 111.66 -4.31
5 11.44 11.65 -11.05
6 167.94 95.69 1.14
7 65.13 118.34 -4.18
8 67.89 151.93 -4.25
9 69.93 108.44 -4.37
10 169.07 104.69 0.8
11 68.61 16.88 -4.24
12 59.75 138.93 -3.72
13 137.16 95.89 0.4
14 158.56 128.26 0.94
15 57.95 129.79 -2.82
16 94.13 34.14 -2.27
17 286.82 131.91 17.91
18 61.58 123.63 -3.79
19 53.91 100.59 -1.68
20 15.54 23.5 -10.7
21 248.52 133.42 9.39
22 182.75 127.96 1.31
23 236.98 129.49 7.34
24 162.27 104.7 0.79
25 54.49 119.91 -2.23
26 39.44 143.49 -3.0
27 54.86 108.83 -1.73
28 50.8 127.54 -2.38
29 60.75 103.57 -3.84
30 42.35 99.36 -2.06
31 60.81 143.42 -4.03
32 49.63 113.11 -1.76
33 298.66 154.19 21.38
34 15.05 16.31 -10.81
35 260.38 81.05 11.44
36 255.61 136.05 10.45
37 41.73 107.11 -2.18
38 39.54 118.74 -2.16
39 238.99 133.61 7.5
40 290.17 135.09 18.54
41 35.2 94.6 -2.97
42 288.31 126.73 18.31
43 33.31 112.61 -2.7
44 63.74 97.9 -4.28
45 291.6 130.12 18.74
46 30.07 116.87 -5.02
47 28.0 83.0 -4.68
1 65.4 125.73 -4.91
2 65.98 114.77 -5.19
3 60.89 133.32 -4.45
4 60.53 112.02 -4.46
5 168.32 96.03 1.29
6 62.88 118.66 -5.12
7 65.75 153.22 -4.96
8 67.51 108.92 -5.11
9 169.56 105.02 0.73
10 66.03 14.28 -3.98
11 57.79 139.53 -4.14
12 137.23 96.3 0.5
13 158.97 128.58 1.05
14 56.15 130.31 -3.11
15 92.4 32.49 -1.76
16 296.27 132.71 21.28
17 59.55 123.92 -3.73
18 52.95 100.66 -2.19
19 9.43 19.63 -10.6
20 253.41 134.29 10.68
21 183.32 128.47 1.25
22 240.95 130.23 7.88
23 162.65 105.11 0.85
24 52.56 120.4 -1.61
25 37.96 144.09 -3.51
26 53.86 109.16 -2.25
27 49.22 127.79 -2.05
28 58.81 103.78 -4.21
29 41.24 99.49 -2.7
30 58.9 144.11 -4.69
31 48.48 113.49 -1.97
32 8.84 12.16 -10.5
33 266.39 79.27 12.7
34 261.19 137.19 11.32
35 40.48 107.5 -2.5
36 38.36 119.15 -2.37
37 243.06 134.42 8.19
38 33.01 94.43 -2.55
39 31.59 112.89 -2.33
40 61.51 98.25 -5.1
41 27.18 117.19 -3.99
42 27.09 82.52 -10.2
43 26.0 97.0 -2.89
1 62.71 126.24 -6.37
2 63.23 115.07 -6.71
3 58.32 134.06 -5.85
4 57.84 112.25 -5.3
5 169.13 96.27 0.21
6 60.21 119.0 -6.46
7 62.54 154.69 -5.83
8 64.72 109.14 -6.74
9 169.89 105.44 0.22
10 63.97 12.22 -5.2
11 55.47 140.35 -6.13
12 137.52 96.44 -0.31
13 159.36 129.14 0.15
14 54.53 130.82 -5.07
15 91.73 31.37 -3.29
16 57.31 124.62 -5.0
17 51.91 100.76 -3.88
18 258.97 135.29 10.69
19 184.05 128.89 0.62
20 245.07 131.04 7.55
21 163.04 105.48 0.18
22 51.75 120.72 -4.15
23 35.64 144.94 -4.96
24 52.8 109.45 -3.37
25 47.93 128.33 -3.74
26 56.27 104.05 -4.37
27 39.76 99.5 -3.6
28 55.89 145.01 -6.02
29 47.55 113.73 -3.32
30 273.27 77.25 12.83
31 267.24 138.55 11.17
32 39.11 107.73 -3.69
33 36.77 119.52 -3.87
34 247.27 135.29 7.83
35 31.75 94.51 -3.49
36 30.18 113.27 -3.82
37 58.82 98.52 -6.6
38 24.47 117.51 -4.46
39 22.18 81.48 -12.76
40 24.92 96.61 -4.75
41 41.0 125.0 -3.38
42 264.0 83.0 5.26
43 280.0 80.0 6.97
44 27.0 87.0 -2.31
45 20.0 111.0 -3.95
46 292.0 121.0 8.77
47 14.0 151.0 -8.02
1 59.3 127.65 -5.83
2 59.62 116.33 -6.08
3 55.08 135.4 -4.77
4 54.89 113.52 -3.82
5 169.22 97.37 0.95
6 56.64 120.33 -4.73
7 59.11 157.43 -5.52
8 61.08 109.98 -6.32
9 169.93 106.62 1.14
10 51.87 142.28 -5.06
11 137.32 97.64 0.06
12 159.35 130.41 0.87
13 51.82 132.32 -4.43
14 89.89 30.07 -3.02
15 54.7 125.98 -4.2
16 49.97 101.8 -4.01
17 264.45 137.54 13.15
18 184.26 130.16 1.39
19 248.9 132.66 9.62
20 163.1 106.61 0.95
21 49.83 122.13 -3.93
22 33.09 146.7 -3.96
23 50.78 110.66 -2.62
24 46.06 129.58 -2.89
25 53.77 105.15 -3.59
26 37.61 100.45 -3.3
27 52.27 147.13 -5.15
28 45.57 114.97 -2.3
29 279.87 75.56 15.48
30 272.88 140.71 13.7
31 36.71 108.83 -2.95
32 34.75 120.67 -2.75
33 251.32 136.93 9.8
34 29.71 95.46 -3.26
35 27.76 114.44 -2.83
36 55.45 99.69 -5.66
37 21.7 118.63 -2.98
38 15.51 81.09 -12.88
39 21.99 97.37 -3.55
40 39.74 125.08 -3.34
41 264.29 82.98 12.22
42 280.73 79.81 15.44
43 26.13 87.11 -2.8
44 18.63 110.99 -3.99
45 292.94 121.1 19.46
46 8.0 111.0 -2.22
1 56.24 127.27 -6.07
2 56.42 115.72 -6.17
3 52.47 135.4 -5.97
4 52.62 113.01 -4.0
5 169.73 97.01 0.65
6 53.77 119.79 -4.99
7 56.63 158.55 -7.32
8 57.71 109.67 -7.16
9 170.56 106.16 0.76
10 49.35 142.69 -6.44
11 137.41 96.82 -0.1
12 160.09 130.11 0.07
13 49.46 132.24 -5.57
14 88.21 27.73 -3.25
15 52.33 125.84 -5.0
16 47.98 101.47 -5.12
17 271.58 137.86 13.78
18 184.91 129.86 1.25
19 254.23 132.81 9.82
20 163.63 106.34 0.6
21 47.65 121.86 -4.69
22 30.81 147.03 -5.07
23 49.57 110.3 -3.6
24 44.33 129.46 -3.88
25 51.94 104.71 -4.45
26 36.27 99.96 -3.77
27 49.84 147.5 -6.94
28 44.4 114.66 -3.28
29 288.14 71.92 16.98
30 280.36 141.23 14.24
31 35.52 108.58 -3.81
32 33.1 120.44 -3.45
33 256.59 137.18 10.14
34 28.35 94.93 -3.74
35 26.45 114.12 -3.73
36 52.08 99.49 -5.83
37 20.09 118.28 -3.68
38 20.17 96.66 -4.21
39 37.73 124.85 -4.02
40 270.87 80.09 13.23
41 288.93 76.25 16.97
42 24.74 86.36 -3.94
43 16.07 110.57 -4.1
44 37.0 131.0 -2.36
45 38.0 115.0 -2.02
46 241.0 132.0 3.52
47 52.0 164.0 -4.32
48 256.0 97.0 5.21
1 53.13 127.09 -6.58
2 53.15 115.53 -5.71
3 49.9 135.41 -7.51
4 50.78 112.84 -4.57
5 170.4 96.54 0.16
6 51.59 119.64 -6.18
7 53.25 159.89 -8.43
8 54.17 108.93 -6.32
9 171.4 105.84 0.1
10 46.36 142.97 -7.58
11 137.56 96.01 -0.21
12 160.24 129.86 -0.05
13 47.02 132.21 -6.71
14 86.47 24.83 -3.11
15 50.2 125.71 -6.45
16 45.34 100.82 -6.01
17 279.45 138.55 14.92
18 186.15 129.63 0.33
19 259.81 133.19 10.56
20 164.3 105.87 0.12
21 45.64 121.82 -5.7
22 28.79 147.35 -5.99
23 47.91 110.08 -4.23
24 43.02 129.42 -5.65
25 49.7 104.06 -5.17
26 34.02 99.18 -4.36
27 46.57 147.85 -7.94
28 43.17 114.38 -4.39
29 297.51 67.71 18.41
30 288.49 142.14 15.31
31 33.51 108.0 -4.41
32 31.88 119.99 -4.24
33 262.53 137.5 10.56
34 26.24 94.14 -4.01
35 24.7 113.65 -4.39
36 49.05 98.94 -6.76
37 18.64 117.81 -4.18
38 18.22 95.85 -5.23
39 36.26 124.56 -4.9
40 278.33 76.52 14.2
41 298.39 72.03 18.29
42 23.14 85.59 -3.79
43 14.44 110.18 -5.17
44 36.89 130.99 -5.14
45 37.81 114.85 -3.93
46 242.06 132.04 6.25
47 51.67 164.48 -8.43
48 257.33 96.34 9.64
49 4.0 81.0 -2.64
50 1.0 110.0 -2.44
1 49.4 127.01 -8.0
2 49.47 115.51 -5.84
3 45.66 135.58 -7.28
4 47.88 112.93 -4.93
5 170.34 96.87 0.22
6 48.04 119.66 -7.36
7 48.27 161.43 -8.7
8 171.21 106.27 0.26
9 41.98 143.46 -8.08
10 137.35 96.27 -0.47
11 160.15 130.58 0.06
12 43.17 132.37 -6.7
13 84.68 22.37 -3.69
14 46.52 125.82 -7.34
15 286.89 140.82 16.89
16 186.03 130.54 0.62
17 264.85 134.73 12.0
18 164.15 106.49 0.23
19 42.17 122.0 -5.86
20 24.99 147.92 -5.6
21 45.31 109.85 -4.68
22 39.68 129.57 -5.91
23 31.85 98.69 -4.24
24 41.95 148.47 -8.58
25 40.44 114.34 -4.69
26 296.31 144.52 17.22
27 31.26 107.83 -4.29
28 29.02 119.95 -3.86
29 267.54 139.05 12.16
30 24.2 93.72 -4.11
31 22.3 113.55 -4.21
32 15.94 117.69 -4.22
33 15.37 95.21 -4.96
34 33.11 124.59 -4.68
35 285.52 74.37 15.86
36 20.82 84.72 -3.98
37 11.38 109.79 -5.1
38 33.89 131.17 -5.22
39 35.44 114.75 -4.06
40 244.93 133.45 7.33
41 46.62 165.99 -8.63
42 262.29 95.74 10.68
43 0.43 109.84 -4.47
1 45.45 126.98 -8.6
2 46.55 115.25 -7.93
3 41.46 135.51 -7.18
4 45.3 112.79 -7.4
5 170.47 97.02 0.46
6 44.43 119.82 -7.94
7 43.52 162.96 -9.24
8 171.39 106.36 0.29
9 37.6 143.7 -8.24
10 137.23 96.25 -0.41
11 160.17 130.56 0.04
12 39.5 132.37 -7.03
13 82.82 20.16 -4.17
14 42.65 125.77 -7.06
15 295.78 142.32 19.97
16 186.41 130.53 0.55
17 271.41 135.51 13.49
18 164.31 106.52 0.3
19 39.09 121.98 -6.14
20 21.55 148.27 -5.3
21 42.84 109.52 -7.25
22 36.58 129.58 -6.33
23 29.58 98.46 -4.24
24 37.32 148.67 -9.01
25 37.92 114.17 -6.67
26 28.76 107.71 -4.0
27 26.71 119.82 -3.57
28 274.21 139.93 13.72
29 22.03 93.42 -4.05
30 19.75 113.41 -3.87
31 13.59 117.55 -4.04
32 12.48 94.66 -4.84
33 30.41 124.51 -4.8
34 293.74 71.49 17.83
35 18.75 84.48 -3.79
36 8.16 109.5 -4.44
37 31.15 131.15 -5.5
38 33.19 114.62 -5.34
39 248.87 133.95 8.35
40 41.88 167.49 -9.18
41 268.02 94.67 12.31
42 308.0 140.0 12.35
43 270.0 124.0 7.04
1 40.32 127.21 -8.67
2 42.72 116.79 -9.78
3 37.66 135.69 -8.78
4 42.08 112.87 -9.82
5 170.73 96.54 0.51
6 39.76 119.65 -7.92
7 38.46 164.93 -9.65
8 171.59 105.98 0.41
9 33.27 144.38 -9.14
10 137.01 96.18 -0.24
11 160.2 130.65 0.17
12 35.73 132.47 -8.51
13 80.75 17.28 -4.13
14 38.39 125.75 -7.96
15 186.68 130.59 0.73
16 278.56 136.43 14.78
17 164.54 106.09 0.21
18 35.52 121.89 -7.07
19 18.7 148.99 -6.25
20 39.79 108.92 -9.98
21 33.13 129.68 -8.11
22 27.46 97.62 -6.32
23 32.51 149.02 -9.66
24 34.97 113.7 -8.06
25 26.73 107.39 -5.62
26 24.69 119.71 -4.53
27 281.46 140.96 15.2
28 19.86 92.61 -4.04
29 17.81 113.18 -4.03
30 11.54 117.24 -4.01
31 10.16 93.81 -5.71
32 27.9 124.46 -6.33
33 16.73 83.37 -3.9
34 6.04 109.16 -5.61
35 28.36 131.25 -7.0
36 30.77 114.38 -6.67
37 253.37 134.55 9.17
38 36.89 169.44 -9.6
39 274.48 92.49 13.7
40 271.48 124.44 12.94
41 29.0 108.0 -3.84
42 289.0 136.0 8.79
43 265.0 87.0 6.28
1 36.44 125.93 -10.44
2 38.01 113.39 -10.39
3 33.55 135.43 -10.33
4 37.24 110.11 -10.21
5 171.26 96.43 0.33
6 36.29 118.28 -9.78
7 33.51 166.03 -10.55
8 172.05 105.87 0.79
9 28.67 144.36 -9.99
10 137.26 95.92 -0.27
11 160.52 130.38 0.69
12 31.77 132.08 -10.17
13 78.59 13.79 -4.23
14 35.24 124.99 -10.49
15 187.36 130.33 1.02
16 286.88 136.8 16.46
17 164.79 105.76 0.58
18 32.7 121.61 -9.88
19 15.92 148.97 -7.03
20 34.9 107.25 -9.51
21 29.63 129.37 -9.95
22 25.11 97.08 -7.83
23 27.61 148.63 -10.51
24 30.74 113.12 -7.52
25 24.55 106.82 -6.79
26 23.24 119.46 -7.34
27 289.83 141.55 17.17
28 18.0 92.18 -4.05
29 15.88 112.71 -4.06
30 9.62 116.78 -3.94
31 7.55 93.25 -5.0
32 25.47 124.18 -8.33
33 14.98 82.85 -3.72
34 3.58 108.69 -5.04
35 25.29 130.83 -8.38
36 27.6 113.83 -7.25
37 258.51 134.67 9.9
38 31.93 170.54 -10.46
39 282.18 90.65 15.25
40 278.92 124.28 14.35
41 28.69 107.64 -6.98
42 290.88 135.57 17.35
43 266.7 86.18 11.49
44 290.0 145.0 9.4
45 271.0 139.0 7.13
46 287.0 95.0 9.17
47 298.0 74.0 10.53
48 256.0 135.0 5.46
49 285.0 131.0 8.77
50 292.0 82.0 9.64
51 283.0 84.0 8.65
1 30.84 126.34 -11.6
2 27.95 136.4 -11.24
3 31.59 109.51 -11.41
4 171.34 96.61 0.36
5 31.17 118.17 -11.31
6 27.85 168.99 -11.42
7 172.2 106.28 0.77
8 23.19 145.64 -10.6
9 136.83 96.26 -0.53
10 160.52 131.14 1.02
11 26.3 132.81 -10.69
12 76.33 11.15 -4.76
13 29.59 125.62 -11.63
14 187.54 131.06 0.73
15 295.28 138.73 18.2
16 164.82 106.21 0.67
17 27.7 121.99 -11.43
18 11.93 150.45 -7.34
19 29.28 106.67 -9.87
20 24.19 130.08 -10.06
21 20.43 95.85 -9.52
22 21.85 149.86 -11.17
23 26.36 113.22 -9.45
24 20.53 106.83 -8.28
25 19.52 119.76 -9.11
26 298.57 143.69 19.4
27 15.24 91.81 -7.27
28 13.38 113.04 -5.72
29 7.14 117.05 -4.42
30 20.87 124.6 -9.27
31 12.7 82.41 -4.94
32 20.6 131.58 -9.09
33 23.54 114.05 -8.89
34 263.46 136.29 10.57
35 26.33 173.43 -11.43
36 289.75 88.85 17.01
37 286.16 125.36 16.08
38 24.55 107.63 -8.66
39 299.67 137.53 19.34
40 272.63 84.52 12.68
41 291.67 144.98 17.51
42 272.39 138.91 12.78
43 288.57 94.28 16.77
44 300.0 72.93 20.98
45 256.96 134.74 9.52
46 286.83 130.95 15.94
47 293.76 81.27 17.78
48 284.45 83.28 15.93
49 306.0 149.0 10.5
50 302.0 85.0 9.82
51 290.0 135.0 8.85
52 291.0 88.0 8.72
53 297.0 96.0 9.27
54 299.0 118.0 9.32
55 255.0 124.0 4.44
56 4.0 109.0 -2.71
57 289.0 104.0 8.48
58 296.0 79.0 9.28
1 24.29 125.46 -13.14
2 21.7 135.63 -12.1
3 25.17 108.95 -13.6
4 171.44 96.04 1.18
5 24.77 117.21 -13.29
6 21.51 169.78 -13.19
7 172.67 105.7 1.06
8 17.42 144.98 -12.35
9 136.63 95.65 -0.41
10 160.96 130.53 1.48
11 20.06 132.08 -11.56
12 73.49 6.6 -4.65
13 23.05 124.8 -12.76
14 188.27 130.53 0.08
15 165.15 105.46 1.0
16 21.03 121.11 -11.95
17 8.26 149.99 -10.36
18 23.98 105.74 -12.85
19 18.3 129.41 -10.94
20 15.82 93.72 -12.52
21 15.74 149.8 -13.02
22 21.71 112.26 -12.42
23 16.43 105.74 -12.09
24 14.38 118.88 -10.65
25 12.77 90.76 -12.48
26 10.88 112.2 -10.05
27 15.73 123.78 -11.4
28 10.39 81.28 -10.04
29 15.58 131.02 -11.18
30 18.85 113.13 -11.44
31 269.25 136.28 13.37
32 19.98 174.3 -13.14
33 299.07 85.79 21.33
34 295.01 125.01 20.47
35 20.35 106.58 -12.32
36 279.48 81.55 15.96
37 279.43 139.18 15.7
38 297.68 91.35 21.25
39 262.2 134.68 12.1
40 295.55 130.65 20.18
41 293.13 80.18 19.72
42 303.73 84.45 22.69
43 291.68 134.9 19.68
44 292.35 87.44 20.21
45 298.55 95.54 21.62
46 255.73 123.98 10.84
47 3.43 108.68 -5.08
48 290.56 103.52 19.02
49 297.6 78.53 20.83
50 279.0 138.0 9.27
51 270.0 89.0 8.45
1 171.67 96.22 0.69
2 173.01 105.88 0.61
3 136.11 95.67 -0.66
4 161.65 131.35 0.75
5 70.82 3.28 -5.08
6 188.18 131.43 -0.17
7 165.5 105.42 0.45
8 275.4 137.62 14.72
9 286.5 79.36 16.62
10 286.61 140.71 16.84
11 267.73 135.77 12.42
12 304.69 131.89 23.1
13 302.3 77.44 21.02
14 300.72 136.27 20.8
15 260.8 124.47 10.57
16 280.28 138.26 15.88
17 271.04 88.48 13.33
1 172.31 95.92 1.07
2 173.56 105.59 0.7
3 135.89 95.16 -0.48
4 162.32 131.12 0.88
5 68.15 -1.29 -4.21
6 188.32 131.32 1.32
7 165.93 104.92 0.77
8 284.07 138.46 15.59
9 296.8 76.08 16.52
10 296.74 141.74 17.15
11 275.38 136.17 12.7
12 267.37 124.01 11.38
13 289.83 139.13 16.03
14 279.35 85.79 13.26
15 292.0 146.0 9.79
16 269.0 120.0 7.16
17 300.0 149.0 10.45
18 276.0 122.0 7.62
19 297.0 170.0 9.87
1 172.42 97.89 -0.0
2 173.68 107.6 -0.04
3 135.42 96.92 -1.99
4 162.52 133.61 -0.7
5 65.09 -2.75 -3.15
6 188.16 133.9 -0.52
7 166.05 106.89 -0.36
8 291.76 142.0 17.83
9 281.71 139.31 14.01
10 272.99 126.38 12.22
11 297.98 142.66 18.5
12 285.92 85.75 15.52
13 293.77 146.72 18.04
14 270.51 120.55 12.1
15 302.06 149.72 20.05
16 277.64 122.57 13.39
17 299.09 170.99 17.4
18 70.0 56.0 -5.05
19 264.0 139.0 4.56
20 304.0 131.0 10.84
21 307.0 138.0 10.83
22 73.0 6.0 -3.45
1 173.28 99.61 0.04
2 174.14 109.35 0.15
3 135.04 98.98 -1.64
4 162.82 135.77 -0.09
5 189.03 136.35 -0.17
6 166.42 108.5 -0.05
7 288.98 142.68 16.63
8 279.35 128.84 14.34
9 294.14 85.78 17.87
10 276.64 123.09 14.55
11 284.38 125.0 16.18
12 69.37 56.0 -7.96
13 264.32 139.88 11.17
14 50.0 24.0 -4.66
15 252.0 145.0 4.86
16 297.0 152.0 10.05
1 172.53 100.34 0.62
2 173.8 110.13 0.3
3 133.41 99.66 -0.62
4 162.26 136.6 -0.08
5 188.28 137.26 0.33
6 165.86 109.12 0.15
7 297.81 144.62 18.53
8 287.17 129.79 15.77
9 284.57 124.09 15.58
10 292.99 126.05 17.93
11 63.91 53.5 -8.0
12 270.13 141.52 11.91
13 48.67 22.97 -10.16
14 253.1 144.8 7.94
15 299.18 151.91 18.49
16 302.0 139.0 10.45
17 138.0 100.0 -0.5
18 256.0 123.0 4.35
1 173.29 98.46 0.2
2 174.21 108.37 0.11
3 133.15 97.78 -1.05
4 162.47 135.17 -0.02
5 188.61 135.69 -0.23
6 166.24 107.51 0.01
7 295.49 128.18 17.91
8 292.84 122.38 17.37
9 60.46 48.54 -9.09
10 276.45 140.7 13.2
11 44.11 16.25 -11.54
12 257.42 144.02 8.89
13 137.73 99.35 -0.94
14 256.8 122.32 8.59
15 260.0 134.0 5.06
1 172.75 93.97 1.31
2 173.76 103.97 0.98
3 132.36 93.13 -0.46
4 161.68 130.55 1.45
5 188.14 131.38 1.02
6 165.67 102.76 1.08
7 54.89 39.6 -8.81
8 282.99 136.55 17.23
9 37.27 5.24 -10.14
10 261.53 139.79 12.08
11 137.05 94.57 -0.45
12 261.0 117.56 11.32
13 260.49 132.72 11.63
14 268.0 72.0 7.11
1 173.47 93.1 1.39
2 174.34 103.22 1.1
3 132.02 92.14 -0.04
4 162.39 130.39 1.46
5 188.38 131.2 1.88
6 166.24 101.96 1.17
7 50.35 34.45 -9.1
8 291.3 137.43 19.14
9 31.25 -2.39 -9.02
10 267.32 140.67 13.55
11 136.67 93.93 0.01
12 266.5 116.98 12.96
13 266.03 133.23 12.97
14 268.74 71.6 12.77
15 299.0 143.0 10.18
16 260.0 69.0 5.06
17 273.0 128.0 6.93
18 32.0 5.0 -5.31
1 174.17 93.09 0.9
2 174.79 103.35 0.84
3 131.84 92.01 -0.39
4 163.21 130.83 1.16
5 189.22 131.67 0.97
6 166.78 102.09 0.9
7 274.74 142.13 13.0
8 136.56 93.86 -0.24
9 273.52 116.79 12.53
10 273.32 133.97 12.34
11 300.79 143.26 19.33
12 274.3 128.01 12.32
13 255.0 128.0 4.43
14 186.0 104.0 0.32
15 287.0 148.0 7.39
16 274.0 126.0 6.48
17 174.0 74.0 0.03
18 153.0 135.0 0.17
19 197.0 134.0 0.54
1 174.73 94.32 0.71
2 175.27 104.77 0.87
3 131.75 93.63 -0.8
4 163.64 132.39 1.15
5 190.28 133.02 0.24
6 167.22 103.56 0.99
7 281.85 143.85 14.28
8 136.55 95.52 -0.77
9 280.14 117.15 13.88
10 279.94 135.48 13.7
11 280.91 129.34 13.65
12 255.41 128.41 9.29
13 185.9 104.49 0.78
14 288.08 148.64 15.1
15 274.86 126.54 13.38
16 173.87 74.54 0.49
17 152.73 135.28 0.7
18 197.0 134.36 1.37
19 288.0 63.0 7.87
20 270.0 65.0 6.11
21 37.0 27.0 -5.56
1 175.12 94.65 0.2
2 175.68 105.07 0.16
3 131.38 93.79 -1.49
4 164.28 133.13 0.11
5 190.09 133.63 0.14
6 167.65 103.81 0.15
7 289.3 145.33 14.46
8 136.22 95.68 -1.29
9 287.46 116.9 14.16
10 287.12 136.39 14.03
11 287.99 130.08 14.25
12 260.23 128.72 9.17
13 186.34 104.54 0.15
14 295.72 150.28 15.71
15 281.8 127.08 13.75
16 174.04 73.96 0.23
17 153.05 136.58 -0.33
18 197.52 135.17 0.71
19 289.19 62.29 14.35
20 271.11 64.29 10.73
21 36.32 26.62 -11.59
22 294.0 150.0 7.73
23 205.0 91.0 0.33
24 285.0 132.0 7.06
25 151.0 95.0 -0.41
26 171.0 107.0 -0.41
27 90.0 71.0 -2.57
28 254.0 78.0 3.42
1 175.57 94.24 -0.15
2 176.45 104.69 -0.16
3 131.0 92.88 -1.85
4 164.84 133.13 -0.01
5 190.68 133.76 0.28
6 168.41 103.24 -0.3
7 297.89 146.41 15.58
8 135.82 95.12 -1.49
9 295.74 116.13 15.39
10 295.34 136.8 15.18
11 296.28 130.25 15.38
12 266.02 128.98 9.32
13 186.85 103.96 0.08
14 305.01 151.53 17.79
15 289.94 127.08 14.46
16 174.56 72.56 -0.04
17 153.48 137.05 -0.54
18 198.55 135.56 0.44
19 297.42 57.81 15.17
20 277.5 60.61 11.13
21 30.36 21.26 -12.74
22 295.72 150.93 15.8
23 205.32 91.24 1.02
24 286.7 132.56 13.62
25 151.18 95.21 -0.49
26 171.25 107.45 -0.28
27 89.54 70.78 -5.05
28 254.56 78.19 7.36
29 274.0 131.0 6.18
30 20.0 14.0 -7.16
31 253.0 113.0 4.16
32 255.0 120.0 4.16
1 175.21 95.18 0.57
2 175.58 105.67 1.26
3 129.34 93.59 -0.36
4 164.16 134.08 1.05
5 190.0 134.76 1.59
6 167.55 104.28 1.01
7 134.44 95.83 -0.45
8 302.6 138.88 20.2
9 303.7 131.98 19.99
10 270.39 130.32 12.23
11 186.34 105.03 1.09
12 296.79 128.73 18.59
13 174.06 73.05 1.47
14 152.51 138.14 0.79
15 198.18 136.54 1.65
16 282.76 58.6 14.19
17 23.3 17.33 -13.05
18 205.21 92.17 2.28
19 293.12 134.67 17.14
20 150.38 96.4 0.49
21 170.37 108.46 1.1
22 86.47 70.32 -5.14
23 257.83 77.62 9.41
24 275.06 131.04 12.85
25 18.51 13.04 -13.14
26 253.37 113.18 9.07
27 255.4 120.22 8.94
28 310.0 144.0 12.2
29 309.0 126.0 11.57
30 118.0 99.0 -0.7
1 175.62 93.83 -0.01
2 176.86 104.51 -0.49
3 129.37 92.41 -1.55
4 165.23 133.08 -0.52
5 191.48 133.74 -0.22
6 168.62 103.0 -0.66
7 134.67 94.57 -1.54
8 277.38 128.85 11.46
9 187.44 103.96 -0.15
10 174.88 71.53 0.1
11 153.53 137.1 -1.29
12 199.61 135.48 -0.12
13 290.56 53.11 14.83
14 206.89 90.83 0.93
15 151.04 95.08 -0.74
16 171.53 107.25 -0.71
17 84.18 67.67 -6.94
18 263.12 73.8 9.24
19 282.16 129.61 12.44
20 258.74 110.98 7.87
21 260.64 118.07 7.87
22 118.27 98.52 -2.65
23 160.0 134.0 -0.75
24 309.0 126.0 9.87
25 263.0 138.0 3.82
26 86.0 67.0 -3.3
27 168.0 138.0 -0.69
1 175.83 92.58 0.08
2 176.83 103.51 -0.01
3 128.9 90.7 -1.7
4 165.06 132.28 0.04
5 191.37 133.06 0.46
6 168.51 102.04 -0.14
7 134.01 93.19 -1.3
8 283.67 128.54 13.47
9 187.42 102.98 0.11
10 175.69 69.61 -0.3
11 153.06 136.43 -0.47
12 199.68 134.88 0.6
13 298.94 47.87 15.77
14 207.74 89.52 0.99
15 150.87 93.76 -0.48
16 171.4 106.23 -0.09
17 80.93 64.18 -7.76
18 268.5 70.63 9.94
19 289.11 129.41 14.19
20 263.29 109.85 9.33
21 265.1 117.11 9.37
22 116.87 97.0 -2.24
23 159.9 133.69 -0.31
24 263.65 137.97 8.41
25 85.75 66.24 -6.21
26 167.82 137.76 -0.14
27 228.0 69.0 2.23
28 74.0 55.0 -4.18
29 16.0 60.0 -9.06
1 175.61 91.06 0.53
2 176.35 101.94 0.89
3 127.65 89.31 -1.23
4 164.71 130.77 0.7
5 191.28 131.68 1.34
6 167.93 100.51 0.77
7 133.08 91.52 -0.62
8 290.59 127.48 15.13
9 187.28 101.5 0.97
10 175.15 67.63 0.52
11 152.2 135.08 0.82
12 199.53 133.54 1.5
13 207.91 88.14 1.63
14 150.27 92.01 0.3
15 170.8 104.63 0.86
16 76.74 59.66 -7.47
17 273.56 66.77 11.38
18 296.37 128.39 16.14
19 267.74 108.19 10.97
20 269.53 115.7 10.93
21 115.48 94.86 -1.8
22 159.24 132.29 0.75
23 267.74 137.22 10.59
24 82.21 62.22 -5.6
25 167.31 136.26 0.75
26 228.57 68.61 3.65
27 73.57 54.38 -7.75
28 270.0 121.0 5.73
1 176.2 89.24 0.24
2 177.21 100.42 0.29
3 127.38 87.55 -1.98
4 165.41 129.55 0.15
5 192.39 130.45 0.51
6 168.72 98.9 0.1
7 133.12 89.75 -1.35
8 299.29 125.63 16.28
9 188.06 99.89 0.41
10 175.49 64.97 0.17
11 153.16 133.96 0.0
12 200.64 132.31 0.93
13 209.09 86.01 1.15
14 150.75 90.34 -0.24
15 171.65 103.11 0.11
16 72.91 55.42 -8.29
17 280.22 61.43 12.02
18 305.52 126.54 17.87
19 274.3 105.46 11.08
20 275.98 113.46 11.47
21 114.76 93.06 -2.61
22 159.99 131.1 0.11
23 273.87 136.15 10.55
24 79.35 58.44 -6.4
25 168.01 135.09 0.26
26 231.18 65.28 3.6
27 69.65 49.86 -8.43
28 271.55 120.64 10.63
29 156.0 91.0 -0.07
30 260.0 119.0 4.93
31 237.0 43.0 2.36
32 272.0 127.0 5.87
33 233.0 82.0 2.52
1 176.12 89.16 1.42
2 177.12 100.48 1.06
3 125.93 87.5 -0.63
4 165.37 129.78 0.8
5 192.54 130.54 1.53
6 168.64 99.07 0.67
7 132.21 89.55 -0.42
8 188.18 99.88 1.36
9 175.71 64.47 0.85
10 152.82 134.22 0.77
11 200.94 132.37 1.69
12 209.55 85.68 2.47
13 150.45 90.23 0.59
14 171.59 103.23 0.87
15 68.38 53.16 -9.19
16 286.28 57.69 15.82
17 279.63 104.47 14.89
18 281.59 112.81 15.23
19 113.29 92.97 -2.0
20 159.91 131.27 0.87
21 279.35 136.73 14.78
22 75.74 56.77 -6.44
23 167.94 135.34 0.93
24 232.63 63.73 6.12
25 65.06 47.55 -9.51
26 276.77 120.5 14.25
27 155.86 90.95 0.62
28 260.95 119.13 10.58
29 237.45 42.76 5.78
30 272.82 127.51 13.56
31 233.32 81.75 5.97
32 292.0 109.0 9.71
1 176.72 87.63 0.8
2 177.74 99.18 0.68
3 125.43 86.55 -1.23
4 165.69 128.74 0.97
5 193.08 129.42 1.3
6 168.98 97.71 0.45
7 131.86 88.65 -0.6
8 188.66 98.7 0.9
9 175.77 62.5 0.63
10 153.36 133.25 0.35
11 201.69 131.2 1.74
12 210.86 84.31 2.14
13 150.73 88.81 0.11
14 171.93 101.78 0.56
15 63.75 49.24 -9.9
16 294.06 52.31 15.0
17 287.0 101.99 14.44
18 289.08 110.61 15.21
19 112.07 91.88 -2.16
20 160.26 130.28 0.98
21 286.51 135.81 14.88
22 72.45 53.66 -7.49
23 168.46 134.29 0.82
24 235.58 60.54 4.95
25 60.33 43.4 -10.08
26 283.75 118.57 14.41
27 156.22 89.5 0.23
28 266.37 117.33 10.39
29 239.86 38.66 5.38
30 279.58 125.73 13.66
31 236.23 79.27 5.12
32 293.62 108.62 15.58
33 116.0 92.0 -1.2
34 206.0 82.0 0.64
1 177.03 85.72 0.29
2 177.99 97.49 0.06
3 124.73 84.46 -2.03
4 165.82 127.31 0.07
5 193.73 127.77 0.31
6 169.06 96.06 0.07
7 131.52 86.61 -1.03
8 189.22 96.95 0.15
9 176.11 59.79 0.17
10 153.4 131.67 -0.61
11 202.45 129.47 0.87
12 211.85 82.08 1.67
13 150.58 86.76 -0.14
14 172.11 100.21 -0.07
15 57.26 43.79 -8.81
16 295.57 98.19 15.22
17 298.09 107.53 15.72
18 110.51 89.52 -2.48
19 160.37 128.77 -0.1
20 295.31 134.55 15.41
21 67.69 49.32 -7.19
22 168.56 132.78 -0.06
23 239.0 55.99 4.37
24 53.64 37.66 -8.91
25 292.03 116.05 14.95
26 156.09 87.56 -0.01
27 272.14 114.87 10.86
28 243.3 33.59 5.28
29 287.35 123.71 14.12
30 239.42 75.68 4.93
31 303.22 105.18 16.31
32 115.35 90.83 -2.31
33 205.79 80.83 1.34
34 246.0 75.0 3.5
1 176.83 90.57 1.41
2 177.98 101.99 0.9
3 123.32 88.96 -1.29
4 166.19 132.39 0.87
5 194.02 132.82 1.25
6 169.13 100.3 0.66
7 130.65 90.78 -0.11
8 189.19 101.23 1.16
9 175.66 63.61 1.58
10 153.38 137.73 0.24
11 203.25 135.14 1.26
12 212.78 86.21 2.22
13 150.3 91.17 0.76
14 172.05 104.53 0.88
15 51.42 45.5 -8.47
16 303.81 101.14 17.72
17 108.9 92.38 -1.42
18 160.65 134.03 0.82
19 62.76 51.51 -6.28
20 168.84 137.92 0.57
21 240.63 58.29 5.79
22 47.69 39.39 -8.45
23 300.32 119.96 16.51
24 155.91 92.2 0.73
25 278.27 118.91 12.1
26 245.26 34.77 6.94
27 295.37 127.65 15.21
28 241.55 78.46 6.03
29 113.88 94.52 -1.55
30 206.31 84.68 1.85
31 246.33 75.12 7.08
32 169.0 129.0 1.21
33 277.0 123.0 6.74
1 177.02 92.6 0.63
2 178.01 104.3 0.44
3 121.92 90.78 -1.34
4 165.8 134.73 0.54
5 193.88 135.52 1.18
6 169.02 102.51 0.25
7 130.05 92.73 -0.81
8 189.25 103.48 0.64
9 175.92 65.02 0.69
10 152.54 140.04 0.22
11 203.25 137.98 1.23
12 213.51 88.71 1.75
13 150.16 92.91 -0.01
14 171.9 106.8 0.42
15 46.73 42.78 -11.56
16 107.58 93.51 -2.13
17 160.2 136.36 0.46
18 59.22 49.71 -9.48
19 168.44 140.29 0.41
20 243.48 59.36 4.6
21 43.04 36.47 -11.78
22 155.78 94.06 0.09
23 284.06 122.38 12.67
24 248.68 34.85 5.71
25 302.82 131.82 16.0
26 244.52 79.92 5.07
27 112.37 95.46 -1.7
28 207.03 87.12 1.08
29 249.69 76.36 6.02
30 168.91 128.81 0.55
31 278.08 122.81 11.66
32 146.0 91.0 -1.07
33 289.0 70.0 5.74
34 315.0 128.0 8.94
35 188.0 108.0 -0.55
36 201.0 93.0 -0.21
37 247.0 62.0 1.66
38 129.0 101.0 -1.5
39 36.0 39.0 -8.02
40 150.0 130.0 -0.97
41 46.0 8.0 -7.28
42 245.0 11.0 1.05
1 177.92 92.81 -0.06
2 178.63 104.73 0.04
3 121.75 91.31 -2.49
4 166.68 135.56 -0.29
5 195.07 136.25 0.18
6 169.46 103.14 -0.14
7 130.01 93.2 -1.53
8 189.99 103.93 0.15
9 176.81 64.93 0.02
10 153.44 141.0 -0.93
11 204.39 138.73 0.68
12 214.65 88.69 1.7
13 150.56 93.31 -0.69
14 172.59 107.39 -0.14
15 41.24 40.08 -13.06
16 106.93 93.75 -3.15
17 161.16 137.13 -0.53
18 54.92 47.64 -10.46
19 169.21 141.1 -0.29
20 246.51 57.58 4.74
21 37.38 33.37 -13.41
22 156.27 94.48 -0.61
23 291.35 122.45 13.4
24 252.36 32.1 5.95
25 247.67 79.03 5.17
26 112.02 95.83 -2.85
27 207.8 86.99 1.26
28 253.57 74.9 6.3
29 169.8 129.58 -0.32
30 284.68 122.94 12.57
31 145.47 90.87 -0.82
32 289.97 69.59 12.42
33 187.61 108.07 -0.03
34 200.83 92.75 0.58
35 247.11 61.69 4.64
36 128.35 101.03 -1.58
37 34.2 37.99 -13.57
38 149.72 129.97 -0.98
39 245.02 10.54 3.51
40 256.0 68.0 4.16
41 259.0 77.0 4.34
42 193.0 99.0 0.2
43 249.0 49.0 3.6
44 167.0 122.0 0.0
45 50.0 15.0 -5.28
46 97.0 158.0 -2.48
47 255.0 54.0 4.35
48 59.0 2.0 -4.38
1 177.65 92.17 -0.45
2 178.53 104.17 -0.4
3 120.28 90.03 -2.96
4 166.35 135.01 -0.68
5 195.14 135.73 -0.44
6 169.29 102.48 -0.54
7 129.15 92.16 -1.95
8 189.91 103.29 -0.19
9 176.61 63.58 -0.17
10 152.71 140.53 -1.08
11 204.55 138.38 0.08
12 215.5 87.96 0.95
13 150.09 92.37 -0.7
14 172.36 106.75 -0.59
15 33.7 34.99 -13.32
16 105.15 92.6 -3.41
17 160.65 136.57 -0.79
18 49.09 43.63 -11.21
19 168.81 140.56 -0.65
20 248.68 54.94 4.3
21 29.65 27.88 -13.56
22 155.81 93.75 -0.87
23 298.31 121.61 13.31
24 255.15 28.31 5.95
25 250.34 76.91 4.78
26 110.34 94.66 -3.24
27 208.26 85.97 0.63
28 256.81 72.45 5.85
29 169.45 129.0 -0.64
30 291.26 122.16 11.96
31 144.84 89.91 -0.65
32 296.39 65.92 12.47
33 187.46 107.45 -0.31
34 200.8 92.06 0.03
35 249.3 59.14 4.31
36 127.43 100.1 -2.08
37 26.38 32.6 -13.72
38 148.96 129.67 -0.84
39 246.46 7.92 3.34
40 257.11 67.39 5.9
41 260.06 76.38 5.98
42 192.96 98.81 -0.17
43 249.84 48.36 5.23
44 166.98 121.67 -0.51
45 48.82 13.6 -9.64
46 96.76 157.77 -6.18
47 256.3 53.02 5.82
48 58.06 0.49 -8.84
49 260.0 16.0 2.98
1 177.79 92.38 -1.13
2 178.5 104.53 -0.75
3 118.57 89.78 -3.27
4 166.23 135.77 -0.77
5 195.18 136.56 -0.54
6 169.28 102.93 -0.88
7 128.18 92.2 -2.35
8 190.04 103.69 -0.46
9 176.79 63.14 -0.88
10 152.22 141.49 -1.14
11 204.96 139.15 -0.22
12 216.34 88.22 0.57
13 149.65 92.67 -1.19
14 172.28 107.18 -0.79
15 26.51 30.49 -15.01
16 103.4 92.4 -4.01
17 160.47 137.41 -0.83
18 43.21 40.03 -12.48
19 168.71 141.41 -0.87
20 251.58 53.04 3.91
21 22.39 22.98 -15.23
22 155.47 93.93 -1.38
23 306.0 122.08 14.46
24 258.81 25.19 5.34
25 253.31 75.81 4.29
26 108.5 94.25 -3.68
27 209.07 86.45 0.06
28 260.48 70.81 5.63
29 169.35 129.69 -0.75
30 298.23 122.6 12.76
31 144.47 90.4 -1.23
32 303.76 62.95 12.86
33 187.53 107.82 -0.73
34 201.32 92.69 -0.56
35 252.23 57.22 3.92
36 126.49 100.11 -2.46
37 19.0 27.95 -15.58
38 148.43 130.52 -1.1
39 248.68 5.89 2.67
40 260.75 65.56 5.75
41 263.87 74.76 5.87
42 193.1 99.39 -0.43
43 253.07 46.05 4.27
44 166.89 122.23 -0.75
45 43.56 8.47 -11.13
46 93.41 159.85 -6.37
47 260.07 50.9 5.63
48 260.47 15.79 5.68
49 223.0 91.0 0.61
50 115.0 67.0 -1.94
51 191.0 133.0 -0.18
1 176.83 94.78 -0.04
2 177.86 107.1 -0.2
3 116.85 91.85 -3.36
4 165.53 138.52 -0.12
5 194.51 139.48 0.49
6 168.59 105.62 -0.27
7 126.77 94.97 -1.94
8 189.62 106.2 0.06
9 176.03 65.05 -0.03
10 151.48 144.2 -0.73
11 204.57 142.18 0.65
12 216.38 90.61 1.35
13 149.03 95.06 -0.82
14 171.65 109.7 -0.21
15 101.24 94.25 -3.8
16 159.68 140.1 -0.12
17 36.75 38.3 -14.35
18 167.95 144.2 -0.19
19 253.11 54.23 5.79
20 154.63 96.35 -0.92
21 261.33 24.92 7.28
22 255.43 77.38 5.94
23 106.62 96.06 -3.65
24 208.72 88.15 1.09
25 263.11 72.17 7.77
26 168.67 132.45 -0.16
27 304.61 125.83 16.08
28 143.79 92.73 -0.98
29 186.9 110.4 -0.11
30 200.7 94.74 0.4
31 253.71 58.58 5.89
32 124.93 102.2 -1.9
33 147.9 131.35 -0.93
34 249.95 6.38 3.34
35 263.42 66.72 7.91
36 266.47 76.23 8.26
37 192.71 101.84 0.01
38 255.25 46.46 5.87
39 166.27 124.66 -0.21
40 89.32 163.56 -5.76
41 262.6 51.34 8.37
42 263.26 14.86 7.37
43 222.94 91.82 1.64
44 114.56 67.65 -3.26
45 190.83 133.81 0.15
46 314.0 121.0 10.47
47 127.0 59.0 -1.15
48 252.0 79.0 3.24
49 197.0 99.0 0.19
1 176.73 94.51 -0.15
2 177.85 106.82 -0.62
3 114.8 90.7 -4.44
4 165.49 138.51 -0.61
5 194.83 139.43 -0.19
6 168.47 105.45 -0.83
7 125.78 94.78 -2.52
8 189.64 106.0 -0.14
9 175.95 64.05 -0.12
10 151.11 144.25 -1.15
11 204.97 142.02 -0.06
12 217.17 90.18 1.48
13 148.5 94.75 -0.87
14 171.57 109.49 -0.79
15 99.25 93.56 -4.74
16 159.63 140.04 -0.9
17 29.51 33.78 -17.07
18 167.9 144.17 -0.47
19 256.28 51.38 6.51
20 154.17 95.89 -0.98
21 264.96 20.72 9.27
22 258.44 75.49 6.86
23 104.49 95.15 -4.61
24 209.38 88.12 0.97
25 267.05 69.66 9.3
26 168.63 132.39 -0.48
27 143.26 92.54 -0.96
28 186.91 110.14 -0.5
29 200.89 94.7 0.33
30 256.86 55.8 6.63
31 123.97 101.79 -2.64
32 147.38 131.27 -0.99
33 267.45 64.14 9.41
34 270.71 73.56 9.78
35 192.72 101.65 -0.05
36 258.26 43.72 7.04
37 166.2 124.54 -0.64
38 86.04 164.69 -6.75
39 266.99 47.87 9.45
40 223.78 91.44 1.83
41 112.77 66.42 -4.44
42 190.92 133.7 -0.38
43 126.84 58.74 -2.27
44 252.72 78.74 6.02
45 197.07 99.2 0.09
1 176.63 90.98 0.54
2 177.36 103.75 0.47
3 112.76 87.3 -3.2
4 165.11 135.53 0.22
5 194.48 136.37 0.93
6 167.89 102.44 0.25
7 124.24 91.27 -1.54
8 189.42 102.88 0.5
9 175.85 59.81 0.56
10 150.34 141.03 -0.16
11 204.67 139.05 1.17
12 217.59 86.48 2.13
13 147.99 91.8 -0.12
14 171.06 106.46 0.31
15 96.63 89.74 -4.0
16 159.05 137.06 0.22
17 20.61 25.42 -16.35
18 167.51 141.24 0.17
19 259.62 44.89 7.18
20 153.6 92.99 -0.13
21 269.82 12.31 9.97
22 261.98 70.0 7.79
23 102.22 91.31 -3.71
24 209.7 84.77 1.42
25 271.93 63.3 9.8
26 168.3 129.38 0.15
27 142.67 89.35 -0.18
28 186.5 107.08 0.42
29 200.88 91.75 0.88
30 260.36 49.4 7.2
31 122.45 98.3 -1.75
32 146.76 129.12 -0.17
33 272.42 57.54 10.16
34 275.88 67.08 10.39
35 192.57 98.65 0.56
36 261.69 37.07 7.91
37 165.71 121.49 0.23
38 81.82 162.82 -6.47
39 271.93 40.58 10.55
40 224.52 87.68 2.89
41 110.65 62.08 -3.35
42 190.51 130.59 0.68
43 125.5 53.96 -1.4
44 255.83 73.55 7.03
45 196.93 96.23 0.76
46 205.0 83.0 0.69
1 177.06 86.45 0.33
2 177.84 99.59 0.1
3 110.42 82.27 -3.29
4 165.39 131.79 -0.1
5 195.16 132.67 0.62
6 168.2 98.35 -0.04
7 123.49 87.17 -1.64
8 189.84 98.83 0.28
9 176.33 53.92 0.52
10 150.54 137.46 -0.72
11 205.52 135.44 0.76
12 219.09 81.72 1.91
13 148.0 87.44 -0.57
14 171.43 102.35 -0.02
15 94.55 84.66 -4.03
16 159.48 133.36 -0.4
17 167.74 137.55 -0.08
18 264.02 36.54 7.47
19 153.61 88.67 -0.53
20 266.79 62.71 8.3
21 99.95 85.83 -3.77
22 210.73 79.85 1.19
23 277.66 55.39 10.79
24 168.5 125.57 -0.03
25 142.6 84.81 -0.7
26 186.9 102.92 0.07
27 201.78 87.32 0.47
28 264.65 41.31 7.74
29 121.59 93.86 -1.54
30 146.87 125.21 -0.67
31 278.36 49.27 11.04
32 281.97 59.2 11.43
33 193.04 94.68 0.28
34 266.63 27.88 8.03
35 166.01 118.09 -0.1
36 78.8 160.53 -8.55
37 278.26 31.01 10.76
38 226.47 82.91 2.24
39 108.26 57.05 -3.13
40 191.12 126.9 0.27
41 124.64 48.02 -1.27
42 260.47 66.49 7.29
43 197.67 92.16 0.54
44 205.65 82.81 0.57
45 205.0 108.0 0.71
46 274.0 57.0 5.71
47 265.0 58.0 5.0
48 103.0 85.0 -2.4
1 177.25 87.1 0.18
2 177.85 100.45 0.18
3 109.23 82.3 -3.71
4 165.31 132.68 -0.05
5 195.46 133.64 0.34
6 168.15 99.12 0.0
7 122.59 87.6 -1.96
8 189.92 99.59 0.39
9 176.47 54.24 0.68
10 150.04 138.36 -0.38
11 205.94 136.42 0.48
12 220.0 82.53 1.98
13 147.84 88.1 -0.74
14 171.38 103.2 0.02
15 92.01 84.62 -4.21
16 159.21 134.24 -0.3
17 167.69 138.46 -0.02
18 267.7 34.8 7.99
19 153.44 89.18 -0.68
20 270.99 61.49 8.79
21 98.05 85.96 -4.16
22 211.25 80.2 1.31
23 283.27 53.41 11.24
24 168.46 126.46 0.02
25 142.44 85.5 -0.88
26 186.91 103.72 0.11
27 201.81 87.95 0.76
28 268.43 39.68 8.58
29 120.65 94.31 -1.87
30 146.49 125.57 -0.6
31 284.05 47.01 11.59
32 287.92 57.13 12.19
33 193.17 95.54 0.37
34 270.62 25.68 8.6
35 165.93 118.93 -0.03
36 73.88 162.85 -8.5
37 283.69 27.9 11.19
38 227.62 83.62 2.12
39 106.92 56.82 -3.69
40 191.24 127.84 0.34
41 124.04 47.79 -1.51
42 264.21 65.58 7.94
43 197.74 92.92 0.7
44 205.73 83.44 0.83
45 205.13 107.95 1.18
46 275.22 56.3 9.72
47 266.13 57.35 8.41
48 102.59 85.09 -3.85
49 200.0 133.0 0.11
50 292.0 4.0 6.51
1 177.56 85.6 0.72
2 178.03 99.32 0.41
3 106.66 80.49 -3.22
4 165.33 131.68 0.19
5 195.83 132.7 0.81
6 168.24 97.95 0.36
7 121.73 85.69 -1.5
8 190.25 98.49 0.65
9 176.95 51.52 0.51
10 149.83 137.49 0.08
11 206.36 135.54 1.09
12 221.28 81.14 2.04
13 147.45 86.51 -0.15
14 171.48 101.97 0.36
15 90.07 82.57 -4.44
16 159.18 133.28 0.32
17 167.7 137.52 0.43
18 272.49 29.63 8.37
19 153.13 87.62 -0.02
20 275.98 57.46 9.85
21 95.69 83.5 -4.14
22 212.16 78.47 1.62
23 289.62 48.45 12.63
24 168.49 125.42 0.33
25 141.91 83.84 -0.25
26 187.03 102.62 0.4
27 202.38 86.72 0.99
28 273.53 34.5 8.88
29 119.86 92.42 -1.42
30 146.21 124.26 -0.05
31 290.59 41.67 12.79
32 294.78 52.17 13.47
33 193.45 94.43 0.75
34 275.66 19.67 9.08
35 165.97 117.79 0.39
36 69.33 163.65 -8.89
37 290.14 22.0 11.65
38 228.99 82.24 2.81
39 104.64 54.1 -3.37
40 191.46 126.8 0.74
41 123.2 44.51 -1.38
42 268.64 62.01 9.03
43 198.36 91.74 0.6
44 206.33 82.0 1.23
45 205.93 106.75 0.9
46 280.72 51.75 11.02
47 270.89 53.27 9.51
48 100.14 82.54 -3.45
49 200.08 133.29 0.81
50 271.0 32.0 4.94
51 146.0 77.0 0.18
1 177.73 85.49 0.45
2 178.15 99.39 0.18
3 105.32 80.64 -4.03
4 165.41 132.06 0.04
5 195.92 133.09 1.06
6 168.41 98.04 0.09
7 120.64 85.21 -1.63
8 190.53 98.61 0.39
9 177.36 50.58 0.7
10 149.82 137.88 -0.24
11 206.65 135.64 1.18
12 222.45 81.11 1.55
13 147.28 86.36 -0.28
14 171.65 102.07 0.1
15 87.66 81.9 -5.21
16 159.34 133.54 -0.07
17 167.85 137.81 0.08
18 276.73 26.31 8.75
19 152.96 87.52 -0.13
20 281.03 54.68 10.14
21 93.61 82.65 -5.22
22 213.2 78.0 1.21
23 296.35 44.71 13.2
24 168.64 125.69 0.08
25 141.7 83.84 -0.27
26 187.2 102.68 0.23
27 202.89 86.92 0.64
28 278.13 30.97 8.96
29 118.77 91.76 -1.66
30 146.09 124.45 -0.34
31 297.38 37.71 13.24
32 302.12 48.31 13.54
33 193.76 94.57 0.46
34 280.39 15.74 9.2
35 166.17 118.24 0.08
36 64.55 165.7 -11.17
37 296.4 17.26 11.83
38 230.26 82.21 2.34
39 102.99 52.43 -3.96
40 191.82 127.17 0.42
41 122.53 43.29 -1.66
42 273.37 59.46 8.92
43 198.48 91.95 0.65
44 207.1 81.79 0.66
45 206.2 106.33 0.85
46 286.39 48.62 11.13
47 275.79 50.38 9.34
48 98.52 81.63 -4.12
49 200.2 133.53 1.03
50 272.12 31.13 8.17
51 146.19 77.3 -0.34
52 158.0 99.0 -0.38
1 178.25 85.39 0.18
2 178.49 99.42 0.11
3 102.87 80.55 -4.17
4 165.51 132.48 0.03
5 196.73 133.41 0.73
6 168.61 98.02 -0.05
7 120.08 85.03 -2.09
8 190.91 98.71 0.31
9 177.47 49.61 0.83
10 149.82 138.41 -0.35
11 207.54 135.82 1.05
12 223.48 80.79 1.77
13 147.25 86.29 -0.4
14 171.84 102.1 0.01
15 84.79 81.44 -5.42
16 159.49 134.02 -0.12
17 168.1 138.31 0.05
18 281.8 21.87 9.17
19 153.0 87.34 -0.17
20 286.89 51.28 10.51
21 90.84 81.93 -5.49
22 214.0 77.56 1.17
23 303.65 40.2 13.43
24 168.83 126.09 0.01
25 141.63 83.86 -0.34
26 187.49 102.76 0.22
27 203.44 86.69 0.58
28 283.25 26.65 9.41
29 118.3 91.68 -2.2
30 146.05 124.73 -0.38
31 304.73 32.92 13.79
32 309.75 43.96 13.51
33 194.23 94.85 0.23
34 285.71 10.71 9.44
35 166.38 118.58 -0.02
36 59.2 168.28 -11.95
37 303.14 11.81 12.22
38 232.17 81.74 2.04
39 100.75 50.93 -4.25
40 192.24 127.44 0.3
41 121.69 41.92 -1.94
42 278.37 56.67 9.73
43 198.99 92.1 0.56
44 207.68 81.55 0.55
45 206.9 105.98 0.82
46 292.82 44.61 11.48
47 281.23 46.8 9.69
48 96.18 80.64 -4.33
49 201.04 133.88 0.66
50 276.83 26.99 8.22
51 146.13 77.1 -0.45
52 157.97 99.38 -0.32
53 301.0 37.0 7.0
1 178.49 85.33 -0.03
2 178.72 99.55 -0.17
3 101.07 80.81 -5.43
4 165.64 132.88 -0.16
5 197.43 133.79 0.24
6 168.69 98.2 -0.2
7 119.07 84.6 -2.17
8 191.23 98.91 0.01
9 178.26 48.71 0.08
10 149.8 138.93 -0.71
11 208.39 136.27 0.45
12 224.58 80.59 1.84
13 147.03 86.22 -0.62
14 171.97 102.22 -0.16
15 82.09 81.21 -6.67
16 159.56 134.47 -0.42
17 168.29 138.71 -0.25
18 286.8 17.76 9.64
19 152.88 87.26 -0.4
20 292.63 48.02 11.13
21 88.07 81.18 -6.45
22 214.76 77.25 1.11
23 169.0 126.45 -0.2
24 141.43 83.88 -0.7
25 187.76 102.91 -0.09
26 203.86 86.86 0.47
27 288.51 22.42 9.78
28 117.16 91.43 -2.26
29 145.86 125.2 -0.67
30 194.46 95.0 0.04
31 290.74 6.07 9.76
32 166.51 118.97 -0.2
33 53.07 171.47 -13.56
34 233.11 81.68 2.49
35 98.78 48.78 -4.97
36 192.5 127.75 0.22
37 120.8 40.74 -2.09
38 283.84 53.73 9.96
39 199.52 92.2 0.19
40 208.14 81.49 0.41
41 207.66 104.07 0.31
42 299.16 40.91 12.11
43 286.64 43.5 10.17
44 94.24 80.44 -5.34
45 201.66 134.33 0.44
46 281.19 23.45 8.74
47 145.9 76.74 -0.63
48 158.03 99.59 -0.5
49 302.5 36.11 13.06
1 178.54 86.13 -0.05
2 178.74 100.53 -0.3
3 98.47 81.12 -6.03
4 165.6 134.16 -0.21
5 197.6 135.09 0.32
6 168.64 99.28 -0.27
7 117.87 85.07 -2.22
8 191.29 99.91 -0.02
9 178.42 48.73 0.24
10 149.56 140.34 -1.01
11 208.73 137.31 0.5
12 225.55 81.25 1.67
13 146.87 87.06 -0.81
14 171.95 103.27 -0.23
15 78.7 82.22 -7.42
16 159.48 135.69 -0.59
17 168.31 139.99 -0.46
18 292.22 13.97 10.77
19 152.84 88.05 -0.79
20 298.79 45.27 12.61
21 84.63 81.09 -7.01
22 215.48 77.93 0.71
23 168.97 127.64 -0.31
24 141.32 84.65 -0.95
25 187.83 103.9 -0.19
26 204.18 87.95 0.19
27 293.9 18.85 10.92
28 115.95 91.97 -2.27
29 145.71 126.43 -1.04
30 194.52 96.09 0.02
31 166.47 120.04 -0.3
32 45.66 175.69 -14.61
33 234.49 82.27 2.61
34 96.34 47.67 -5.53
35 192.76 129.02 0.06
36 119.71 40.25 -2.34
37 289.33 51.47 11.2
38 199.64 93.08 0.19
39 208.38 82.59 0.24
40 207.89 102.33 0.28
41 292.26 40.87 11.51
42 91.54 80.21 -5.78
43 201.95 135.49 0.33
44 286.17 20.18 9.83
45 145.71 77.23 -0.9
46 157.76 100.58 -0.37
47 160.0 131.0 -0.24
1 178.54 85.95 -0.23
2 178.76 100.7 -0.45
3 95.17 83.01 -6.16
4 165.59 134.6 -0.27
5 198.03 135.55 -0.14
6 168.58 99.45 -0.38
7 116.82 84.47 -2.44
8 191.38 100.01 -0.1
9 178.48 47.71 0.04
10 149.27 140.93 -1.32
11 209.16 137.66 0.39
12 226.65 81.36 1.76
13 146.46 87.18 -1.07
14 171.92 103.41 -0.32
15 74.88 81.5 -7.71
16 159.33 136.24 -0.66
17 168.26 140.52 -0.47
18 297.8 8.81 11.0
19 152.58 87.87 -0.69
20 305.35 41.29 13.41
21 81.09 79.74 -7.53
22 215.98 77.48 1.03
23 168.97 128.02 -0.38
24 140.78 84.76 -1.11
25 187.96 104.1 -0.31
26 204.39 88.03 0.12
27 299.78 13.61 11.43
28 114.84 91.43 -2.31
29 145.37 126.77 -1.35
30 194.6 96.17 -0.0
31 166.44 120.19 -0.39
32 38.2 179.24 -16.74
33 235.94 82.28 2.4
34 193.04 129.42 -0.13
35 118.54 38.72 -2.72
36 295.14 48.28 11.54
37 199.84 93.2 0.29
38 208.62 82.43 0.05
39 208.1 102.04 0.62
40 298.25 37.04 12.19
41 88.39 78.85 -6.03
42 202.31 136.0 0.12
43 291.41 15.39 9.98
44 145.31 77.45 -1.08
45 157.59 100.78 -0.16
46 160.24 130.93 -0.61
47 108.0 89.0 -1.67
48 148.0 81.0 -0.55
49 209.0 108.0 0.42
1 178.51 85.28 0.92
2 178.57 100.33 0.53
3 91.75 84.54 -5.55
4 165.42 134.38 -0.28
5 198.11 135.46 -0.66
6 168.42 99.01 0.63
7 115.49 83.2 -0.03
8 191.36 99.53 1.17
9 148.61 140.65 -0.94
10 209.44 137.55 -0.07
11 227.68 80.12 3.9
12 146.03 86.44 0.44
13 171.77 103.03 0.45
14 70.66 80.16 -6.87
15 158.97 135.98 -0.38
16 167.86 140.32 -0.55
17 152.03 86.86 0.74
18 216.4 76.26 3.55
19 168.71 127.77 -0.23
20 140.36 84.15 0.28
21 187.79 103.63 0.85
22 204.44 86.96 1.98
23 113.56 90.18 -0.78
24 194.6 95.67 1.66
25 29.03 181.89 -15.97
26 237.57 81.0 4.36
27 192.99 129.21 -0.01
28 301.77 43.75 14.88
29 200.02 92.47 1.68
30 208.61 81.43 2.98
31 208.5 101.36 1.41
32 85.16 76.59 -5.43
33 202.4 135.89 -0.11
34 144.78 76.66 0.86
35 157.39 100.27 0.48
36 159.81 130.63 -0.17
37 107.76 88.89 -2.01
38 209.34 108.04 0.95
39 134.0 85.0 -0.17
1 178.44 85.2 7.93
2 178.43 100.45 8.17
3 88.04 87.25 6.65
4 165.36 134.7 6.9
5 197.77 135.71 7.29
6 168.24 99.2 7.42
7 114.27 82.86 7.32
8 191.38 99.71 8.26
9 209.73 137.71 8.01
10 228.6 79.8 9.93
11 145.38 86.44 7.03
12 171.63 103.22 7.56
13 66.36 79.96 5.88
14 158.67 136.39 7.44
15 167.79 140.72 7.15
16 151.9 86.9 7.7
17 217.15 75.79 10.11
18 168.62 128.08 6.83
19 139.65 84.35 6.86
20 187.8 103.75 6.66
21 204.65 87.08 9.24
22 112.44 89.92 7.2
23 194.7 95.89 8.57
24 238.67 80.51 10.23
25 193.04 129.47 7.61
26 200.19 92.64 8.54
27 208.8 81.58 10.8
28 202.52 136.25 7.93
29 144.2 76.87 7.42
30 159.63 131.02 7.5
31 105.86 88.26 7.28
32 133.66 84.75 6.79
33 181.0 70.0 6.84
34 144.0 115.0 6.98
35 144.0 122.0 7.33
1 183.61 70.52 0.72
2 182.77 86.92 1.84
3 89.91 76.69 1.35
4 168.3 120.06 2.06
5 200.75 122.64 2.88
6 172.84 85.69 0.86
7 118.9 65.0 0.21
8 196.03 86.53 2.18
9 212.3 124.74 3.42
10 236.06 67.72 0.68
11 150.34 69.84 0.14
12 175.89 89.72 1.47
13 67.78 61.91 0.54
14 162.24 121.26 1.96
15 170.59 126.23 2.57
16 156.6 72.03 0.76
17 224.2 62.98 0.73
18 171.86 113.77 1.58
19 144.58 67.78 -0.01
20 191.86 90.37 0.72
21 210.62 74.49 1.4
22 116.37 71.31 0.84
23 200.22 83.26 1.5
24 246.4 69.14 0.59
25 196.42 116.29 2.83
26 205.65 80.8 1.38
27 215.47 69.05 1.87
28 205.63 123.16 2.92
29 149.51 59.88 0.04
30 163.53 115.91 1.72
31 109.45 69.56 0.61
32 137.21 69.21 0.89
33 185.03 64.8 0.72
34 146.8 113.53 2.48
35 146.92 118.3 2.48
36 151.0 132.0 -1.9
37 187.0 33.0 -2.53
38 145.0 81.0 -1.87
1 186.01 74.7 -1.71
2 186.34 91.5 -1.96
3 94.04 76.35 -2.89
4 171.64 124.84 -1.42
5 204.81 126.02 -1.37
6 175.07 90.15 -1.43
7 120.79 72.83 -1.92
8 199.11 90.49 -1.04
9 217.2 127.54 -1.82
10 238.16 70.37 -1.58
11 152.27 77.62 -1.95
12 178.61 93.58 -1.41
13 71.41 67.78 -3.18
14 165.51 126.31 -1.48
15 174.43 130.6 -1.49
16 159.04 79.33 -1.88
17 226.91 65.66 -2.05
18 174.73 118.89 -1.39
19 146.44 74.33 -2.01
20 194.07 95.03 -1.65
21 213.54 77.81 -1.65
22 118.99 79.44 -1.93
23 202.68 86.92 -1.13
24 248.45 71.38 -1.61
25 200.27 120.35 -1.18
26 208.22 84.46 -1.38
27 219.31 71.21 -1.92
28 210.14 126.42 -1.85
29 151.5 68.04 -2.08
30 166.54 121.14 -1.47
31 112.43 77.78 -2.49
32 139.73 75.58 -1.85
33 187.49 69.49 -1.75
34 150.5 118.79 -1.37
35 150.63 123.5 -1.33
36 150.32 129.13 -1.36
37 185.93 32.83 -1.68
38 144.88 80.13 -1.98
39 105.0 63.0 -0.09
40 166.0 82.0 -0.12
41 171.0 103.0 -0.11
1 184.37 68.64 -0.11
2 184.57 86.18 -0.24
3 91.3 74.03 -0.15
4 170.35 120.55 -0.14
5 203.57 121.36 -0.14
6 173.69 84.87 -0.04
7 119.07 67.99 -0.2
8 198.18 85.22 -0.11
9 215.68 122.58 -0.29
10 236.67 64.14 -0.14
11 150.46 72.19 -0.19
12 177.37 88.4 -0.15
13 68.34 62.68 -0.17
14 164.19 122.01 -0.17
15 173.1 126.2 -0.12
16 157.35 74.12 -0.21
17 224.9 60.1 -0.07
18 173.43 114.6 -0.09
19 144.53 68.78 -0.1
20 192.55 89.57 -0.16
21 212.01 71.61 -0.17
22 117.23 74.47 -0.18
23 201.67 81.77 -0.14
24 246.89 65.43 -0.03
25 199.21 115.65 -0.16
26 206.99 79.07 -0.22
27 217.37 65.53 -0.0
28 208.5 121.57 -0.19
29 149.53 62.95 -0.15
30 165.23 116.94 -0.18
31 110.07 72.33 -0.19
32 138.02 70.06 -0.21
33 185.81 63.41 -0.11
34 149.27 113.92 -0.15
35 149.41 119.1 -0.13
36 149.12 125.22 -0.16
37 184.39 25.0 -0.21
38 143.09 74.25 -0.25
39 104.98 63.42 -0.14
40 166.01 82.4 -0.19
41 170.99 103.44 -0.11
42 217.0 127.0 0.02
43 118.0 10.0 -0.04
44 165.0 91.0 0.02
45 113.0 34.0 0.0
1 184.26 68.62 0.03
2 184.35 86.21 0.03
3 91.11 73.81 0.08
4 170.2 120.48 0.04
5 203.4 121.29 0.05
6 173.63 84.92 -0.0
7 118.87 67.92 0.05
8 198.0 85.15 0.08
9 215.37 122.54 0.02
10 236.53 64.1 0.0
11 150.27 72.28 0.04
12 177.17 88.37 0.04
13 68.13 62.75 0.12
14 164.01 121.89 0.03
15 172.98 126.1 0.09
16 157.06 74.1 0.15
17 224.86 60.0 -0.03
18 173.33 114.52 0.01
19 144.39 68.85 0.06
20 192.41 89.61 0.02
21 211.82 71.66 0.03
22 117.02 74.43 0.04
23 201.52 81.68 0.03
24 246.83 65.28 0.05
25 199.06 115.59 0.01
26 206.75 78.96 0.04
27 217.38 65.42 -0.03
28 208.27 121.5 0.04
29 149.4 63.1 0.01
30 165.05 116.85 0.03
31 109.87 72.34 0.07
32 137.81 70.13 0.01
33 185.7 63.4 0.03
34 149.11 113.74 0.04
35 149.28 118.97 0.02
36 148.95 125.14 0.02
37 184.17 25.08 0.07
38 142.83 74.29 0.04
39 104.85 63.45 0.06
40 165.81 82.43 0.06
41 170.88 103.42 0.01
42 216.98 126.99 0.07
43 117.91 10.06 0.09
44 164.98 91.02 0.03
45 112.93 34.07 0.1
46 163.0 96.0 -0.01
47 249.0 12.0 -0.06
48 113.0 26.0 0.02
49 255.0 66.0 0.01
50 110.0 11.0 -0.05
51 225.0 128.0 0.04
1 184.3 68.61 -0.07
2 184.43 86.24 -0.05
3 91.22 73.71 -0.07
4 170.25 120.49 -0.05
5 203.45 121.34 -0.13
6 173.65 84.94 -0.03
7 118.91 67.97 0.0
8 198.11 85.2 -0.09
9 215.45 122.54 -0.13
10 236.57 64.2 -0.04
11 150.33 72.29 -0.05
12 177.25 88.41 -0.06
13 68.26 62.91 -0.15
14 164.08 121.9 -0.07
15 173.0 126.11 -0.04
16 157.24 74.18 -0.09
17 224.85 60.13 -0.03
18 173.36 114.52 -0.04
19 144.47 68.87 -0.04
20 192.46 89.65 -0.07
21 211.88 71.68 -0.05
22 117.09 74.48 -0.03
23 201.59 81.75 -0.06
24 246.88 65.35 -0.08
25 199.09 115.63 -0.08
26 206.82 78.96 -0.06
27 217.36 65.53 -0.03
28 208.35 121.54 -0.13
29 149.41 63.16 -0.03
30 165.1 116.87 -0.05
31 109.94 72.35 -0.06
32 137.88 70.13 -0.09
33 185.74 63.39 -0.07
34 149.15 113.77 -0.05
35 149.3 119.02 -0.04
36 148.97 125.18 -0.03
37 184.26 25.13 -0.08
38 142.9 74.29 -0.06
39 104.9 63.48 -0.05
40 165.89 82.48 -0.09
41 170.91 103.37 -0.04
42 217.08 126.98 -0.18
43 118.06 10.07 -0.02
44 165.03 91.07 -0.03
45 112.98 34.09 0.04
46 163.01 96.03 -0.01
47 248.98 12.14 -0.07
48 113.02 25.99 -0.01
49 255.06 66.0 -0.1
50 110.0 10.97 -0.1
51 225.06 128.04 -0.12
1 184.25 68.66 0.02
2 184.31 86.27 0.02
3 91.11 74.14 0.01
4 170.18 120.52 0.01
5 203.36 121.37 -0.03
6 173.6 84.97 0.03
7 118.88 67.99 -0.06
8 198.07 85.17 -0.03
9 215.31 122.54 0.02
10 236.52 64.22 0.02
11 150.27 72.32 0.01
12 177.17 88.44 0.01
13 68.13 62.82 0.04
14 164.0 121.95 0.03
15 172.92 126.15 0.09
16 157.15 74.19 0.0
17 224.82 60.1 0.0
18 173.32 114.54 -0.01
19 144.43 68.88 -0.0
20 192.37 89.66 0.0
21 211.84 71.74 -0.01
22 117.0 74.52 -0.03
23 201.54 81.72 -0.01
24 246.83 65.41 0.03
25 199.02 115.66 -0.02
26 206.76 79.02 0.01
27 217.33 65.54 -0.0
28 208.25 121.55 -0.02
29 149.39 63.2 -0.03
30 165.04 116.91 0.01
31 109.87 72.38 -0.01
32 137.79 70.15 0.0
33 185.69 63.43 0.0
34 149.1 113.74 0.01
35 149.26 119.03 0.02
36 148.93 125.19 0.02
37 184.18 25.15 -0.02
38 142.82 74.31 0.01
39 104.86 63.5 -0.02
40 165.8 82.51 0.03
41 170.87 103.4 0.0
42 216.93 127.01 0.01
43 118.02 10.15 0.02
44 164.98 91.03 0.02
45 113.0 34.2 0.02
46 162.98 95.99 0.0
47 248.98 12.16 -0.09
48 113.05 26.08 -0.07
49 254.95 66.07 0.01
50 109.98 11.01 -0.02
51 224.96 128.06 -0.0
52 235.0 47.0 0.05
1 184.25 68.68 -0.02
2 184.35 86.28 -0.05
3 91.06 74.42 0.06
4 170.17 120.53 0.0
5 203.35 121.39 -0.01
6 173.61 85.0 0.01
7 118.83 68.01 0.04
8 198.04 85.24 -0.03
9 215.32 122.53 0.01
10 236.54 64.26 -0.0
11 150.26 72.35 0.0
12 177.19 88.46 0.01
13 68.13 62.82 -0.02
14 164.01 121.99 0.01
15 172.96 126.17 0.01
16 157.13 74.22 0.03
17 224.84 60.12 -0.01
18 173.3 114.55 -0.0
19 144.43 68.91 -0.01
20 192.35 89.68 0.0
21 211.82 71.73 0.01
22 117.0 74.57 0.04
23 201.51 81.77 0.01
24 246.82 65.33 -0.0
25 199.02 115.69 0.02
26 206.75 79.03 0.02
27 217.33 65.54 0.0
28 208.24 121.56 -0.02
29 149.38 63.22 -0.01
30 165.03 116.95 0.01
31 109.86 72.44 0.01
32 137.79 70.17 0.0
33 185.69 63.45 -0.04
34 149.1 113.82 0.01
35 149.28 119.07 -0.01
36 148.93 125.19 0.0
37 184.18 25.19 0.0
38 142.83 74.33 0.01
39 104.84 63.51 0.02
40 165.8 82.52 0.01
41 170.87 103.36 -0.02
42 216.94 127.0 0.01
43 118.02 10.18 0.01
44 164.98 91.03 0.0
45 112.98 34.26 0.04
46 162.98 95.99 -0.02
47 248.99 12.2 -0.05
48 112.97 26.1 0.04
49 254.92 66.06 0.0
50 109.98 11.0 -0.09
51 224.98 128.05 0.01
52 234.99 47.06 0.04
53 117.0 22.0 0.06
1 184.26 68.68 -0.01
2 184.32 86.28 0.0
3 91.11 73.72 -0.01
4 170.19 120.53 0.01
5 203.36 121.38 0.02
6 173.64 84.95 -0.02
7 118.83 67.93 -0.01
8 198.03 85.19 -0.01
9 215.34 122.52 0.01
10 236.53 64.2 -0.0
11 150.27 72.36 -0.01
12 177.18 88.44 -0.0
13 68.11 62.84 0.08
14 164.01 121.95 0.03
15 172.97 126.15 0.0
16 157.15 74.27 0.02
17 224.82 60.13 -0.02
18 173.3 114.54 0.01
19 144.42 68.91 -0.01
20 192.34 89.66 -0.0
21 211.82 71.73 0.02
22 116.99 74.48 0.02
23 201.54 81.73 -0.02
24 246.85 65.36 0.01
25 199.02 115.67 0.03
26 206.76 79.0 -0.0
27 217.32 65.57 0.01
28 208.24 121.55 -0.0
29 149.36 63.23 -0.01
30 165.05 116.92 0.01
31 109.83 72.34 0.03
32 137.79 70.17 0.0
33 185.69 63.44 -0.01
34 149.1 113.76 0.01
35 149.27 119.03 -0.0
36 148.94 125.19 -0.01
37 184.18 25.2 -0.02
38 142.84 74.32 0.01
39 104.84 63.52 0.04
40 165.81 82.49 -0.01
41 170.86 103.37 -0.01
42 216.94 126.99 -0.02
43 118.04 10.23 -0.04
44 164.97 90.97 0.0
45 112.99 34.28 0.05
46 162.97 95.97 -0.0
47 248.96 12.21 -0.05
48 113.01 26.1 -0.02
49 254.97 66.02 -0.01
50 109.91 11.08 0.03
51 224.96 128.03 -0.0
52 235.07 47.06 -0.02
53 117.04 22.03 -0.02
1 184.24 68.69 0.02
2 184.34 86.29 0.02
3 91.14 73.42 -0.0
4 170.19 120.55 0.02
5 203.37 121.39 0.01
6 173.63 84.98 -0.0
7 118.82 67.98 0.0
8 198.02 85.26 -0.0
9 215.36 122.54 -0.05
10 236.54 64.19 0.01
11 150.27 72.35 -0.01
12 177.19 88.44 -0.01
13 68.17 62.97 0.06
14 164.02 121.97 0.02
15 172.96 126.17 0.0
16 157.16 74.28 0.01
17 224.82 60.1 0.0
18 173.31 114.53 0.0
19 144.44 68.91 -0.02
20 192.36 89.68 0.02
21 211.82 71.79 0.0
22 117.0 74.53 0.01
23 201.52 81.8 0.01
24 246.86 65.34 -0.03
25 199.03 115.68 0.03
26 206.75 79.08 -0.0
27 217.32 65.58 0.01
28 208.25 121.56 0.0
29 149.36 63.22 -0.0
30 165.06 116.96 0.0
31 109.84 72.39 0.01
32 137.78 70.18 0.03
33 185.67 63.45 0.02
34 149.11 113.82 -0.0
35 149.27 119.05 0.0
36 148.93 125.18 0.01
37 184.18 25.2 -0.0
38 142.85 74.34 0.01
39 104.86 63.51 -0.01
40 165.82 82.52 -0.01
41 170.86 103.35 0.0
42 216.96 127.02 -0.02
43 118.01 10.16 -0.01
44 164.99 91.04 0.01
45 113.06 34.26 -0.01
46 162.99 96.04 0.0
47 248.94 12.31 0.02
48 113.04 26.13 0.0
49 254.96 66.04 -0.07
50 109.9 10.99 0.03
51 224.99 128.02 -0.01
52 235.03 47.01 -0.01
53 117.05 22.03 0.03
54 91.0 148.0 0.05
[INFO] [WallTime: 1432307938.834560] Stop TurtleBot
1 184.28 68.7 -0.02
2 184.35 86.3 -0.01
3 91.16 73.02 -0.05
4 170.19 120.56 -0.0
5 203.36 121.4 -0.02
6 173.63 84.99 -0.01
7 118.82 67.95 -0.01
8 198.0 85.22 0.0
9 215.34 122.51 -0.02
10 236.54 64.2 0.02
11 150.26 72.37 0.0
12 177.2 88.46 -0.02
13 68.19 63.07 0.11
14 164.03 121.99 0.02
15 172.99 126.2 0.0
16 157.17 74.26 -0.01
17 224.8 60.12 0.04
18 173.3 114.55 0.02
19 144.43 68.89 0.01
20 192.36 89.67 0.02
21 211.83 71.77 -0.01
22 117.01 74.51 -0.02
23 201.52 81.77 0.01
24 246.85 65.32 -0.02
25 199.02 115.68 0.02
26 206.75 79.08 -0.0
27 217.32 65.61 0.0
28 208.22 121.51 0.03
29 149.37 63.28 -0.02
30 165.05 116.97 0.02
31 109.84 72.37 0.0
32 137.77 70.17 0.01
33 185.7 63.47 -0.02
34 149.1 113.79 0.01
35 149.26 119.07 0.01
36 148.93 125.22 0.0
37 184.18 25.21 -0.0
38 142.85 74.31 -0.0
39 104.83 63.52 0.01
40 165.82 82.51 -0.0
41 170.86 103.4 0.0
42 216.96 127.01 -0.03
43 118.03 10.17 0.05
44 165.0 91.02 -0.0
45 113.0 34.28 -0.02
46 162.99 95.99 -0.02
47 248.9 12.34 0.02
48 112.99 26.12 0.03
49 254.97 66.0 -0.05
50 109.94 10.95 0.09
51 225.0 128.01 -0.02
52 235.03 47.04 -0.02
53 117.04 22.06 0.04
54 91.01 147.97 -0.01
55 245.0 22.0 0.05
1 184.26 68.7 -0.02
2 184.36 86.31 -0.03
3 91.13 74.15 0.02
4 170.19 120.56 0.04
5 203.33 121.4 0.04
6 173.63 85.02 -0.01
7 118.82 67.91 -0.05
8 198.04 85.25 -0.03
9 215.33 122.54 0.0
10 236.57 64.21 0.0
11 150.27 72.38 0.0
12 177.2 88.46 0.0
13 68.27 63.18 0.06
14 164.03 122.0 0.04
15 172.97 126.19 0.02
16 157.17 74.28 0.01
17 224.85 60.06 -0.03
18 173.31 114.56 0.02
19 144.43 68.92 0.01
20 192.4 89.68 -0.04
21 211.83 71.77 -0.01
22 116.99 74.47 -0.0
23 201.54 81.78 0.01
24 246.84 65.3 -0.02
25 199.01 115.67 0.01
26 206.74 79.11 0.02
27 217.33 65.57 -0.03
28 208.23 121.52 0.01
29 149.36 63.23 0.0
30 165.06 116.97 0.02
31 109.82 72.36 0.02
32 137.78 70.19 0.03
33 185.69 63.46 -0.01
34 149.1 113.81 0.02
35 149.27 119.07 0.01
36 148.94 125.21 0.01
37 184.19 25.21 -0.0
38 142.86 74.34 -0.01
39 104.83 63.56 0.04
40 165.82 82.51 0.02
41 170.86 103.35 0.01
42 216.94 127.05 0.02
43 118.02 10.16 0.03
44 165.0 91.05 0.0
45 113.02 34.32 0.02
46 162.98 96.05 0.01
47 248.98 12.32 -0.05
48 112.98 26.03 0.05
49 254.96 66.01 -0.04
50 109.89 10.97 0.02
51 224.97 128.03 0.03
52 234.99 47.0 0.02
53 117.02 22.09 0.04
54 91.04 147.98 -0.08
55 245.07 21.91 -0.08
1 184.27 68.72 -0.0
2 184.37 86.3 -0.02
3 91.09 73.76 0.04
4 170.21 120.55 -0.01
5 203.32 121.42 0.06
6 173.63 85.01 -0.0
7 118.8 67.95 -0.01
8 198.04 85.24 0.01
9 215.32 122.53 -0.01
10 236.58 64.19 -0.01
11 150.26 72.35 0.01
12 177.2 88.45 0.0
13 68.33 63.08 -0.04
14 164.05 122.01 0.0
15 173.03 126.19 -0.03
16 157.17 74.27 0.01
17 224.82 60.09 0.02
18 173.33 114.53 -0.02
19 144.43 68.91 0.01
20 192.37 89.68 0.01
21 211.84 71.78 -0.02
22 116.99 74.48 -0.02
23 201.53 81.78 0.03
24 246.79 65.29 0.04
25 199.04 115.68 0.02
26 206.75 79.09 0.0
27 217.3 65.58 0.02
28 208.24 121.56 0.01
29 149.36 63.24 0.01
30 165.06 116.98 -0.0
31 109.86 72.4 -0.03
32 137.8 70.18 -0.01
33 185.7 63.48 -0.0
34 149.09 113.8 0.01
35 149.26 119.05 0.02
36 148.93 125.2 0.01
37 184.17 25.23 0.03
38 142.85 74.34 0.0
39 104.87 63.51 -0.03
40 165.82 82.49 -0.01
41 170.87 103.38 -0.01
42 216.95 127.02 -0.02
43 118.09 10.18 0.01
44 165.01 91.04 -0.01
45 112.97 34.21 0.08
46 163.0 96.01 -0.0
47 248.94 12.31 -0.03
48 112.98 26.07 0.08
49 254.93 65.99 -0.01
50 110.01 11.06 -0.08
51 225.0 128.01 -0.02
52 234.99 47.03 0.02
53 117.05 22.16 0.05
54 90.92 148.13 0.09
55 245.08 21.91 -0.12
56 148.0 58.0 -0.03
1 184.25 68.73 -0.01
2 184.31 86.3 0.05
3 91.12 74.12 0.02
4 170.2 120.54 -0.0
5 203.36 121.4 0.0
6 173.63 85.02 -0.0
7 118.79 67.93 0.05
8 198.0 85.23 0.06
9 215.33 122.54 -0.02
10 236.55 64.24 0.01
11 150.26 72.36 0.02
12 177.2 88.46 0.0
13 68.27 63.3 0.03
14 164.05 121.98 0.01
15 172.94 126.19 0.03
16 157.17 74.33 0.0
17 224.82 60.11 -0.0
18 173.32 114.54 -0.02
19 144.45 68.9 -0.01
20 192.34 89.66 0.03
21 211.84 71.8 -0.02
22 117.01 74.53 0.04
23 201.54 81.78 0.01
24 246.88 65.27 -0.02
25 199.03 115.67 0.02
26 206.76 79.11 -0.01
27 217.29 65.61 0.0
28 208.25 121.55 -0.02
29 149.38 63.24 -0.01
30 165.07 116.94 -0.0
31 109.86 72.43 -0.0
32 137.79 70.16 0.04
33 185.68 63.48 -0.01
34 149.11 113.78 0.0
35 149.27 119.08 0.01
36 148.94 125.26 0.0
37 184.18 25.23 0.02
38 142.84 74.34 0.02
39 104.85 63.51 0.02
40 165.83 82.54 -0.01
41 170.87 103.44 -0.01
42 216.92 127.06 0.02
43 118.06 10.2 0.03
44 164.99 91.06 0.0
45 113.03 34.28 -0.04
46 162.98 96.14 -0.0
47 248.93 12.38 0.03
48 113.01 26.08 -0.03
49 254.99 65.96 0.02
50 109.93 11.07 0.0
51 224.97 128.06 0.03
52 235.03 47.02 0.03
53 117.06 22.15 -0.04
54 91.05 148.15 -0.03
55 245.01 22.0 -0.02
56 148.01 58.0 -0.0
1 184.26 68.73 0.0
2 184.33 86.3 0.02
3 91.16 73.38 0.05
4 170.2 120.52 -0.01
5 203.39 121.42 -0.01
6 173.61 85.03 0.02
7 118.78 67.92 0.06
8 198.06 85.24 0.0
9 215.31 122.51 0.01
10 236.59 64.24 -0.02
11 150.28 72.33 -0.01
12 177.19 88.45 -0.01
13 68.4 63.43 -0.14
14 164.03 121.99 0.02
15 173.03 126.18 -0.05
16 157.17 74.33 0.01
17 224.83 60.09 0.03
18 173.31 114.53 0.0
19 144.44 68.89 -0.02
20 192.36 89.68 0.01
21 211.82 71.81 0.01
22 116.98 74.51 0.07
23 201.55 81.76 0.0
24 246.84 65.31 -0.02
25 199.05 115.71 -0.02
26 206.76 79.12 -0.01
27 217.29 65.61 0.02
28 208.24 121.53 0.01
29 149.38 63.23 -0.01
30 165.06 116.91 0.0
31 109.86 72.4 0.0
32 137.79 70.16 0.03
33 185.69 63.49 0.01
34 149.12 113.83 -0.01
35 149.29 119.09 -0.02
36 148.95 125.21 -0.01
37 184.19 25.24 -0.01
38 142.87 74.34 -0.03
39 104.86 63.58 0.01
40 165.81 82.52 0.02
41 170.86 103.4 0.01
42 216.93 127.05 -0.0
43 118.02 10.22 0.11
44 165.0 91.04 0.01
45 113.03 34.22 0.02
46 162.99 96.06 -0.01
47 248.89 12.39 0.03
48 113.01 26.11 0.04
49 254.95 65.94 0.02
50 109.89 11.02 0.04
51 224.98 128.04 0.01
52 235.0 46.99 0.06
53 117.05 22.15 0.03
54 90.94 148.11 0.16
55 245.01 22.04 -0.04
56 147.99 57.99 -0.01
1 184.26 68.72 -0.01
2 184.36 86.32 0.01
3 91.16 74.31 0.01
4 170.19 120.54 0.02
5 203.37 121.41 0.01
6 173.62 85.04 0.03
7 118.8 67.95 0.02
8 198.05 85.24 -0.0
9 215.32 122.51 0.0
10 236.55 64.2 0.02
11 150.28 72.39 0.01
12 177.19 88.44 0.0
13 68.35 63.4 -0.02
14 164.05 122.03 0.02
15 173.05 126.21 -0.05
16 157.19 74.35 -0.02
17 224.84 60.11 -0.01
18 173.3 114.55 0.03
19 144.44 68.92 -0.02
20 192.39 89.67 -0.0
21 211.82 71.81 -0.0
22 117.05 74.57 -0.05
23 201.54 81.77 0.01
24 246.8 65.3 0.05
25 199.02 115.69 0.04
26 206.76 79.11 -0.02
27 217.3 65.6 0.02
28 208.25 121.52 0.0
29 149.38 63.28 -0.02
30 165.05 116.98 0.03
31 109.88 72.46 -0.04
32 137.81 70.16 0.02
33 185.7 63.47 0.0
34 149.12 113.82 -0.0
35 149.28 119.09 -0.01
36 148.95 125.22 0.0
37 184.2 25.25 -0.01
38 142.84 74.34 0.01
39 104.85 63.62 0.01
40 165.83 82.54 -0.01
41 170.87 103.42 -0.0
42 216.95 127.09 -0.0
43 118.1 10.25 -0.03
44 165.01 90.98 -0.01
45 113.02 34.21 0.04
46 162.98 95.99 -0.01
47 248.94 12.4 -0.0
48 113.03 26.13 0.04
49 254.94 65.92 0.06
50 109.91 10.97 -0.0
51 224.99 128.06 -0.01
52 235.02 47.01 -0.03
53 117.06 22.16 0.04
54 91.05 148.09 -0.04
55 245.0 22.07 -0.03
56 148.01 58.0 -0.01
1 184.28 68.73 -0.02
2 184.35 86.31 0.02
3 91.16 74.9 0.09
4 170.22 120.55 -0.01
5 203.38 121.43 -0.01
6 173.6 85.02 0.03
7 118.82 67.93 0.02
8 198.07 85.23 -0.01
9 215.32 122.46 -0.0
10 236.57 64.21 -0.0
11 150.27 72.39 0.0
12 177.19 88.44 0.01
13 68.32 63.54 -0.01
14 164.08 122.04 -0.02
15 173.03 126.22 0.06
16 157.19 74.39 -0.01
17 224.83 60.06 -0.0
18 173.33 114.57 0.0
19 144.43 68.92 -0.04
20 192.4 89.68 -0.0
21 211.8 71.87 0.01
22 117.01 74.52 0.01
23 201.56 81.79 0.01
24 246.84 65.32 0.01
25 199.04 115.73 0.01
26 206.74 79.11 -0.01
27 217.29 65.59 0.04
28 208.24 121.52 -0.0
29 149.38 63.28 -0.02
30 165.09 116.99 -0.03
31 109.86 72.39 0.01
32 137.82 70.17 0.01
33 185.71 63.48 -0.01
34 149.1 113.8 0.0
35 149.27 119.1 0.01
36 148.94 125.24 -0.0
37 184.18 25.24 -0.01
38 142.84 74.34 -0.01
39 104.88 63.61 0.01
40 165.82 82.57 -0.01
41 170.88 103.46 -0.0
42 216.92 127.03 0.04
43 118.09 10.28 0.12
44 164.99 91.0 0.02
45 113.02 34.25 0.01
46 162.98 96.09 0.01
47 248.94 12.31 0.01
48 113.02 26.1 -0.01
49 254.95 65.96 0.01
50 109.92 11.02 0.08
51 224.98 128.04 0.02
52 235.01 47.02 -0.0
53 117.08 22.15 0.0
54 91.0 148.03 0.08
55 244.98 22.09 0.02
56 148.01 57.99 -0.02
1 184.25 68.71 0.01
2 184.36 86.31 0.02
3 91.2 74.73 0.04
4 170.18 120.53 0.01
5 203.37 121.44 -0.02
6 173.62 85.06 -0.01
7 118.8 67.98 0.06
8 198.04 85.26 0.02
9 215.31 122.5 0.0
10 236.57 64.22 -0.0
11 150.28 72.41 -0.01
12 177.18 88.45 0.01
13 68.33 63.67 -0.07
14 164.04 122.01 -0.0
15 172.97 126.18 0.04
16 157.18 74.39 0.02
17 224.85 60.12 -0.02
18 173.32 114.56 -0.01
19 144.42 68.91 -0.02
20 192.38 89.71 0.02
21 211.81 71.79 -0.01
22 116.99 74.54 0.06
23 201.56 81.81 -0.02
24 246.81 65.34 0.04
25 199.05 115.7 -0.05
26 206.74 79.11 -0.02
27 217.31 65.64 0.02
28 208.25 121.5 -0.01
29 149.36 63.29 -0.01
30 165.06 116.99 -0.01
31 109.86 72.47 0.04
32 137.81 70.15 0.0
33 185.69 63.46 0.0
34 149.11 113.77 0.0
35 149.26 119.07 0.01
36 148.94 125.22 -0.0
37 184.14 25.23 0.02
38 142.84 74.34 -0.0
39 104.87 63.64 0.04
40 165.83 82.59 -0.0
41 170.86 103.43 0.01
42 216.95 127.07 -0.01
43 118.14 10.3 0.03
44 165.0 91.06 0.0
45 113.01 34.22 0.05
46 162.98 96.09 -0.01
47 248.93 12.38 -0.02
48 113.04 26.04 0.01
49 254.98 65.95 0.07
50 109.95 11.05 -0.06
51 225.01 128.02 -0.02
52 235.02 46.82 0.0
53 117.12 22.13 -0.0
54 91.07 147.96 0.07
55 244.96 22.08 0.06
56 148.0 57.98 0.01
1 184.25 68.71 -0.01
2 184.38 86.3 -0.04
3 91.22 75.83 0.1
4 170.2 120.54 0.0
5 203.38 121.45 0.01
6 173.6 85.05 -0.01
7 118.85 67.98 0.04
8 198.05 85.25 0.01
9 215.31 122.5 -0.0
10 236.56 64.24 0.01
11 150.3 72.39 -0.01
12 177.17 88.45 0.0
13 68.26 64.08 0.04
14 164.07 122.03 -0.01
15 173.0 126.19 0.08
16 157.18 74.4 -0.0
17 224.84 60.13 -0.02
18 173.31 114.57 -0.0
19 144.4 68.94 -0.01
20 192.4 89.7 -0.04
21 211.83 71.76 -0.01
22 117.03 74.56 0.02
23 201.56 81.8 -0.01
24 246.84 65.34 -0.01
25 199.05 115.72 0.01
26 206.75 79.1 -0.0
27 217.34 65.64 -0.01
28 208.24 121.5 0.0
29 149.36 63.25 -0.02
30 165.06 116.99 -0.01
31 109.85 72.44 0.03
32 137.8 70.17 0.0
33 185.7 63.47 -0.02
34 149.13 113.85 -0.01
35 149.28 119.1 -0.0
36 148.95 125.22 0.0
37 184.15 25.24 -0.02
38 142.85 74.36 -0.01
39 104.85 63.65 0.06
40 165.82 82.58 -0.03
41 170.86 103.42 0.0
42 216.95 127.07 -0.01
43 118.12 10.35 0.05
44 165.0 91.06 -0.03
45 113.03 34.24 0.01
46 162.98 96.12 -0.02
47 248.95 12.37 -0.05
48 113.02 26.11 0.02
49 254.99 65.93 0.02
50 109.89 11.08 0.08
51 224.98 127.99 0.0
52 235.02 47.0 -0.02
53 117.09 22.11 0.02
54 91.12 147.88 0.15
55 245.02 22.03 -0.05
56 148.01 57.97 0.0
1 184.24 68.72 -0.0
2 184.34 86.31 0.02
3 91.27 75.99 0.09
4 170.2 120.53 0.0
5 203.34 121.45 0.04
6 173.62 85.05 -0.03
7 118.9 68.04 0.06
8 198.06 85.3 0.05
9 215.31 122.47 0.02
10 236.57 64.25 -0.01
11 150.29 72.38 0.02
12 177.2 88.44 -0.0
13 68.2 64.3 -0.0
14 164.06 122.04 0.01
15 173.03 126.2 0.03
16 157.19 74.38 -0.02
17 224.83 60.1 -0.01
18 173.32 114.58 -0.02
19 144.41 68.93 -0.0
20 192.38 89.72 -0.02
21 211.82 71.79 0.0
22 117.04 74.58 0.08
23 201.55 81.84 0.03
24 246.84 65.34 0.01
25 199.04 115.72 0.0
26 206.73 79.14 0.0
27 217.35 65.61 0.0
28 208.23 121.47 0.01
29 149.35 63.26 -0.01
30 165.06 117.01 -0.02
31 109.9 72.48 0.01
32 137.83 70.17 -0.03
33 185.68 63.48 -0.01
34 149.13 113.83 -0.02
35 149.29 119.13 -0.0
36 148.95 125.25 -0.01
37 184.14 25.25 0.01
38 142.86 74.35 -0.02
39 104.87 63.64 0.03
40 165.82 82.57 -0.02
41 170.86 103.42 -0.01
42 216.93 127.06 0.03
43 118.16 10.36 -0.01
44 164.99 91.08 0.0
45 113.07 34.26 0.02
46 162.97 96.13 0.01
47 248.93 12.35 0.05
48 113.04 26.04 0.01
49 255.01 66.05 0.03
50 109.9 11.08 0.02
51 224.99 128.01 0.04
52 235.02 46.89 0.05
53 117.07 22.05 0.01
54 91.18 147.78 0.1
55 244.98 22.01 -0.02
56 148.0 57.96 -0.01
