1 85.0 97.0 -0.01
2 88.0 110.0 0.01
3 79.0 88.0 -0.03
4 81.0 111.0 0.0
5 157.0 92.0 0.01
6 79.0 27.0 -0.0
7 51.0 42.0 -0.01
1 85.0 97.0 -0.0
2 88.0 110.0 0.03
3 79.0 87.99 -0.02
4 81.01 111.0 0.01
5 157.01 91.98 -0.02
6 79.0 26.99 0.01
7 50.96 41.98 0.05
8 86.0 92.0 0.02
9 155.0 83.0 0.01
10 87.0 126.0 0.01
11 270.0 115.0 -0.0
12 67.0 4.0 0.0
13 81.0 121.0 0.01
14 57.0 45.0 -0.03
15 252.0 118.0 0.01
16 258.0 104.0 -0.02
1 84.98 97.03 0.02
2 88.02 109.98 -0.0
3 78.98 88.02 -0.0
4 81.01 111.0 -0.01
5 156.99 92.01 -0.03
6 79.01 26.99 -0.01
7 51.01 42.01 -0.03
8 86.0 92.02 0.01
9 155.01 83.0 0.01
10 87.01 125.99 0.0
11 269.98 115.04 0.02
12 66.99 4.02 0.02
13 81.02 121.0 -0.03
14 57.0 44.98 -0.04
15 252.01 117.99 0.01
16 258.0 104.0 0.02
17 81.0 92.0 -0.01
18 259.0 110.0 0.03
1 85.01 97.01 -0.01
2 88.01 109.99 0.01
3 78.98 88.02 0.03
4 81.01 110.99 0.02
5 156.98 92.0 0.03
6 79.01 27.02 -0.0
7 50.99 41.99 -0.01
8 86.02 91.99 0.01
9 155.0 82.99 -0.0
10 87.0 126.01 -0.0
11 269.99 115.04 0.01
12 66.99 4.02 0.01
13 81.01 120.99 0.02
14 57.0 44.98 -0.02
15 252.02 117.99 0.0
16 257.99 104.04 -0.01
17 80.99 92.01 0.01
18 259.01 109.99 0.01
1 85.0 97.01 -0.0
2 88.02 109.98 -0.01
3 78.97 88.03 0.04
4 81.02 110.99 -0.02
5 156.98 92.0 -0.04
6 79.01 27.03 -0.01
7 51.01 42.02 -0.04
8 86.01 92.0 0.01
9 154.99 83.0 0.01
10 87.03 126.0 -0.0
11 270.0 115.02 0.01
12 67.0 4.04 0.0
13 81.04 120.99 -0.03
14 56.95 44.99 0.0
15 252.0 117.94 -0.01
16 257.97 104.0 0.0
17 80.98 92.02 0.03
18 259.01 109.96 -0.02
1 85.0 97.01 -0.01
2 88.02 109.99 0.01
3 79.01 88.01 -0.02
4 81.02 111.0 -0.01
5 156.97 91.98 0.03
6 79.0 27.01 -0.0
7 50.98 42.0 -0.01
8 86.02 91.99 -0.01
9 154.97 82.99 0.02
10 87.01 126.03 0.01
11 269.98 115.04 0.02
12 66.98 4.0 0.0
13 81.02 121.01 -0.01
14 56.95 44.95 0.04
15 252.02 117.96 -0.0
16 258.01 104.01 -0.02
17 81.01 92.01 -0.01
18 259.02 109.97 -0.02
19 231.0 117.0 -0.1
1 85.0 97.01 -0.01
2 88.03 109.98 0.0
3 79.02 88.03 -0.05
4 81.02 111.01 -0.01
5 156.97 92.02 0.01
6 79.0 27.01 -0.0
7 50.99 41.97 0.01
8 86.02 92.01 -0.02
9 154.98 83.02 0.01
10 87.01 126.01 0.0
11 269.99 115.02 0.0
12 66.96 4.0 0.04
13 81.01 121.03 0.01
14 56.95 44.97 0.05
15 252.01 117.98 0.02
16 258.0 104.01 -0.01
17 81.01 92.02 -0.04
18 259.01 109.99 0.0
19 230.94 117.06 -0.05
1 85.0 97.0 -0.01
2 88.02 109.99 -0.02
3 78.96 88.02 0.02
4 81.01 111.03 -0.0
5 156.96 92.03 -0.01
6 78.98 27.01 0.02
7 50.99 41.99 0.01
8 86.0 92.0 0.0
9 154.98 83.01 -0.01
10 87.02 126.03 -0.0
11 269.99 115.06 0.02
12 66.98 4.01 -0.01
13 81.02 121.05 0.01
14 56.99 44.99 -0.03
15 252.02 117.94 0.03
16 258.0 104.04 -0.02
17 80.98 92.01 0.01
18 258.99 109.98 0.02
19 230.92 117.08 0.03
20 235.0 130.0 0.01
1 84.98 97.0 0.02
2 88.02 109.97 -0.01
3 78.96 88.02 -0.0
4 81.0 111.01 0.0
5 156.99 92.02 -0.02
6 78.99 27.01 0.01
7 51.0 41.98 -0.0
8 85.99 92.0 0.01
9 154.98 83.0 -0.0
10 87.03 126.04 0.0
11 270.0 115.06 -0.01
12 67.01 3.99 -0.03
13 81.0 121.05 0.01
14 56.95 44.97 -0.0
15 252.03 117.95 -0.01
16 257.96 104.04 0.02
17 80.97 92.02 0.0
18 258.99 110.0 0.0
19 230.98 117.0 -0.01
20 234.97 129.97 0.02
21 67.0 43.0 0.01
1 85.0 96.99 -0.0
2 88.03 109.99 -0.01
3 78.96 88.01 0.0
4 81.03 111.02 -0.02
5 156.97 92.03 0.02
6 79.0 27.02 0.0
7 50.99 42.0 -0.02
8 85.99 92.0 0.01
9 154.99 83.01 -0.03
10 87.02 126.02 0.03
11 269.98 115.08 -0.0
12 66.99 4.01 0.01
13 81.01 121.03 0.02
14 56.96 44.99 -0.04
15 252.02 117.96 0.02
16 257.98 104.06 0.0
17 80.98 92.02 0.01
18 258.98 110.0 0.01
19 230.98 117.04 -0.04
20 235.01 130.03 -0.04
21 67.01 42.95 -0.0
22 129.0 82.0 -0.0
23 256.0 132.0 0.02
24 144.0 114.0 -0.02
25 144.0 94.0 -0.02
26 286.0 46.0 -0.02
27 262.0 100.0 0.01
1 84.98 96.99 0.01
2 88.02 110.02 0.01
3 78.96 88.02 -0.11
4 81.02 111.0 -0.01
5 156.99 92.04 0.01
6 79.0 27.01 0.01
7 50.98 42.01 0.02
8 85.99 91.99 -0.05
9 154.96 83.01 0.03
10 87.02 126.02 -0.01
11 269.99 115.06 0.01
12 66.96 4.0 0.02
13 81.02 121.04 -0.01
14 56.96 44.98 -0.0
15 252.01 117.96 0.01
16 257.99 104.05 -0.01
17 80.98 92.01 -0.07
18 259.0 110.02 0.01
19 230.93 117.07 0.03
20 234.98 129.96 -0.0
21 67.01 42.95 -0.01
22 128.98 82.0 -0.01
23 256.01 132.01 -0.01
24 144.0 114.11 -0.0
25 143.99 94.0 0.0
26 285.98 46.02 0.01
27 262.01 99.96 -0.02
28 61.0 45.0 -0.01
1 84.98 96.99 -0.0
2 88.02 110.0 -0.0
3 78.94 88.02 -0.21
4 81.01 111.02 -0.01
5 157.0 92.04 -0.0
6 79.02 27.03 -0.02
7 50.96 41.97 0.02
8 85.98 91.99 -0.1
9 154.97 83.02 -0.01
10 87.01 126.04 -0.01
11 269.97 115.06 0.04
12 66.99 4.02 0.01
13 81.02 121.05 -0.01
14 56.95 44.96 0.02
15 252.02 117.97 -0.0
16 257.99 104.05 -0.01
17 80.95 92.01 -0.13
18 258.99 110.01 -0.02
19 230.93 117.07 -0.01
20 234.97 129.99 -0.04
21 67.01 42.98 0.0
22 129.0 81.98 0.0
23 255.99 132.07 0.0
24 144.01 114.04 0.01
25 143.99 94.03 -0.05
26 286.0 45.99 -0.01
27 261.99 99.97 0.0
28 61.0 44.95 0.01
1 84.99 96.98 0.61
2 88.03 110.01 -0.31
3 78.83 88.04 0.9
4 81.02 111.02 -0.48
5 79.02 27.03 4.68
6 50.97 42.0 4.56
7 85.94 92.03 0.99
8 154.97 83.04 0.51
9 87.03 126.04 -1.57
10 269.98 115.06 1.52
11 66.98 4.03 5.67
12 81.03 121.03 -1.29
13 56.96 44.99 3.87
14 252.04 117.91 1.46
15 257.98 104.04 0.56
16 80.89 92.05 0.79
17 258.99 109.96 0.73
18 230.92 117.08 1.16
19 234.94 129.98 2.09
20 67.02 42.97 4.04
21 128.98 81.98 0.8
22 255.98 132.09 2.63
23 143.98 114.06 -0.11
24 285.99 46.03 -1.44
25 262.0 99.96 0.46
26 61.01 44.98 4.02
1 84.97 96.99 2.23
2 88.03 110.01 1.69
3 78.71 88.07 1.74
4 81.01 111.02 1.59
5 79.0 27.02 2.76
6 50.98 42.02 1.79
7 85.87 92.08 2.06
8 154.97 83.04 2.49
9 86.99 126.03 1.07
10 269.98 115.08 12.13
11 67.02 4.04 2.77
12 81.01 121.04 1.34
13 56.94 44.97 1.78
14 252.01 117.94 9.68
15 257.98 104.05 10.04
16 80.79 92.1 2.16
17 258.97 110.01 10.12
18 230.95 117.06 7.09
19 234.92 129.98 8.26
20 67.02 42.98 2.25
21 128.93 81.99 2.88
22 256.03 132.02 11.32
23 143.99 114.04 2.25
24 285.95 46.09 13.57
25 261.99 99.97 9.98
26 61.01 44.97 2.19
27 155.0 119.0 2.38
28 67.0 33.0 -3.23
1 84.96 121.16 2.15
2 87.57 133.11 1.94
3 79.07 112.51 1.25
4 80.38 134.17 1.91
5 81.95 55.61 -0.72
6 53.66 70.11 -3.26
7 86.13 116.36 1.66
8 155.02 106.35 3.4
9 85.58 148.14 2.16
10 271.7 140.64 19.87
11 71.07 34.45 -2.58
12 79.75 143.01 2.23
13 59.01 72.64 -2.09
14 253.59 142.68 15.11
15 258.82 130.28 17.19
16 80.85 116.37 2.06
17 259.94 135.33 16.9
18 231.79 140.36 10.84
19 236.89 154.83 11.16
20 69.35 70.92 -1.65
21 129.12 106.15 3.38
22 258.7 155.86 16.4
23 143.69 135.81 3.35
24 285.3 77.92 27.51
25 262.75 126.66 17.38
26 63.34 72.84 -1.76
27 154.48 114.79 3.51
28 65.13 31.78 -2.76
29 145.0 109.0 0.72
30 90.0 50.0 -0.11
31 55.0 1.0 -1.4
32 87.0 119.0 -0.16
1 86.72 112.55 -0.19
2 89.38 125.96 -0.98
3 80.32 103.71 -0.68
4 82.12 126.92 -0.99
5 81.34 43.2 -1.1
6 51.84 57.82 -4.19
7 87.58 107.75 -0.14
8 157.14 98.35 1.77
9 87.6 142.47 -0.96
10 283.39 134.17 17.94
11 69.37 20.35 -2.14
12 81.77 135.8 -0.82
13 58.0 60.76 -3.42
14 262.48 136.41 13.39
15 269.03 122.25 15.17
16 82.58 107.83 -0.24
17 270.12 127.74 14.86
18 238.4 133.85 8.85
19 243.68 151.29 8.79
20 68.68 59.09 -2.71
21 131.54 97.3 1.18
22 267.89 152.79 14.98
23 145.94 129.31 1.46
24 272.87 118.51 15.56
25 62.54 60.97 -3.05
26 156.98 106.58 1.45
27 63.34 17.56 -2.66
28 144.68 108.82 1.5
29 89.86 50.62 -0.31
30 54.29 1.96 -1.8
31 86.59 118.46 -0.42
32 291.0 140.0 9.67
33 214.0 129.0 1.91
34 59.0 7.0 -1.51
1 86.35 112.02 -0.76
2 88.44 125.61 -1.04
3 79.73 103.06 -1.25
4 81.18 126.63 -1.48
5 80.56 40.96 -2.7
6 49.3 55.18 -5.57
7 87.3 107.21 -0.92
8 157.89 97.96 1.23
9 86.66 142.2 -1.32
10 292.67 134.67 19.8
11 67.77 16.61 -3.02
12 81.0 135.59 -1.69
13 55.74 58.29 -4.31
14 269.4 136.76 14.31
15 276.98 122.17 16.36
16 82.23 107.28 -0.96
17 277.75 127.49 16.18
18 242.82 134.21 9.08
19 248.08 152.14 10.07
20 66.8 56.66 -3.59
21 132.01 96.94 0.71
22 275.4 154.32 16.03
23 146.48 128.84 1.05
24 281.07 118.57 16.69
25 60.51 58.56 -4.06
26 157.62 106.26 0.9
27 61.56 13.7 -3.51
28 145.31 108.62 0.96
29 89.47 48.71 -1.15
30 53.13 -1.94 -1.83
31 85.97 118.25 -0.62
32 292.05 140.4 19.54
33 213.86 129.23 3.73
34 58.34 6.39 -3.18
35 270.0 142.0 7.53
36 77.0 123.0 -1.78
37 221.0 102.0 2.1
1 86.17 113.13 -0.81
2 87.93 127.05 -0.79
3 79.32 104.24 -1.36
4 80.52 128.05 -1.01
5 79.68 40.57 -2.53
6 46.78 54.52 -6.19
7 87.03 108.35 -0.94
8 158.79 99.11 1.24
9 86.27 143.99 -1.15
10 66.53 15.58 -3.54
11 80.28 137.36 -1.24
12 53.88 57.9 -4.66
13 277.19 139.2 16.49
14 285.66 123.82 18.63
15 82.03 108.48 -1.07
16 286.45 129.16 18.63
17 247.75 135.83 10.54
18 253.54 154.93 10.86
19 65.37 56.58 -3.85
20 132.56 98.25 0.89
21 283.82 157.63 18.55
22 147.24 130.22 1.18
23 289.85 120.19 19.3
24 58.94 58.42 -4.28
25 158.34 107.48 1.19
26 60.11 12.61 -4.08
27 145.98 109.86 1.17
28 89.22 49.0 -1.59
29 85.71 119.33 -0.57
30 216.14 130.8 4.62
31 56.86 5.07 -3.68
32 271.23 141.86 15.8
33 76.36 122.93 -2.17
34 221.27 101.75 5.08
35 49.0 1.0 -2.06
36 62.0 72.0 -1.55
1 85.66 112.3 -1.38
2 87.44 126.65 -1.55
3 78.55 103.38 -1.8
4 79.79 127.66 -1.23
5 77.64 37.79 -2.15
6 43.39 51.63 -6.35
7 86.44 107.49 -1.54
8 159.28 98.59 1.16
9 85.45 144.3 -1.14
10 64.34 12.27 -3.6
11 79.38 137.46 -1.17
12 50.93 55.32 -4.52
13 285.89 139.85 18.24
14 295.62 123.36 21.03
15 81.31 107.64 -1.38
16 296.31 128.72 20.81
17 253.44 135.66 11.1
18 259.63 156.48 12.04
19 62.88 54.08 -3.99
20 132.97 97.56 0.57
21 293.94 159.7 20.78
22 147.87 129.81 1.01
23 300.21 119.52 22.1
24 56.16 55.79 -4.36
25 158.74 106.9 1.39
26 57.58 9.07 -4.15
27 146.6 109.38 0.93
28 88.28 47.46 -1.98
29 85.39 118.55 -1.17
30 218.61 130.48 4.68
31 54.7 1.4 -4.21
32 279.53 142.67 17.15
33 75.22 122.55 -2.65
34 223.78 100.39 5.62
35 48.58 1.05 -4.61
36 61.75 72.15 -3.97
37 77.0 133.0 -0.94
38 257.0 142.0 6.21
39 299.0 138.0 11.05
40 74.0 113.0 -1.04
41 237.0 141.0 4.19
42 172.0 130.0 0.6
1 85.5 112.66 -1.98
2 87.34 127.3 -2.54
3 78.14 103.64 -2.11
4 79.66 128.25 -2.13
5 77.16 37.1 -3.46
6 40.29 50.03 -7.45
7 86.27 107.82 -1.86
8 160.43 99.1 0.31
9 85.36 145.18 -2.51
10 62.84 10.17 -4.37
11 79.28 138.18 -2.1
12 49.02 54.32 -6.37
13 296.16 140.99 19.71
14 81.18 108.06 -1.63
15 259.85 136.63 11.67
16 266.71 158.27 12.61
17 61.39 53.25 -4.8
18 133.6 98.06 0.08
19 148.84 130.1 0.31
20 54.5 54.93 -5.5
21 159.96 107.39 0.38
22 55.85 6.94 -4.41
23 147.46 109.67 0.37
24 87.79 46.77 -2.1
25 85.31 119.05 -2.39
26 221.54 130.84 4.84
27 289.32 144.16 18.32
28 74.23 123.09 -3.37
29 227.12 99.99 5.81
30 60.41 71.68 -5.55
31 77.26 133.0 -2.41
32 258.61 142.1 11.43
33 301.48 138.2 21.87
34 74.17 112.88 -2.26
35 238.31 141.09 7.24
36 172.42 129.79 0.55
37 90.0 147.0 -1.46
38 232.0 104.0 3.59
1 84.41 112.49 -1.44
2 85.98 127.47 -1.91
3 76.86 103.3 -1.21
4 78.65 128.29 -1.72
5 75.44 34.64 -3.32
6 36.55 47.39 -7.59
7 85.06 107.42 -1.15
8 160.69 98.77 0.89
9 84.33 145.57 -1.97
10 60.49 6.78 -3.88
11 78.3 138.31 -1.67
12 46.1 52.05 -6.36
13 80.11 107.68 -0.83
14 266.19 136.82 13.62
15 273.31 159.78 14.99
16 58.77 51.03 -4.47
17 133.76 97.92 0.53
18 149.13 130.11 0.59
19 51.64 52.67 -5.14
20 160.3 107.15 1.05
21 53.24 3.38 -3.12
22 147.79 109.39 0.84
23 86.37 44.64 -1.41
24 84.33 118.92 -1.94
25 224.3 130.93 5.47
26 299.14 145.23 22.01
27 72.51 123.09 -2.95
28 230.45 98.55 6.84
29 57.59 70.33 -4.91
30 76.11 133.02 -1.98
31 264.71 142.54 13.58
32 73.07 112.92 -1.88
33 242.23 141.48 8.79
34 172.78 129.56 1.39
35 89.99 146.91 -2.06
36 233.07 103.75 6.66
37 69.0 105.0 -1.02
38 264.0 152.0 7.76
39 69.0 129.0 -0.98
40 236.0 92.0 4.35
1 83.37 110.6 -1.83
2 84.6 125.96 -1.6
3 75.77 101.12 -1.08
4 77.4 126.71 -1.3
5 73.3 30.67 -3.6
6 32.12 42.74 -8.11
7 84.27 105.37 -1.82
8 160.83 97.26 1.02
9 82.77 144.37 -1.76
10 77.1 137.01 -1.42
11 42.18 47.64 -6.71
12 79.44 105.61 -1.59
13 273.13 136.29 15.34
14 280.96 160.91 16.74
15 55.88 47.21 -5.08
16 133.73 96.15 0.63
17 149.2 128.7 0.79
18 48.27 48.6 -5.53
19 160.52 105.55 0.98
20 147.93 107.75 0.89
21 85.43 41.86 -2.3
22 82.61 117.49 -1.3
23 226.78 129.55 6.28
24 70.65 121.47 -2.84
25 233.67 96.31 7.55
26 54.64 66.76 -5.58
27 74.7 131.71 -1.41
28 271.58 142.13 15.25
29 71.78 110.86 -1.84
30 246.5 141.26 9.96
31 173.2 128.38 1.39
32 88.43 145.77 -1.88
33 236.25 101.32 7.4
34 68.75 104.63 -2.18
35 265.5 152.19 13.84
36 68.89 128.63 -2.24
37 236.75 91.44 7.55
38 82.0 98.0 -1.52
39 68.0 138.0 -1.52
1 82.47 111.06 -1.89
2 83.6 126.5 -1.71
3 75.19 101.38 -1.45
4 76.47 127.31 -1.17
5 71.07 28.2 -3.59
6 27.72 40.2 -8.67
7 83.36 105.6 -1.92
8 161.39 97.54 1.22
9 81.55 145.44 -1.58
10 76.05 137.76 -1.24
11 38.46 45.37 -6.89
12 78.65 105.86 -1.74
13 280.97 137.75 17.23
14 289.56 163.71 19.61
15 53.15 45.35 -5.42
16 133.95 96.73 0.77
17 149.47 129.22 1.15
18 45.36 46.73 -6.09
19 161.19 106.12 0.73
20 148.42 108.34 0.98
21 84.4 40.75 -1.97
22 81.89 117.81 -1.58
23 230.08 130.32 6.71
24 68.9 122.07 -2.72
25 237.51 95.52 8.14
26 51.34 65.41 -5.52
27 73.67 132.41 -1.24
28 279.39 143.68 17.1
29 70.6 111.47 -1.38
30 251.72 142.73 11.02
31 173.86 129.01 1.62
32 87.36 146.87 -1.77
33 240.05 100.72 8.13
34 67.55 105.1 -2.26
35 272.57 154.37 15.5
36 67.52 129.27 -2.54
37 240.55 90.51 8.3
38 81.42 97.9 -1.96
39 67.47 137.99 -3.01
40 30.0 39.0 -4.03
41 248.0 100.0 4.74
1 81.26 111.15 -2.41
2 82.66 126.77 -2.72
3 74.51 101.44 -1.73
4 75.87 127.67 -2.36
5 69.3 26.09 -4.26
6 22.95 37.19 -9.57
7 82.11 105.53 -2.23
8 162.11 97.63 0.62
9 80.83 146.38 -3.02
10 75.58 138.34 -2.66
11 34.53 42.68 -8.05
12 77.54 105.88 -2.08
13 290.21 138.97 18.29
14 300.16 166.7 20.27
15 50.26 43.24 -6.42
16 134.35 96.84 0.12
17 150.18 129.49 0.37
18 42.04 44.48 -7.16
19 161.57 106.32 0.39
20 148.92 108.5 0.46
21 82.79 38.89 -2.15
22 81.0 118.07 -2.54
23 233.65 130.33 6.65
24 67.53 122.45 -3.8
25 241.92 94.44 8.39
26 48.59 63.94 -6.87
27 73.14 132.83 -2.34
28 288.56 144.94 18.31
29 69.76 111.7 -2.02
30 257.63 143.91 11.23
31 174.76 129.26 0.83
32 86.42 147.82 -2.92
33 244.36 99.69 8.18
34 66.32 105.38 -3.43
35 280.78 156.46 15.9
36 66.33 129.63 -3.59
37 245.16 89.34 8.5
38 80.11 97.81 -2.31
39 66.1 138.75 -4.24
40 29.32 38.84 -8.78
41 248.72 99.81 8.85
42 70.0 106.0 -1.4
43 18.0 29.0 -5.67
44 264.0 154.0 6.01
1 80.51 110.88 -3.1
2 81.76 126.84 -3.05
3 73.74 101.03 -2.22
4 75.23 127.76 -2.79
5 66.88 22.65 -4.1
6 18.1 33.53 -9.97
7 81.38 105.23 -2.89
8 162.9 97.4 0.53
9 79.75 146.81 -2.89
10 74.71 138.56 -2.69
11 30.52 39.45 -8.27
12 76.83 105.53 -2.54
13 300.48 140.13 21.16
14 47.31 40.58 -6.85
15 135.01 96.76 -0.05
16 150.8 129.49 0.54
17 38.55 41.53 -7.51
18 162.16 106.14 0.69
19 149.6 108.43 0.56
20 82.31 37.4 -3.25
21 80.17 118.03 -2.92
22 237.6 130.58 7.28
23 65.83 122.46 -3.31
24 246.79 92.76 9.14
25 45.23 61.58 -6.97
26 72.35 133.05 -2.36
27 69.12 111.44 -1.73
28 264.26 145.64 12.42
29 175.59 129.23 0.78
30 85.37 148.41 -2.94
31 249.13 98.38 9.16
32 65.09 105.07 -3.74
33 289.76 158.73 18.3
34 64.67 129.65 -3.42
35 250.15 87.38 9.23
36 79.41 97.42 -3.04
37 64.07 138.87 -4.47
38 24.83 35.41 -8.7
39 253.93 98.45 10.0
40 69.99 106.01 -1.74
41 17.15 28.2 -10.09
42 265.34 154.59 12.54
43 62.0 114.0 -1.15
1 78.63 110.39 -2.84
2 79.76 126.46 -2.72
3 72.53 100.31 -1.98
4 73.42 127.45 -2.3
5 64.7 20.27 -4.26
6 79.68 104.47 -2.37
7 162.88 97.09 1.02
8 77.56 147.2 -2.57
9 72.76 138.45 -2.2
10 25.99 36.31 -8.66
11 75.31 104.72 -2.11
12 43.37 37.59 -6.78
13 134.64 96.42 0.42
14 150.7 129.23 0.76
15 34.33 38.49 -7.56
16 162.15 105.65 1.19
17 149.54 108.16 0.86
18 80.53 35.43 -2.4
19 78.25 117.48 -2.73
20 241.11 130.71 8.59
21 63.44 121.97 -2.59
22 251.45 90.91 10.68
23 40.94 59.22 -7.04
24 70.71 132.77 -2.13
25 67.68 110.76 -1.22
26 270.49 146.86 14.19
27 175.68 129.19 1.0
28 83.22 148.73 -2.72
29 253.74 96.73 10.65
30 62.67 104.5 -3.48
31 62.38 129.21 -3.25
32 254.87 85.07 10.58
33 77.62 96.58 -2.42
34 61.34 138.69 -4.61
35 19.91 31.99 -9.38
36 259.13 97.01 11.3
37 68.54 105.35 -1.07
38 271.62 156.5 14.31
39 61.79 113.65 -2.45
40 252.0 95.0 5.36
41 56.0 121.0 -2.37
1 77.43 111.62 -3.61
2 78.68 127.64 -3.63
3 71.62 101.12 -3.18
4 72.47 128.66 -3.52
5 62.73 18.14 -5.19
6 78.57 105.24 -3.19
7 163.94 97.92 0.25
8 76.81 148.88 -3.9
9 72.07 139.97 -3.45
10 21.75 33.87 -10.08
11 74.39 105.55 -2.91
12 40.16 35.76 -7.89
13 135.33 97.48 -0.19
14 151.59 130.22 0.06
15 30.68 36.49 -9.0
16 163.4 106.59 0.2
17 150.51 108.97 0.08
18 79.16 33.82 -2.85
19 77.27 118.79 -3.6
20 246.41 131.93 8.78
21 62.46 123.2 -3.28
22 257.65 90.25 10.96
23 37.79 58.29 -8.65
24 70.05 134.22 -3.21
25 67.53 111.79 -2.19
26 278.49 149.16 15.01
27 176.6 130.19 0.5
28 82.37 150.52 -3.92
29 259.78 96.14 10.96
30 61.16 105.56 -4.22
31 61.1 130.46 -3.96
32 260.97 83.71 11.45
33 76.44 97.27 -3.52
34 59.38 140.13 -5.77
35 15.42 29.45 -10.77
36 265.32 96.3 12.02
37 68.42 106.3 -2.07
38 279.6 159.29 15.27
39 60.85 114.69 -2.92
40 253.51 94.54 9.79
41 55.83 120.89 -5.03
1 75.46 111.87 -3.21
2 76.55 127.77 -3.43
3 70.13 100.99 -2.86
4 70.42 129.25 -3.05
5 59.44 14.98 -5.17
6 76.82 105.13 -2.94
7 163.9 98.23 0.68
8 74.43 149.92 -3.2
9 69.9 140.69 -2.79
10 16.22 30.51 -10.68
11 72.79 105.45 -2.65
12 35.76 32.82 -8.37
13 134.98 97.97 0.51
14 151.42 130.68 0.78
15 25.66 33.4 -9.86
16 163.32 107.01 0.82
17 150.38 109.26 0.68
18 77.61 32.45 -3.32
19 75.16 119.1 -3.43
20 250.72 132.79 10.76
21 60.43 123.57 -2.53
22 263.31 88.81 12.86
23 32.78 55.77 -9.16
24 68.02 134.7 -2.62
25 66.2 111.83 -1.92
26 286.13 151.31 17.78
27 176.65 130.49 1.45
28 79.93 151.63 -3.28
29 265.46 94.93 12.69
30 58.38 105.73 -2.7
31 58.4 130.94 -2.71
32 266.8 81.73 13.39
33 74.65 97.05 -3.2
34 55.81 140.77 -5.02
35 9.41 25.85 -10.89
36 271.61 95.31 13.92
37 67.2 106.27 -1.9
38 287.41 161.86 17.88
39 58.81 114.78 -2.0
40 258.4 93.47 11.42
41 52.78 121.21 -4.56
42 51.0 112.0 -2.72
1 73.5 111.67 -3.4
2 74.69 127.29 -3.42
3 68.13 100.34 -3.32
4 68.71 128.61 -3.27
5 56.5 11.67 -5.63
6 75.03 104.35 -3.25
7 164.2 97.63 0.66
8 72.76 150.06 -3.59
9 68.54 140.37 -3.41
10 10.04 26.36 -10.57
11 71.15 104.8 -2.98
12 31.13 29.38 -9.22
13 135.08 97.5 0.52
14 151.73 130.17 0.77
15 20.11 29.42 -10.28
16 163.64 106.44 0.94
17 150.62 108.69 0.69
18 75.19 29.81 -3.56
19 73.34 118.45 -3.5
20 256.29 132.55 11.85
21 58.83 122.94 -2.67
22 269.93 86.63 14.74
23 27.6 53.08 -9.92
24 66.6 134.3 -2.93
25 65.0 111.22 -1.84
26 295.6 152.4 20.16
27 177.21 130.07 1.45
28 78.35 151.79 -3.7
29 272.0 92.65 14.79
30 56.62 105.09 -1.8
31 56.75 130.41 -2.69
32 273.68 79.16 15.17
33 72.51 96.24 -3.65
34 52.78 140.38 -5.11
35 278.97 93.14 16.13
36 66.01 105.59 -2.23
37 296.99 163.83 20.49
38 57.62 114.15 -1.9
39 264.24 91.33 13.05
40 50.06 120.58 -4.02
41 50.29 111.86 -5.03
42 266.0 134.0 6.65
43 272.0 150.0 7.8
44 227.0 132.0 2.93
45 298.0 156.0 11.22
46 302.0 139.0 11.72
47 244.0 91.0 4.33
48 301.0 146.0 11.52
49 218.0 130.0 2.22
50 240.0 136.0 4.24
51 237.0 94.0 4.12
52 292.0 173.0 10.3
53 251.0 123.0 5.48
54 62.0 129.0 -1.59
1 71.88 111.04 -3.02
2 72.82 127.16 -3.32
3 66.81 99.47 -2.82
4 67.2 128.41 -3.32
5 53.52 7.64 -5.15
6 73.55 103.44 -2.78
7 164.62 97.0 1.45
8 70.92 150.29 -3.41
9 66.71 140.25 -3.21
10 69.81 103.9 -2.47
11 26.31 25.24 -9.12
12 135.5 96.48 1.09
13 152.3 129.63 0.87
14 14.76 25.19 -10.35
15 164.26 105.74 1.32
16 151.16 107.92 0.96
17 73.76 27.28 -3.18
18 71.51 118.25 -3.22
19 262.71 132.17 13.4
20 57.61 122.52 -2.54
21 278.1 83.35 16.57
22 22.62 49.59 -9.84
23 65.08 133.9 -2.63
24 64.14 110.44 -1.63
25 178.38 129.34 1.34
26 76.43 152.1 -3.53
27 279.93 89.48 16.82
28 55.52 104.31 -1.04
29 55.33 129.98 -2.63
30 281.99 75.09 17.12
31 70.97 95.33 -3.15
32 49.76 140.23 -3.15
33 287.48 89.96 18.68
34 65.11 104.73 -1.81
35 56.65 113.49 -1.27
36 271.44 88.26 14.92
37 47.8 119.99 -2.95
38 47.6 111.32 -3.47
39 267.34 133.73 13.48
40 273.44 150.16 15.07
41 227.57 131.55 6.32
42 244.8 90.24 9.23
43 218.48 129.5 4.8
44 241.09 135.69 8.41
45 238.0 93.33 8.25
46 294.26 173.54 19.35
47 252.19 122.46 10.76
48 61.74 128.63 -2.5
49 49.0 106.0 -0.43
50 40.0 114.0 -1.51
51 42.0 123.0 -2.19
52 23.0 49.0 -4.68
1 70.22 111.05 -4.65
2 71.29 126.89 -5.54
3 64.93 98.92 -4.45
4 65.46 128.26 -5.09
5 71.85 102.71 -4.47
6 165.22 96.44 0.06
7 69.05 150.78 -5.35
8 65.12 140.47 -5.38
9 68.3 103.35 -4.3
10 21.28 20.68 -10.52
11 136.17 96.02 -0.54
12 152.9 129.38 -0.24
13 9.03 20.2 -12.41
14 165.17 105.43 -0.12
15 151.78 107.73 -0.15
16 71.77 24.04 -4.8
17 69.84 118.08 -5.24
18 269.82 132.22 12.92
19 56.21 122.35 -4.48
20 286.71 80.23 17.03
21 17.3 46.1 -12.23
22 63.67 133.86 -4.82
23 63.35 109.9 -3.89
24 179.22 129.17 0.19
25 74.51 152.65 -5.23
26 288.55 86.42 17.09
27 55.04 103.82 -3.64
28 54.04 129.73 -4.58
29 291.09 70.81 17.57
30 68.91 94.63 -4.85
31 47.6 140.4 -4.25
32 63.98 104.2 -3.87
33 55.96 113.03 -3.38
34 279.26 85.47 14.72
35 45.95 119.55 -4.06
36 45.2 110.72 -3.63
37 274.5 133.78 13.4
38 281.54 151.42 15.2
39 230.93 131.55 4.99
40 249.81 88.39 8.51
41 220.82 129.5 3.91
42 245.64 136.08 7.25
43 242.56 91.13 7.09
44 257.75 122.06 10.26
45 60.47 128.52 -4.65
46 49.2 106.3 -3.82
47 39.94 114.15 -4.57
48 41.71 123.25 -6.39
49 22.6 49.12 -11.92
50 36.0 101.0 -3.48
1 68.1 111.03 -4.61
2 68.59 126.74 -4.59
3 63.09 98.5 -4.93
4 62.97 128.11 -4.37
5 69.86 102.31 -4.53
6 165.51 96.13 0.77
7 66.41 151.46 -4.65
8 62.5 140.52 -4.62
9 66.51 102.87 -4.42
10 15.71 16.18 -11.01
11 135.97 95.53 0.27
12 152.96 129.18 0.29
13 165.33 105.2 0.27
14 151.86 107.52 0.38
15 69.58 21.19 -4.66
16 67.51 117.88 -4.86
17 277.06 132.26 15.68
18 53.97 122.12 -3.93
19 295.81 76.93 19.73
20 10.89 42.26 -12.42
21 61.29 133.8 -4.0
22 61.65 109.46 -3.56
23 179.49 129.01 0.92
24 71.78 153.4 -4.33
25 297.91 83.13 19.81
26 53.57 103.27 -2.59
27 51.61 129.62 -3.92
28 66.83 94.29 -5.3
29 45.63 140.54 -3.69
30 62.44 103.67 -3.93
31 54.52 112.63 -2.63
32 287.43 82.35 17.93
33 44.03 119.28 -2.79
34 43.55 110.47 -3.23
35 281.81 133.79 16.44
36 290.03 152.71 18.24
37 233.98 131.38 6.59
38 254.44 85.87 10.11
39 223.23 129.29 4.64
40 249.88 136.38 9.08
41 246.54 88.79 8.51
42 263.39 121.88 12.42
43 58.17 128.42 -3.75
44 47.54 105.78 -2.69
45 37.76 113.71 -3.99
46 38.6 122.96 -4.32
47 16.45 45.48 -12.01
48 35.18 100.75 -4.88
49 33.0 107.0 -1.78
50 29.0 113.0 -2.95
51 286.0 126.0 10.29
1 65.33 110.27 -4.22
2 65.58 125.79 -4.43
3 60.13 97.41 -4.55
4 60.19 127.43 -4.4
5 67.09 101.04 -4.34
6 165.51 95.32 1.07
7 63.62 151.86 -4.83
8 59.63 140.61 -4.41
9 63.7 101.8 -3.89
10 9.15 10.32 -10.91
11 135.85 94.57 0.34
12 152.97 128.43 0.39
13 165.32 104.51 0.45
14 151.87 107.22 0.53
15 66.65 17.44 -4.34
16 64.32 117.22 -4.38
17 285.03 132.22 18.0
18 51.6 121.34 -3.91
19 58.69 133.13 -4.22
20 59.31 108.38 -3.16
21 179.63 128.12 1.16
22 69.18 153.95 -4.85
23 51.36 102.17 -1.87
24 49.36 128.82 -3.91
25 63.6 93.11 -4.79
26 43.39 140.69 -3.63
27 59.83 102.58 -3.51
28 52.55 111.58 -2.08
29 41.83 118.32 -2.43
30 41.5 109.42 -2.57
31 290.22 133.81 18.75
32 299.47 154.41 20.83
33 237.27 131.12 7.33
34 259.65 83.45 11.36
35 225.43 128.87 5.35
36 254.35 136.51 10.2
37 250.8 86.43 9.27
38 269.6 120.96 13.97
39 55.78 127.7 -3.97
40 45.32 104.6 -2.06
41 35.2 112.68 -2.75
42 35.03 122.14 -2.64
43 9.23 40.8 -11.8
44 32.23 99.17 -3.39
45 32.79 106.96 -2.88
46 28.5 112.97 -5.26
47 288.34 126.2 18.45
48 28.0 93.0 -3.43
1 63.58 111.0 -5.39
2 64.02 126.25 -6.05
3 58.14 97.61 -5.87
4 58.64 127.72 -5.81
5 65.34 101.17 -5.89
6 166.78 95.34 -0.04
7 61.75 153.24 -6.16
8 57.91 141.35 -5.85
9 62.14 102.16 -5.34
10 136.59 94.99 -0.44
11 153.55 128.5 -0.1
12 165.91 104.59 -0.1
13 152.64 108.0 -0.2
14 64.78 14.84 -5.44
15 62.66 117.41 -5.93
16 295.46 132.54 19.3
17 50.19 121.62 -5.08
18 57.28 133.74 -5.56
19 58.2 108.48 -4.78
20 180.76 128.18 -0.02
21 67.47 155.39 -6.4
22 51.08 102.26 -3.65
23 47.76 129.22 -4.87
24 61.48 93.41 -6.01
25 42.14 141.45 -4.72
26 58.56 102.68 -5.23
27 52.09 111.75 -3.62
28 41.35 118.52 -4.09
29 40.51 109.59 -3.99
30 241.93 131.44 6.77
31 266.44 80.92 11.4
32 229.24 129.19 4.2
33 260.51 137.35 10.18
34 256.62 84.45 8.95
35 277.89 120.8 14.17
36 54.52 128.11 -5.11
37 44.92 104.74 -3.89
38 34.13 112.94 -4.02
39 34.33 122.39 -4.26
40 30.39 98.79 -3.96
41 31.45 107.21 -3.98
42 25.88 113.13 -5.5
43 27.91 92.81 -5.83
44 21.0 81.0 -5.45
1 60.06 111.36 -4.45
2 60.17 126.66 -5.64
3 54.38 97.75 -5.79
4 54.87 128.33 -5.36
5 61.54 101.44 -5.49
6 166.5 95.55 0.38
7 57.84 155.11 -5.71
8 54.07 142.29 -5.54
9 58.75 102.22 -5.08
10 136.09 95.05 -0.14
11 153.31 129.14 0.16
12 165.71 105.09 0.2
13 152.31 108.6 0.31
14 61.76 11.67 -5.16
15 58.96 117.91 -5.4
16 46.91 122.19 -4.64
17 53.59 134.3 -5.1
18 55.29 108.49 -4.41
19 180.68 128.74 0.27
20 63.45 157.29 -5.9
21 49.0 102.24 -3.31
22 44.51 129.68 -4.47
23 57.56 93.79 -5.9
24 38.69 142.43 -3.65
25 55.28 102.68 -5.03
26 49.99 111.8 -3.53
27 38.75 118.75 -3.36
28 38.39 109.75 -3.41
29 245.12 132.49 8.25
30 272.26 79.18 13.38
31 231.03 130.04 5.44
32 265.3 138.83 12.0
33 261.07 83.18 10.02
34 284.88 121.42 16.69
35 51.22 128.62 -4.84
36 42.78 104.79 -3.28
37 31.87 113.18 -3.46
38 31.54 122.64 -3.79
39 28.3 98.62 -3.44
40 29.34 107.35 -3.5
41 22.24 113.24 -4.34
42 24.03 92.22 -4.27
43 20.28 80.79 -11.85
44 20.0 97.0 -2.48
45 22.0 86.0 -1.84
46 13.0 85.0 -7.19
47 15.0 111.0 -3.6
48 266.0 135.0 6.37
49 11.0 151.0 -6.95
1 57.73 112.35 -4.97
2 57.49 127.86 -6.7
3 51.66 98.66 -6.39
4 52.38 129.45 -6.21
5 58.87 102.69 -6.2
6 166.87 96.58 0.44
7 54.92 157.53 -6.54
8 51.46 144.01 -6.65
9 56.35 103.17 -5.94
10 136.24 96.25 -0.38
11 153.49 130.18 0.1
12 165.95 106.2 0.61
13 152.53 109.57 0.65
14 56.33 119.1 -6.33
15 44.75 123.26 -5.15
16 51.29 135.5 -6.12
17 53.07 109.38 -5.0
18 180.82 129.99 1.02
19 60.39 159.75 -6.57
20 47.28 103.04 -4.44
21 42.53 130.76 -5.26
22 37.14 144.1 -4.61
23 52.8 103.59 -5.82
24 48.15 112.6 -4.27
25 37.05 119.67 -3.48
26 36.3 110.54 -3.7
27 249.78 134.36 8.77
28 279.39 77.57 15.14
29 234.04 131.76 5.68
30 271.97 141.25 12.91
31 266.68 82.23 11.65
32 294.1 122.58 18.56
33 48.98 129.76 -5.75
34 40.84 105.58 -3.38
35 29.72 113.98 -3.51
36 29.82 123.58 -4.16
37 26.27 99.21 -3.88
38 27.21 108.15 -3.8
39 20.02 113.99 -3.98
40 21.56 92.64 -3.66
41 19.54 97.21 -4.01
42 21.5 86.15 -3.1
43 14.53 111.22 -5.32
44 267.29 135.75 12.55
45 282.0 145.0 8.49
1 55.46 111.65 -6.4
2 54.41 127.69 -7.39
3 48.32 98.12 -6.58
4 49.38 129.31 -6.89
5 55.75 102.11 -7.0
6 167.16 96.0 0.39
7 51.67 158.35 -7.66
8 48.34 144.13 -7.24
9 53.44 102.46 -6.94
10 136.26 95.38 -0.25
11 153.66 129.69 0.05
12 166.41 105.57 0.47
13 152.95 108.74 0.44
14 53.44 118.67 -6.98
15 42.05 123.01 -5.39
16 48.35 135.5 -6.69
17 50.71 108.68 -6.08
18 181.57 129.54 0.95
19 57.12 160.76 -7.73
20 45.49 102.37 -5.87
21 39.74 130.6 -5.7
22 34.83 144.19 -5.22
23 49.95 102.88 -6.4
24 46.28 112.14 -5.83
25 35.38 119.35 -3.77
26 34.91 110.18 -3.77
27 254.58 134.06 9.92
28 287.52 73.7 16.82
29 237.44 131.45 6.09
30 279.23 141.55 13.81
31 272.85 79.14 12.97
32 46.14 129.63 -6.54
33 39.46 104.99 -3.46
34 28.37 113.55 -3.81
35 27.67 123.21 -4.44
36 24.72 98.62 -3.83
37 25.76 107.63 -3.87
38 17.95 113.59 -4.1
39 19.64 91.99 -3.89
40 17.45 96.45 -4.22
41 19.96 85.43 -3.39
42 11.31 110.68 -4.52
43 274.24 136.07 13.66
44 284.09 144.8 14.96
45 33.0 126.0 -3.22
1 52.46 111.14 -7.88
2 50.54 127.65 -7.31
3 44.77 97.84 -7.0
4 45.81 129.33 -7.13
5 52.31 101.71 -7.98
6 167.49 95.78 0.28
7 47.61 159.62 -8.14
8 44.55 144.54 -7.68
9 50.0 102.13 -7.61
10 136.27 95.27 -0.4
11 153.79 129.59 0.12
12 166.79 105.58 0.43
13 153.37 108.87 0.18
14 49.77 118.4 -7.71
15 39.22 123.06 -5.54
16 44.92 135.62 -6.88
17 47.73 108.43 -6.82
18 182.41 129.63 0.57
19 53.08 162.27 -8.2
20 42.45 102.05 -6.55
21 36.88 130.59 -5.71
22 32.23 144.55 -5.63
23 46.58 102.57 -6.91
24 43.6 111.67 -7.0
25 33.26 119.17 -3.6
26 32.44 109.8 -3.78
27 260.13 134.82 10.84
28 296.72 70.24 18.52
29 240.73 131.85 6.83
30 286.81 142.79 15.61
31 280.09 76.3 13.87
32 42.83 129.66 -6.99
33 37.28 104.66 -4.02
34 25.89 113.38 -3.71
35 25.33 123.03 -4.53
36 22.35 97.94 -3.92
37 23.27 107.41 -3.93
38 15.85 113.42 -4.45
39 17.63 91.42 -4.31
40 15.29 95.79 -4.89
41 18.23 84.65 -3.57
42 8.99 110.52 -5.38
43 281.71 137.26 15.53
44 292.25 146.27 17.24
45 32.66 126.35 -5.7
1 47.47 110.72 -8.06
2 45.97 127.76 -7.65
3 40.69 97.46 -7.51
4 41.48 129.35 -7.52
5 47.42 101.33 -8.01
6 167.49 95.93 0.58
7 43.21 161.28 -8.34
8 39.92 145.1 -7.82
9 45.14 101.64 -7.51
10 135.74 95.27 0.01
11 153.59 129.97 0.53
12 166.79 105.68 0.49
13 153.28 108.68 0.35
14 45.15 118.12 -8.09
15 36.02 123.09 -5.58
16 40.59 135.62 -7.23
17 43.35 108.03 -6.68
18 182.49 130.07 0.89
19 48.63 164.0 -8.27
20 38.49 101.69 -6.98
21 33.37 130.66 -5.86
22 28.77 145.05 -4.93
23 42.34 102.27 -7.15
24 39.11 111.22 -6.71
25 31.18 119.03 -3.62
26 30.48 109.57 -3.62
27 265.62 135.84 12.39
28 243.82 132.57 8.29
29 294.71 144.56 17.8
30 287.45 73.88 16.11
31 38.58 129.72 -7.29
32 35.4 104.34 -6.25
33 23.91 113.24 -3.52
34 22.65 122.84 -4.49
35 20.26 97.53 -3.75
36 21.25 107.27 -3.74
37 13.1 113.17 -3.91
38 15.1 90.84 -3.77
39 12.48 95.19 -4.06
40 15.92 84.07 -3.24
41 5.97 109.94 -4.66
42 289.58 139.02 17.76
43 301.05 148.34 19.47
44 29.23 126.37 -5.41
45 30.0 114.0 -2.14
46 266.0 94.0 6.48
1 43.1 110.66 -8.58
2 41.79 128.35 -9.13
3 36.19 97.6 -8.05
4 37.34 129.78 -8.67
5 42.63 101.2 -8.26
6 167.61 96.36 0.46
7 38.54 163.49 -9.43
8 35.67 146.28 -9.21
9 40.74 101.71 -8.0
10 135.61 95.59 -0.13
11 153.6 130.55 0.17
12 166.93 106.26 0.33
13 153.3 109.11 0.14
14 40.64 118.29 -8.18
15 32.5 123.57 -6.39
16 36.61 136.21 -8.42
17 39.47 108.14 -7.06
18 182.78 130.59 0.67
19 44.01 166.4 -9.4
20 34.44 101.75 -7.64
21 29.84 131.24 -6.87
22 25.59 146.06 -5.35
23 38.11 102.32 -7.6
24 35.42 111.31 -7.02
25 28.59 119.32 -4.55
26 28.19 109.73 -4.62
27 271.97 137.39 13.36
28 248.05 133.94 8.07
29 303.99 146.71 19.86
30 295.69 71.15 17.63
31 34.51 130.28 -8.3
32 31.81 104.37 -6.62
33 21.55 113.43 -3.93
34 19.66 123.17 -5.03
35 17.9 97.46 -4.17
36 18.91 107.36 -4.15
37 10.55 113.34 -4.43
38 12.63 90.69 -4.16
39 9.92 94.94 -4.6
40 13.63 83.62 -3.44
41 3.2 110.12 -5.21
42 298.79 140.94 19.78
43 25.86 126.82 -5.83
44 29.41 114.01 -4.98
45 266.79 93.83 12.4
46 273.0 142.0 6.73
47 269.0 124.0 6.43
48 245.0 133.0 3.61
49 240.0 122.0 3.15
50 280.0 80.0 7.6
51 295.0 144.0 9.16
52 272.0 98.0 6.59
53 257.0 91.0 5.19
54 269.0 133.0 6.42
1 38.75 110.2 -11.2
2 37.29 128.55 -11.01
3 32.97 129.91 -10.28
4 38.75 102.0 -11.44
5 168.06 96.15 0.33
6 33.74 164.81 -11.38
7 31.2 146.63 -11.15
8 135.76 95.41 -0.48
9 153.96 130.49 -0.01
10 167.26 106.16 0.16
11 153.55 109.07 -0.03
12 36.37 117.6 -9.89
13 29.56 123.72 -8.46
14 32.47 136.28 -10.23
15 36.14 108.11 -10.41
16 183.36 130.53 0.46
17 39.28 168.02 -11.41
18 30.91 102.12 -10.15
19 26.57 131.43 -9.17
20 23.16 146.49 -8.52
21 34.58 102.65 -10.84
22 31.81 111.01 -8.72
23 26.94 119.25 -6.58
24 26.38 109.63 -6.98
25 279.54 138.2 16.38
26 252.85 134.4 9.55
27 30.33 130.41 -10.03
28 28.6 104.31 -8.12
29 19.87 113.38 -5.22
30 17.45 123.11 -6.73
31 16.04 97.16 -5.48
32 17.06 107.32 -5.62
33 8.66 113.28 -5.36
34 10.68 90.32 -4.64
35 12.25 83.27 -4.6
36 23.11 126.95 -7.59
37 27.39 113.86 -6.96
38 273.67 92.04 14.79
39 274.34 142.35 15.05
40 270.23 124.03 13.92
41 245.81 133.35 8.26
42 240.67 122.21 7.04
43 281.53 79.85 16.4
44 296.63 144.4 20.55
45 273.25 97.76 14.55
46 258.02 90.55 10.88
47 270.3 133.27 13.89
48 263.0 137.0 7.34
49 273.0 86.0 8.65
1 30.92 111.45 -9.52
2 30.33 128.55 -10.35
3 26.53 129.98 -9.79
4 31.04 104.07 -9.89
5 167.98 95.88 0.43
6 26.67 167.17 -11.0
7 24.32 146.94 -10.88
8 135.39 95.72 -1.17
9 153.6 130.73 0.18
10 167.23 106.1 0.23
11 153.26 108.94 0.11
12 29.58 116.82 -8.89
13 24.3 123.64 -8.98
14 25.98 136.44 -10.24
15 29.27 108.02 -9.45
16 183.46 130.78 0.38
17 32.23 170.61 -10.97
18 23.87 102.04 -7.86
19 20.68 131.51 -8.69
20 18.5 146.96 -9.96
21 27.58 102.46 -9.0
22 26.11 110.41 -7.65
23 23.05 118.82 -8.07
24 22.1 108.99 -6.8
25 288.57 139.57 16.87
26 258.09 135.41 10.14
27 23.97 130.53 -9.67
28 23.38 103.48 -7.03
29 16.61 113.0 -5.88
30 13.23 122.83 -6.55
31 12.56 96.27 -4.49
32 13.56 106.76 -4.6
33 5.13 112.78 -4.8
34 7.25 89.42 -4.13
35 8.71 82.16 -4.04
36 18.42 126.96 -7.75
37 23.07 113.43 -6.93
38 281.76 89.85 14.89
39 282.58 143.83 15.41
40 277.72 124.59 14.37
41 250.19 134.05 8.71
42 244.32 122.28 7.23
43 290.55 76.52 16.7
44 281.26 95.65 14.82
45 264.03 88.56 11.05
46 277.98 134.32 14.2
47 265.15 137.25 11.59
48 275.44 85.23 13.89
49 8.0 114.0 -2.47
50 282.0 91.0 7.8
51 290.0 135.0 8.57
52 292.0 83.0 8.52
1 26.51 112.53 -10.88
2 24.94 130.19 -10.76
3 21.41 131.65 -10.05
4 168.36 97.01 0.29
5 21.16 170.07 -11.02
6 18.55 148.52 -11.01
7 134.91 96.64 -0.47
8 153.89 132.22 0.81
9 167.38 107.29 1.1
10 153.45 110.2 0.56
11 25.51 118.05 -10.31
12 20.01 125.2 -9.69
13 20.65 138.36 -11.18
14 24.7 108.73 -9.51
15 183.82 132.51 1.08
16 26.66 173.65 -11.02
17 20.21 97.4 -9.52
18 16.33 133.2 -8.98
19 13.55 148.63 -10.3
20 22.1 111.59 -8.41
21 19.45 120.21 -9.45
22 18.76 110.13 -7.98
23 297.66 141.88 19.54
24 263.73 137.39 11.81
25 18.96 132.26 -9.47
26 14.17 114.26 -7.72
27 10.01 124.27 -6.97
28 10.32 97.19 -6.48
29 11.23 108.08 -6.53
30 2.57 114.01 -4.29
31 5.33 90.43 -3.98
32 6.89 82.93 -3.84
33 14.62 128.54 -8.3
34 19.74 114.61 -8.41
35 289.8 88.92 17.16
36 291.13 146.26 17.33
37 285.56 126.05 16.32
38 255.28 135.68 9.67
39 248.2 123.5 8.6
40 299.57 74.48 20.24
41 289.26 94.71 16.92
42 270.17 87.74 12.58
43 285.75 136.21 16.05
44 271.57 139.32 13.1
45 282.92 84.18 15.79
46 7.72 114.26 -4.54
47 283.34 90.95 16.07
48 291.64 135.42 17.2
49 293.46 83.0 17.74
50 307.0 148.0 11.94
51 295.0 98.0 9.97
52 273.0 145.0 7.65
53 158.0 108.0 0.78
54 301.0 90.0 10.63
55 298.0 121.0 10.0
56 300.0 155.0 10.59
57 262.0 93.0 6.19
58 288.0 107.0 9.14
1 20.65 112.86 -15.3
2 168.61 97.53 -0.08
3 134.82 96.39 -1.36
4 154.73 132.99 -0.99
5 168.3 107.68 -0.53
6 154.08 110.4 -0.79
7 184.78 133.31 -0.22
8 15.76 95.86 -14.01
9 18.2 112.06 -14.74
10 270.23 138.77 13.05
11 10.49 114.64 -13.88
12 8.3 97.4 -13.21
13 3.11 90.65 -9.04
14 15.84 115.05 -14.33
15 299.29 87.04 19.85
16 300.66 148.34 20.31
17 294.71 127.09 18.49
18 260.56 136.74 10.32
19 253.32 124.2 8.67
20 298.58 92.98 19.76
21 276.84 86.54 14.34
22 294.74 137.49 18.06
23 278.93 140.82 14.29
24 291.58 82.41 17.77
25 292.16 89.27 18.3
26 297.47 97.55 19.66
27 275.18 145.31 13.94
28 158.65 108.13 -0.29
29 300.5 121.26 19.46
30 263.64 92.54 11.06
31 290.53 106.59 16.92
32 302.0 132.0 11.29
33 305.0 79.0 11.73
1 168.63 98.13 0.36
2 133.99 97.29 -0.62
3 154.23 134.1 0.51
4 168.24 108.36 0.57
5 153.67 110.85 0.36
6 184.61 134.39 -0.03
7 276.38 140.52 16.1
8 265.42 138.2 13.04
9 257.44 124.88 11.15
10 284.08 84.6 16.89
11 285.57 142.65 17.56
12 281.71 147.08 17.36
13 158.6 108.71 0.54
14 268.98 91.34 13.73
15 281.0 147.0 9.21
16 158.0 133.0 1.08
17 268.0 124.0 7.13
18 251.0 139.0 5.29
1 168.76 98.38 -0.17
2 133.71 97.39 -2.18
3 154.46 134.66 -0.7
4 168.54 108.73 -0.47
5 153.82 111.32 -0.66
6 184.72 135.24 -0.19
7 285.52 142.36 14.89
8 272.83 139.51 11.67
9 263.64 125.38 10.1
10 293.41 81.95 16.9
11 295.54 144.51 16.49
12 291.49 148.94 16.32
13 158.82 109.16 -0.41
14 276.57 89.17 13.37
15 283.32 146.87 14.71
16 158.73 132.81 -0.45
17 269.75 123.61 10.98
18 252.51 138.62 7.36
19 159.0 113.0 -0.71
1 168.91 96.83 -0.26
2 133.25 95.53 -2.58
3 154.48 133.38 -0.69
4 168.75 107.29 -0.57
5 153.81 109.77 -0.68
6 184.57 133.82 -0.36
7 293.79 141.71 16.47
8 279.48 138.52 12.64
9 269.65 123.57 10.67
10 304.69 143.93 18.41
11 300.51 148.41 17.6
12 158.98 107.64 -0.49
13 284.14 84.71 13.87
14 291.51 146.29 16.19
15 158.84 131.47 -0.48
16 276.33 121.85 11.63
17 256.89 137.83 8.32
18 158.85 112.77 -0.51
19 64.0 54.0 -3.53
1 168.56 98.45 0.11
2 130.78 97.02 -0.22
3 153.7 135.47 0.07
4 167.68 108.87 0.71
5 152.99 111.4 0.14
6 184.29 136.36 -0.13
7 301.98 146.0 19.44
8 285.57 142.1 15.38
9 274.49 126.24 13.41
10 158.21 109.37 0.38
11 290.91 84.9 16.94
12 299.72 150.45 19.05
13 157.98 133.46 0.26
14 281.6 124.5 15.26
15 260.46 141.38 10.52
16 157.99 114.55 0.44
17 63.29 54.15 -6.71
18 281.0 132.0 7.66
1 168.93 99.66 -0.27
2 130.89 98.2 -0.8
3 153.91 137.1 -0.3
4 168.73 110.1 -0.43
5 153.41 112.51 -0.4
6 184.22 137.79 -0.12
7 294.54 144.29 16.72
8 282.2 127.55 14.55
9 158.87 110.51 -0.33
10 158.72 134.9 -0.78
11 289.86 125.8 17.38
12 266.82 143.32 10.75
13 158.73 115.72 -0.42
14 60.01 53.11 -8.13
15 282.89 132.03 14.79
16 298.0 138.0 10.26
1 168.62 97.8 -0.01
2 130.37 96.24 -1.31
3 153.72 135.4 -0.51
4 168.07 108.3 -0.11
5 153.02 110.72 -0.41
6 184.1 136.28 -0.05
7 289.75 125.85 16.79
8 158.48 108.71 -0.17
9 158.0 133.34 -0.3
10 272.21 142.42 12.77
11 158.28 114.01 -0.31
12 55.6 48.02 -9.43
13 290.59 130.41 17.02
14 256.0 120.0 4.6
15 256.0 144.0 5.07
1 168.62 94.68 0.82
2 129.69 92.89 -0.7
3 153.52 132.52 0.37
4 168.17 105.37 0.75
5 152.86 107.66 0.3
6 184.03 133.5 0.56
7 298.54 122.6 22.3
8 158.45 105.73 0.37
9 157.88 130.43 0.57
10 278.94 140.15 16.74
11 158.18 110.95 0.44
12 50.66 40.98 -9.53
13 256.71 119.27 11.3
14 256.92 143.36 11.56
15 158.0 114.0 0.77
16 259.0 133.0 7.19
17 141.0 90.0 0.44
1 168.77 91.31 1.34
2 129.18 89.14 -0.87
3 153.46 129.51 0.89
4 168.4 102.15 0.98
5 152.82 104.28 0.57
6 184.24 130.44 1.08
7 158.47 102.39 0.77
8 157.87 127.44 1.03
9 288.42 138.04 18.41
10 158.22 107.57 0.71
11 44.39 32.34 -9.67
12 263.23 115.62 11.83
13 263.25 141.52 12.93
14 158.33 113.47 0.79
15 261.32 132.59 12.16
16 141.36 89.38 -0.16
17 269.0 69.0 6.81
18 198.0 92.0 1.29
1 170.23 92.46 0.65
2 129.34 90.28 -0.99
3 154.29 131.2 0.81
4 169.47 103.42 0.63
5 153.56 105.45 0.3
6 185.31 132.03 1.08
7 159.42 103.58 0.09
8 159.11 128.89 0.32
9 298.14 140.26 20.45
10 159.23 108.88 -0.07
11 40.49 30.01 -11.03
12 269.58 116.85 13.06
13 270.4 143.7 13.81
14 159.41 114.76 -0.14
15 268.12 134.4 13.0
16 141.42 90.4 -0.02
17 270.88 68.38 12.41
18 198.77 91.89 1.59
19 260.0 68.0 5.69
20 253.0 128.0 5.39
21 272.0 131.0 7.62
1 170.32 93.8 0.5
2 128.39 91.81 -1.54
3 154.5 132.83 0.18
4 169.62 104.74 0.55
5 153.51 106.92 -0.38
6 185.55 133.67 0.67
7 159.37 105.12 -0.74
8 159.13 130.5 -0.3
9 159.06 110.39 -0.69
10 33.9 27.95 -10.92
11 276.49 117.48 12.89
12 277.99 145.83 13.59
13 159.25 115.95 -0.78
14 275.15 136.08 13.12
15 141.15 91.76 -0.35
16 199.59 93.02 1.88
17 261.17 67.7 10.09
18 254.24 128.11 8.46
19 273.6 131.1 13.09
20 282.0 141.0 7.25
21 292.0 151.0 7.68
22 281.0 126.0 6.79
23 181.0 104.0 -0.06
24 148.0 137.0 -0.2
25 146.0 96.0 -0.37
1 170.83 94.04 0.26
2 128.18 92.08 -1.62
3 155.05 133.53 -0.17
4 170.12 104.89 0.31
5 153.75 107.42 -0.95
6 186.42 134.0 0.21
7 159.37 105.57 -1.09
8 159.34 131.14 -0.41
9 159.0 110.75 -0.92
10 28.11 24.39 -12.8
11 283.96 117.13 16.0
12 285.77 147.17 16.24
13 159.1 116.49 -0.78
14 282.56 136.71 15.65
15 141.36 92.05 -0.66
16 200.47 93.1 2.01
17 266.88 64.89 11.86
18 259.1 128.39 10.4
19 281.02 131.55 15.39
20 283.52 140.86 16.06
21 293.45 151.09 17.57
22 282.33 125.78 15.31
23 181.01 103.89 0.11
24 147.95 136.96 -0.15
25 145.95 95.87 -0.27
26 291.0 60.0 9.6
27 165.0 105.0 -0.27
1 170.74 94.14 0.48
2 126.65 91.37 -0.67
3 154.65 134.01 0.06
4 170.17 104.89 0.46
5 152.91 107.64 -0.14
6 186.13 134.62 0.55
7 158.44 105.7 -0.14
8 158.76 131.54 0.01
9 158.18 111.0 -0.18
10 21.47 19.55 -12.97
11 291.21 116.99 17.49
12 293.17 148.79 18.27
13 158.32 116.41 -0.14
14 289.67 137.87 17.4
15 140.69 91.5 0.03
16 201.68 92.94 1.51
17 272.17 62.06 12.96
18 263.59 128.8 11.27
19 288.04 132.66 17.24
20 290.83 142.35 17.77
21 289.23 126.72 17.37
22 180.9 103.72 0.46
23 147.77 137.79 0.01
24 145.55 95.31 0.19
25 292.26 59.58 17.05
26 164.76 105.24 -0.01
27 303.0 138.0 9.15
28 130.0 96.0 -0.31
29 289.0 128.0 8.39
30 78.0 69.0 -3.35
31 251.0 121.0 3.81
32 254.0 80.0 4.22
33 180.0 109.0 0.24
1 171.47 94.58 -0.7
2 126.66 92.59 -2.35
3 155.32 135.15 -1.55
4 170.61 105.76 -0.57
5 153.21 108.53 -1.3
6 186.71 135.64 -0.27
7 158.6 106.64 -1.14
8 159.35 132.53 -1.61
9 158.39 111.78 -1.13
10 14.43 14.56 -14.7
11 158.6 117.0 -1.18
12 300.41 139.57 17.2
13 141.1 92.34 -1.13
14 202.94 93.58 0.27
15 280.26 58.83 12.29
16 270.78 130.26 9.97
17 298.62 134.27 16.79
18 301.75 144.43 18.34
19 299.87 127.91 16.81
20 181.52 104.7 -0.77
21 148.05 138.77 -1.04
22 146.18 96.06 -1.17
23 302.85 55.66 16.98
24 164.88 105.96 -0.79
25 305.28 137.88 17.88
26 130.18 96.04 -2.06
27 291.27 127.74 14.99
28 77.63 68.75 -7.64
29 252.21 120.63 6.21
30 255.13 79.47 7.46
31 180.42 109.05 -0.82
32 269.0 132.0 5.6
33 5.0 7.0 -8.69
34 299.0 138.0 8.8
35 252.0 114.0 3.59
36 252.0 142.0 3.55
1 171.02 96.36 0.13
2 125.56 94.07 -1.75
3 154.38 137.39 -0.31
4 170.4 107.61 0.08
5 152.51 110.29 -0.28
6 186.65 137.76 -0.09
7 157.96 108.33 -0.19
8 158.45 134.72 -0.34
9 157.71 113.5 -0.15
10 157.86 118.89 -0.19
11 140.62 93.72 -0.23
12 203.07 95.31 0.94
13 286.19 57.22 16.37
14 276.04 132.73 12.97
15 181.14 106.47 0.23
16 147.63 140.69 -0.5
17 145.51 97.5 -0.22
18 164.57 107.83 -0.06
19 129.25 97.56 -1.2
20 299.04 130.25 18.61
21 74.08 68.81 -7.81
22 255.37 122.67 8.71
23 258.7 79.49 10.5
24 180.0 110.82 0.23
25 270.23 132.68 12.17
26 252.34 114.63 8.82
27 252.71 142.81 8.1
28 157.0 139.0 0.15
29 168.0 72.0 0.89
1 171.02 91.31 0.79
2 124.33 89.0 -0.76
3 154.0 132.28 0.65
4 170.4 102.66 0.32
5 152.13 105.12 0.52
6 186.56 132.67 1.01
7 157.64 103.26 0.6
8 157.99 129.59 0.72
9 157.45 108.4 0.51
10 157.58 113.86 0.55
11 140.29 88.63 0.18
12 203.45 90.31 1.71
13 295.0 47.44 17.15
14 282.59 127.58 15.21
15 181.09 101.54 0.93
16 147.19 135.52 0.46
17 145.18 92.38 0.31
18 164.39 102.87 0.51
19 128.2 92.57 -0.12
20 69.53 60.66 -7.43
21 259.79 117.08 10.44
22 263.95 72.02 11.47
23 179.88 105.85 0.97
24 276.41 127.62 14.18
25 256.96 108.83 10.25
26 256.93 138.25 9.89
27 157.16 137.6 0.6
28 168.63 70.23 0.48
29 261.0 122.0 5.74
30 182.0 127.0 0.56
1 170.96 90.26 0.73
2 123.53 87.54 -1.18
3 153.77 131.69 0.75
4 170.27 101.72 0.46
5 151.87 104.2 0.49
6 186.52 132.15 1.28
7 157.49 102.29 0.57
8 157.77 129.07 0.82
9 157.3 107.47 0.5
10 157.42 113.17 0.51
11 139.69 87.47 0.19
12 203.74 89.22 2.15
13 290.05 127.29 16.49
14 181.02 100.68 0.97
15 146.83 135.16 0.59
16 144.8 91.25 0.34
17 164.2 101.91 0.55
18 127.73 91.22 -0.74
19 65.39 56.75 -7.77
20 264.58 116.2 11.03
21 179.85 104.96 1.09
22 283.42 127.38 15.29
23 261.69 107.78 10.86
24 261.45 138.61 10.75
25 156.9 137.17 0.86
26 168.68 68.5 0.3
27 261.53 122.05 10.48
28 181.3 126.88 1.47
1 171.96 88.57 0.44
2 123.58 86.32 -1.88
3 155.08 130.53 0.49
4 170.88 100.55 0.96
5 152.91 103.1 0.33
6 188.05 130.96 0.82
7 158.52 101.18 0.58
8 159.11 127.8 0.46
9 158.28 106.43 0.55
10 158.42 112.04 0.56
11 140.48 85.75 -0.21
12 205.58 87.42 2.3
13 300.01 125.37 19.92
14 182.22 99.35 0.78
15 147.84 134.09 0.17
16 145.59 89.7 0.13
17 165.11 100.75 0.36
18 128.09 90.18 -1.43
19 61.66 53.27 -9.44
20 271.58 113.86 13.11
21 181.1 103.72 0.66
22 292.71 125.48 18.61
23 268.56 105.22 12.82
24 268.18 137.4 12.92
25 158.22 136.02 0.84
26 169.26 66.59 0.43
27 268.21 120.11 12.45
28 183.05 125.74 0.27
29 282.0 59.0 9.7
30 268.0 128.0 8.32
31 68.0 56.0 -4.38
1 171.72 88.79 0.48
2 122.04 86.29 -1.9
3 154.45 131.16 0.99
4 170.67 100.73 0.86
5 152.28 103.29 0.6
6 187.78 131.51 1.22
7 157.99 101.37 0.73
8 158.52 128.37 0.93
9 157.75 106.62 0.78
10 157.89 112.39 0.79
11 139.8 86.0 -0.23
12 206.1 87.36 2.02
13 182.03 99.49 0.91
14 147.3 134.78 0.67
15 145.06 89.9 0.11
16 164.71 100.95 0.55
17 126.73 90.47 -1.45
18 56.59 50.53 -11.0
19 276.69 113.77 15.06
20 180.9 103.87 0.75
21 300.44 125.86 21.45
22 273.55 104.73 14.3
23 273.47 138.56 14.04
24 157.68 136.67 1.24
25 168.94 66.12 0.38
26 273.09 120.2 14.36
27 182.75 126.14 0.57
28 283.48 58.25 15.46
29 268.99 127.66 13.26
30 67.17 55.41 -8.7
1 172.36 86.74 -0.29
2 121.47 84.58 -2.52
3 155.56 129.65 -0.59
4 171.83 99.0 -0.77
5 153.22 101.39 -0.96
6 188.92 130.0 0.06
7 159.09 99.57 -0.82
8 159.56 126.81 -0.56
9 158.82 104.72 -0.84
10 158.95 110.48 -0.78
11 140.24 83.7 -1.38
12 207.91 85.3 0.15
13 183.01 97.63 -0.26
14 148.03 133.72 -0.67
15 145.69 87.75 -1.18
16 165.47 99.12 -0.57
17 126.46 88.73 -2.47
18 51.07 44.83 -10.67
19 286.15 110.96 12.03
20 181.76 102.07 -0.36
21 282.55 101.42 11.31
22 282.41 137.52 11.99
23 159.04 135.24 -0.58
24 169.65 63.22 -0.61
25 281.94 117.73 11.63
26 183.35 124.48 -0.08
27 293.22 50.94 11.69
28 277.37 125.51 10.69
29 62.88 50.43 -8.86
30 265.0 115.0 3.95
1 172.29 85.71 0.03
2 120.15 83.6 -1.46
3 155.57 129.05 -0.39
4 171.69 98.16 -0.06
5 153.08 100.56 -0.44
6 189.26 129.26 0.39
7 158.91 98.68 -0.21
8 159.56 126.21 -0.31
9 158.7 103.96 -0.23
10 158.85 109.75 -0.28
11 139.69 82.99 -0.4
12 208.3 84.08 1.28
13 183.1 96.66 0.08
14 148.02 133.28 -0.66
15 145.36 87.01 -0.51
16 165.41 98.3 -0.08
17 125.36 87.71 -1.29
18 44.88 40.93 -8.71
19 293.39 108.8 14.25
20 181.77 101.21 -0.02
21 289.56 98.55 13.29
22 289.55 136.94 13.73
23 159.09 134.62 -0.58
24 169.43 61.51 0.24
25 288.98 115.78 13.69
26 183.5 123.7 0.18
27 300.5 44.93 14.68
28 283.81 124.31 12.49
29 57.78 47.25 -7.12
30 266.34 115.38 9.18
31 304.0 109.0 10.14
32 149.0 93.0 0.47
1 171.96 89.05 1.11
2 118.72 87.0 -0.46
3 154.92 132.69 1.0
4 171.04 101.34 1.54
5 152.19 103.99 1.27
6 188.99 132.78 1.28
7 158.21 102.1 1.35
8 158.96 129.84 0.89
9 157.91 107.42 1.39
10 158.1 113.25 1.31
11 138.88 86.26 1.06
12 208.12 86.94 2.89
13 182.74 99.81 1.27
14 147.29 136.84 0.75
15 144.51 90.3 1.15
16 164.88 101.59 1.23
17 123.93 91.15 0.09
18 38.57 41.65 -8.01
19 299.85 111.08 18.12
20 181.39 104.26 1.48
21 295.37 99.97 16.95
22 295.87 140.95 17.47
23 158.44 138.33 0.93
24 169.0 64.34 1.61
25 295.31 118.43 17.04
26 183.26 127.23 1.45
27 289.52 127.46 15.61
28 52.27 48.48 -5.87
29 270.21 117.91 12.14
30 305.76 107.64 19.59
31 148.96 92.0 1.26
32 242.0 78.0 3.6
1 172.42 92.06 0.75
2 118.65 89.61 -2.23
3 155.24 135.94 0.59
4 171.7 104.55 0.83
5 152.73 106.8 0.59
6 189.72 136.49 0.73
7 158.78 105.06 0.72
8 159.3 133.18 0.53
9 158.56 110.34 0.66
10 158.64 116.23 0.69
11 139.39 88.97 0.01
12 209.85 90.48 1.95
13 183.28 103.19 0.76
14 147.39 140.01 0.4
15 144.99 92.84 0.19
16 165.4 104.67 0.62
17 124.07 93.73 -0.86
18 35.07 40.07 -11.7
19 181.81 107.64 1.09
20 304.71 103.49 18.02
21 158.62 141.65 0.67
22 169.84 67.16 0.99
23 304.51 123.51 19.58
24 183.79 130.76 1.11
25 298.12 132.97 15.86
26 50.0 47.81 -9.55
27 277.02 122.79 12.26
28 149.59 94.56 0.15
29 242.92 78.21 6.03
1 173.39 93.41 -0.78
2 118.35 90.92 -3.76
3 156.29 137.67 -1.37
4 172.91 105.9 -0.96
5 153.78 108.27 -1.39
6 191.25 137.87 -1.38
7 159.94 106.44 -1.29
8 160.3 134.86 -1.13
9 159.69 111.67 -1.32
10 159.8 117.67 -1.36
11 140.27 90.33 -1.57
12 211.51 91.4 0.6
13 184.39 104.43 -0.62
14 148.24 141.81 -1.5
15 145.96 94.23 -1.51
16 166.62 106.16 -1.27
17 124.21 95.0 -2.26
18 29.48 38.51 -15.02
19 183.22 108.85 -0.92
20 159.86 143.53 -1.59
21 170.75 67.69 -0.48
22 185.41 132.28 -1.04
23 45.69 47.17 -12.37
24 284.3 123.38 11.72
25 150.54 95.71 -1.49
26 246.55 77.57 5.32
1 172.64 91.62 -0.45
2 115.91 88.51 -3.37
3 155.1 135.78 -0.66
4 172.01 104.32 -0.92
5 152.53 106.5 -0.7
6 189.82 136.49 -0.1
7 158.79 104.71 -0.69
8 159.28 133.08 -0.85
9 158.5 109.98 -0.73
10 158.58 116.0 -0.78
11 138.82 88.32 -1.05
12 211.56 89.86 0.59
13 183.69 102.92 -0.5
14 146.99 140.26 -0.99
15 144.57 92.45 -0.95
16 165.43 104.56 -0.65
17 122.67 93.25 -2.16
18 21.26 32.11 -14.99
19 182.26 107.41 -0.69
20 158.43 141.77 -0.76
21 170.23 65.56 -0.71
22 184.27 130.74 -0.47
23 38.79 41.63 -12.12
24 289.73 121.58 13.41
25 149.15 93.97 -0.9
26 249.26 74.09 5.1
27 290.0 123.0 6.42
28 197.0 136.0 -0.07
1 172.29 91.59 -0.38
2 113.89 88.24 -3.28
3 154.6 136.45 -0.79
4 171.43 104.52 -0.77
5 152.1 106.62 -0.92
6 189.76 137.14 -0.07
7 158.35 104.87 -0.75
8 158.75 133.67 -0.88
9 157.96 110.25 -0.61
10 158.01 116.36 -0.63
11 138.46 87.97 -1.5
12 211.88 89.64 0.71
13 183.41 103.17 -0.54
14 146.19 140.69 -1.37
15 144.23 92.38 -1.35
16 165.04 104.75 -0.68
17 121.53 93.27 -2.38
18 181.78 107.59 -0.52
19 157.8 142.51 -0.72
20 169.75 64.75 -0.8
21 183.94 131.3 -0.56
22 31.63 37.19 -12.17
23 296.97 121.93 14.45
24 148.76 94.22 -1.16
25 252.18 72.43 5.53
26 290.81 123.52 12.95
27 196.89 136.66 0.03
28 96.0 97.0 -2.57
29 108.0 66.0 -1.5
30 249.0 75.0 2.78
31 302.0 129.0 8.13
1 172.19 93.97 -0.72
2 112.29 90.6 -4.35
3 154.36 139.25 -1.08
4 171.12 107.09 -0.58
5 151.78 109.16 -1.18
6 189.71 139.93 -0.08
7 158.04 107.39 -0.97
8 158.28 136.46 -0.93
9 157.73 112.68 -0.94
10 157.75 118.93 -0.97
11 137.69 90.67 -1.48
12 212.18 92.22 0.67
13 183.16 105.74 -0.48
14 145.76 143.42 -1.47
15 143.56 94.87 -1.3
16 164.73 107.3 -0.89
17 120.35 95.8 -2.56
18 181.53 110.12 -0.52
19 157.59 145.27 -0.99
20 169.19 66.89 -0.58
21 183.66 134.15 -0.41
22 25.72 36.19 -15.44
23 304.58 124.81 17.18
24 148.17 96.36 -1.4
25 255.1 73.64 6.45
26 297.69 126.45 15.04
27 196.89 139.39 -0.07
28 95.58 97.29 -4.78
29 107.91 66.27 -4.03
30 249.51 75.07 5.63
31 303.49 129.0 16.76
32 141.0 133.0 -0.49
1 171.86 93.03 -0.26
2 110.05 88.84 -4.18
3 153.76 138.63 -0.54
4 170.76 106.31 -0.19
5 151.08 108.17 -0.5
6 189.68 139.38 0.02
7 157.53 106.44 -0.36
8 157.83 135.89 -0.47
9 157.28 111.78 -0.39
10 157.34 118.16 -0.48
11 136.63 89.8 -1.05
12 212.66 91.19 1.03
13 182.87 104.91 -0.11
14 144.75 143.15 -0.55
15 142.62 93.74 -0.87
16 164.34 106.46 -0.41
17 118.96 94.44 -2.28
18 181.25 109.35 -0.19
19 157.03 144.71 -0.45
20 168.91 65.33 -0.21
21 183.38 133.44 -0.08
22 17.51 30.44 -15.69
23 147.37 95.41 -0.92
24 258.7 70.57 8.05
25 305.62 125.47 17.13
26 196.9 138.73 0.12
27 93.02 95.51 -4.35
28 105.9 64.42 -3.88
29 252.64 72.29 6.85
30 140.88 132.44 -0.52
1 171.72 91.14 -0.64
2 107.91 86.4 -4.62
3 153.59 137.24 -1.17
4 170.6 104.69 -0.47
5 150.87 106.41 -1.09
6 189.74 137.96 -0.21
7 157.35 104.65 -0.82
8 157.66 134.45 -1.11
9 157.07 110.1 -0.79
10 157.07 116.53 -0.81
11 136.31 88.0 -1.69
12 213.26 89.19 0.94
13 182.89 103.37 -0.44
14 144.48 141.68 -1.3
15 142.39 92.15 -1.55
16 164.15 104.75 -0.83
17 117.82 92.46 -2.62
18 181.2 107.7 -0.49
19 156.91 143.35 -1.15
20 168.86 62.5 -0.3
21 183.44 132.16 -0.3
22 146.96 93.52 -1.4
23 263.07 66.1 8.29
24 197.04 137.31 -0.33
25 90.66 93.14 -5.33
26 103.76 61.45 -4.36
27 256.23 68.23 7.23
28 140.58 131.26 -1.26
29 253.0 72.0 3.56
30 271.0 61.0 5.14
31 251.0 47.0 2.69
1 171.33 90.46 -0.43
2 105.03 85.58 -4.53
3 152.83 136.92 -0.7
4 170.41 104.19 -0.55
5 150.28 105.7 -0.96
6 189.65 137.67 -0.04
7 156.88 104.02 -0.62
8 157.01 134.21 -0.63
9 156.61 109.57 -0.58
10 156.58 116.09 -0.44
11 135.19 87.16 -0.91
12 213.6 88.36 1.76
13 182.66 102.75 -0.21
14 143.82 141.51 -1.24
15 141.41 91.42 -0.89
16 163.65 104.22 -0.68
17 116.15 91.74 -2.28
18 180.96 107.13 -0.37
19 156.2 143.03 -0.63
20 168.53 60.97 -0.08
21 183.23 131.69 -0.26
22 145.97 92.76 -0.79
23 267.44 62.88 9.55
24 196.91 137.03 -0.12
25 87.84 91.56 -6.15
26 101.31 59.44 -4.89
27 259.86 65.35 8.47
28 139.99 128.63 -1.06
29 253.16 71.64 7.58
30 271.76 60.37 10.93
31 251.36 46.49 6.7
32 220.0 87.0 1.24
1 170.75 88.5 0.07
2 102.61 83.8 -4.68
3 152.26 135.56 -0.43
4 169.82 102.48 -0.05
5 149.55 103.82 -0.33
6 189.45 136.14 0.25
7 156.38 102.18 -0.03
8 156.44 132.8 -0.09
9 156.12 107.7 0.09
10 156.11 114.23 0.22
11 134.62 85.12 -1.14
12 214.2 86.36 2.07
13 182.26 101.06 0.23
14 143.0 139.84 -0.83
15 140.79 89.43 -1.04
16 163.16 102.44 -0.06
17 114.82 89.62 -2.38
18 180.47 105.49 0.09
19 155.64 141.6 -0.14
20 168.34 58.13 0.12
21 182.94 130.23 0.08
22 145.5 91.09 -1.02
23 272.02 58.07 10.84
24 196.62 135.42 0.4
25 84.55 88.82 -5.48
26 98.57 56.9 -4.44
27 263.96 60.71 9.48
28 139.3 128.15 -0.98
29 256.82 67.34 8.27
30 276.87 55.12 12.21
31 254.29 41.66 7.55
32 220.05 86.58 2.02
1 171.08 84.2 0.17
2 100.27 79.0 -4.25
3 152.33 132.05 -0.07
4 170.02 98.74 0.1
5 149.47 99.54 0.16
6 189.71 132.78 0.07
7 156.36 97.91 0.56
8 156.55 129.26 0.18
9 156.17 103.63 0.6
10 156.27 110.22 0.44
11 134.35 80.73 -0.93
12 215.72 82.18 1.77
13 182.56 97.3 0.18
14 142.68 136.46 -0.55
15 140.62 85.32 -0.92
16 163.08 98.47 0.55
17 113.62 85.22 -2.05
18 180.7 101.71 0.07
19 155.72 138.15 0.32
20 168.58 52.43 0.07
21 183.17 126.7 0.2
22 145.32 86.94 -0.84
23 278.74 49.97 10.44
24 196.96 132.14 0.29
25 81.52 83.57 -5.41
26 96.07 51.14 -4.22
27 269.84 53.05 9.41
28 139.06 124.07 -0.82
29 261.87 60.41 7.99
30 284.36 46.44 11.94
31 259.36 33.12 6.93
32 221.55 82.43 1.88
1 170.65 84.61 0.5
2 97.38 78.9 -3.96
3 151.65 132.69 0.37
4 169.69 99.28 0.32
5 149.03 100.17 0.6
6 189.66 133.46 0.58
7 156.29 98.44 0.96
8 156.23 129.82 0.47
9 156.16 104.42 0.88
10 156.31 111.07 0.66
11 133.41 81.02 -0.68
12 216.21 82.69 2.06
13 182.36 97.81 0.4
14 141.95 137.34 -0.29
15 139.64 85.66 -0.39
16 163.04 99.13 0.78
17 112.12 85.6 -1.6
18 180.42 102.24 0.33
19 155.42 138.78 0.7
20 168.09 52.29 0.4
21 182.9 127.31 0.52
22 144.43 87.46 -0.43
23 283.73 47.34 11.65
24 196.96 132.64 0.59
25 77.8 83.36 -5.39
26 93.11 49.17 -4.23
27 274.29 50.55 10.33
28 138.23 124.85 -0.42
29 265.57 58.63 9.19
30 290.22 43.29 13.04
31 262.41 30.79 7.97
32 221.99 82.98 2.55
1 170.87 84.25 0.47
2 95.25 78.23 -4.51
3 151.74 132.89 0.44
4 169.77 99.2 0.53
5 149.38 99.57 0.28
6 189.64 133.66 1.3
7 156.83 98.01 0.5
8 156.43 129.99 0.55
9 156.69 104.45 0.69
10 156.61 111.53 0.89
11 133.11 80.78 -0.57
12 217.47 82.2 1.93
13 182.59 97.73 0.48
14 141.74 137.67 -0.23
15 139.45 85.21 -0.35
16 163.53 99.07 0.33
17 111.3 84.89 -1.99
18 180.63 102.18 0.34
19 155.68 139.01 0.81
20 168.45 50.66 0.15
21 183.22 127.47 0.34
22 144.29 86.95 -0.55
23 290.1 43.0 12.44
24 197.11 132.71 1.33
25 75.06 82.53 -6.03
26 91.08 46.94 -4.78
27 279.8 46.6 11.02
28 137.97 125.02 -0.44
29 270.72 55.46 9.34
30 297.57 38.28 13.63
31 267.22 25.99 8.12
32 223.46 82.41 2.23
33 163.0 131.0 0.37
1 171.01 84.55 0.16
2 92.72 77.92 -4.5
3 151.8 133.84 -0.06
4 169.9 99.82 0.08
5 149.54 100.2 0.11
6 190.2 134.51 0.85
7 157.17 98.56 0.17
8 156.56 130.85 0.1
9 156.99 105.65 0.31
10 156.95 113.17 0.41
11 132.59 81.59 -0.79
12 218.34 82.47 2.05
13 182.74 98.42 0.3
14 141.48 138.66 -0.7
15 139.14 85.78 -0.64
16 163.74 99.61 0.07
17 110.22 85.07 -2.19
18 180.74 102.83 0.17
19 155.91 139.96 0.33
20 168.45 50.34 -0.06
21 183.4 128.32 0.13
22 143.76 87.16 -0.27
23 296.68 39.22 13.38
24 197.52 133.41 1.04
25 71.63 82.55 -6.8
26 88.49 45.16 -5.09
27 285.76 42.96 11.6
28 137.55 125.8 -0.77
29 275.62 52.82 9.88
30 304.7 34.21 14.85
31 271.58 22.23 8.38
32 224.64 82.6 2.28
33 162.76 131.21 0.33
1 171.17 85.07 -0.53
2 89.99 77.54 -5.15
3 151.83 134.8 -0.68
4 170.01 100.38 -0.31
5 149.53 100.9 0.06
6 190.66 135.44 0.45
7 157.16 99.31 0.22
8 156.71 131.69 -1.24
9 157.21 106.62 -0.18
10 157.32 114.51 -0.68
11 132.37 82.29 -1.61
12 219.38 82.63 1.56
13 182.9 99.07 -0.12
14 141.2 139.68 -0.78
15 138.96 86.29 -1.49
16 163.7 100.2 0.02
17 108.87 85.24 -2.52
18 180.81 103.49 -0.14
19 156.14 140.93 -0.85
20 168.56 49.85 -0.69
21 183.47 129.24 0.04
22 143.67 87.62 -0.68
23 304.08 35.1 15.16
24 198.17 134.31 0.51
25 67.89 82.73 -7.9
26 85.59 43.5 -5.89
27 291.9 39.53 12.63
28 137.28 126.77 -1.13
29 281.05 50.04 10.66
30 276.29 18.48 8.77
31 225.68 82.79 2.17
32 163.11 132.02 -0.75
33 124.0 87.0 -1.24
34 135.0 136.0 -0.49
1 170.87 85.38 0.11
2 87.5 77.98 -4.49
3 151.56 135.53 -1.28
4 169.77 101.01 -0.01
5 149.63 101.34 -0.58
6 190.98 136.31 0.42
7 157.25 99.67 -0.5
8 156.35 132.41 -1.86
9 157.18 107.0 -0.69
10 157.15 114.81 -0.99
11 131.52 82.86 -0.82
12 220.42 82.79 2.09
13 182.86 99.58 0.14
14 140.54 140.6 -0.62
15 138.24 86.82 -0.8
16 163.74 100.77 -0.42
17 107.57 85.27 -2.74
18 180.77 104.02 0.02
19 155.91 141.72 -1.03
20 168.07 49.59 0.21
21 183.49 129.9 0.09
22 143.12 87.99 -0.38
23 198.52 135.11 0.54
24 63.59 82.8 -7.96
25 82.31 42.21 -5.72
26 298.51 35.17 14.41
27 136.47 127.64 -0.77
28 286.4 47.02 12.45
29 280.78 14.36 10.22
30 227.03 83.03 2.42
31 162.65 132.67 -0.82
32 123.59 86.98 -1.7
33 134.67 136.0 -0.74
1 171.01 84.33 0.62
2 84.71 75.61 -3.54
3 151.1 134.8 -1.25
4 169.82 100.18 0.59
5 149.75 100.46 -1.74
6 191.24 135.83 0.13
7 157.51 98.93 -2.29
8 155.42 131.63 -1.46
9 157.15 106.07 -1.97
10 156.65 113.74 -1.74
11 130.78 81.82 -0.16
12 221.61 81.56 3.16
13 183.02 98.8 0.57
14 140.42 140.4 -1.12
15 137.5 85.79 -0.13
16 163.79 100.05 -1.35
17 106.05 83.7 -1.89
18 180.8 103.3 0.67
19 155.33 141.0 -1.27
20 168.32 47.31 0.62
21 183.57 129.46 0.01
22 143.14 87.09 -0.31
23 198.84 134.77 0.19
24 59.32 81.17 -8.21
25 79.27 38.55 -5.75
26 306.48 29.07 17.83
27 136.2 125.87 -0.92
28 293.4 42.19 14.45
29 228.44 81.57 3.99
30 162.39 132.17 -0.98
31 122.77 85.98 -1.38
32 134.52 135.65 -1.35
33 154.0 120.0 -0.9
1 170.5 84.23 4.75
2 81.7 74.85 4.79
3 149.79 135.13 4.67
4 169.62 100.22 4.9
5 148.37 100.63 2.75
6 191.11 136.16 5.91
7 156.1 99.11 1.83
8 154.28 132.03 3.69
9 155.74 105.87 2.23
10 155.56 113.3 2.54
11 130.46 81.85 3.68
12 222.39 81.37 6.79
13 182.62 98.83 5.41
14 139.35 140.55 4.78
15 137.13 85.53 4.3
16 162.66 100.04 3.75
17 104.47 83.45 4.22
18 180.6 103.3 5.22
19 154.57 141.51 3.46
20 183.43 129.65 5.06
21 198.72 135.07 6.26
22 75.11 35.47 3.06
23 229.4 81.39 7.38
24 161.64 132.54 3.83
25 121.34 85.97 5.42
26 133.18 135.85 5.02
27 172.0 72.0 3.68
1 174.4 72.36 2.14
2 82.84 60.54 3.83
3 151.86 122.65 3.73
4 172.98 89.33 2.75
5 150.3 88.61 1.13
6 193.35 125.64 4.9
7 157.37 87.37 1.16
8 155.73 119.36 3.56
9 157.22 92.3 1.35
10 156.71 100.95 1.95
11 133.88 68.42 1.4
12 228.18 71.76 2.87
13 186.3 88.39 3.16
14 141.02 127.59 4.43
15 140.54 73.16 1.98
16 164.59 88.67 3.0
17 106.95 69.24 2.76
18 184.23 92.72 3.09
19 155.75 129.78 3.74
20 186.07 119.95 4.08
21 200.94 124.45 5.33
22 76.08 22.33 1.31
23 235.84 71.73 2.87
24 163.04 120.87 3.46
25 124.3 72.75 3.35
26 134.97 122.83 4.45
27 174.79 66.08 2.19
28 133.0 82.0 1.36
29 139.0 121.0 1.37
30 199.0 81.0 1.25
31 176.0 36.0 1.31
32 212.0 71.0 1.69
33 93.0 72.0 0.29
1 176.94 73.89 -0.62
2 88.21 63.8 -1.73
3 156.05 125.13 -0.73
4 176.24 90.77 -0.67
5 152.55 90.64 -1.65
6 198.39 126.34 -0.09
7 159.53 89.59 -1.45
8 159.64 121.5 -0.74
9 159.57 93.57 -1.51
10 159.57 101.01 -1.5
11 135.88 71.93 -0.9
12 231.13 71.01 -0.31
13 189.81 89.66 -0.5
14 145.69 130.33 -0.49
15 143.19 77.1 -0.9
16 167.91 90.53 -0.47
17 109.97 72.02 -0.44
18 187.57 94.17 -0.47
19 159.81 132.12 -0.5
20 190.45 121.61 -0.41
21 206.38 124.34 -0.05
22 79.24 25.7 -1.85
23 238.71 70.96 -0.14
24 167.14 122.89 -0.88
25 128.27 75.19 -0.67
26 139.7 125.26 -0.48
27 177.39 67.61 -0.67
28 134.77 78.44 -0.71
29 140.7 118.46 -0.5
30 200.48 78.75 -0.36
31 177.8 32.15 -0.6
32 213.71 67.87 -0.05
33 94.82 69.33 -1.71
34 140.0 124.0 -0.24
1 176.56 68.25 -0.3
2 86.61 58.27 -0.19
3 155.49 120.65 -0.38
4 175.66 85.44 -0.24
5 151.3 85.51 -0.65
6 198.27 121.16 -0.01
7 158.42 84.56 -0.63
8 159.13 117.43 -0.45
9 158.45 88.16 -0.68
10 158.51 95.02 -0.79
11 135.25 66.71 -0.51
12 231.02 64.79 -0.29
13 189.43 84.23 -0.25
14 145.34 125.34 -0.38
15 142.48 71.39 -0.41
16 167.53 85.35 -0.24
17 109.68 67.33 -0.25
18 187.28 88.77 -0.46
19 159.46 127.32 -0.35
20 190.13 116.41 -0.24
21 206.27 119.2 0.01
22 77.44 24.09 -0.1
23 238.74 64.63 -0.27
24 166.37 118.28 -0.28
25 127.64 69.97 -0.1
26 139.31 120.33 -0.35
27 177.01 61.92 -0.37
28 134.31 73.14 -0.54
29 140.3 113.57 -0.29
30 200.2 72.93 -0.05
31 177.33 25.52 -0.18
32 213.67 61.98 -0.04
33 93.25 63.82 -0.24
34 139.87 124.27 -0.31
1 176.25 68.46 0.04
2 86.47 58.61 -0.01
3 155.1 121.07 0.06
4 175.44 85.83 0.03
5 150.73 85.95 -0.04
6 198.27 121.39 -0.0
7 157.88 85.1 -0.05
8 158.68 117.86 0.04
9 157.87 88.33 -0.07
10 157.86 95.1 -0.12
11 134.81 67.16 0.04
12 230.75 65.31 0.03
13 189.21 84.56 0.04
14 144.94 125.58 0.1
15 142.15 71.87 0.03
16 167.31 85.64 0.04
17 109.5 67.69 -0.05
18 186.89 89.08 0.03
19 159.11 127.58 0.01
20 189.89 116.63 0.07
21 206.29 119.39 -0.0
22 77.34 24.31 0.04
23 238.49 65.21 0.04
24 166.07 118.5 0.05
25 127.56 70.37 0.01
26 138.95 120.61 0.11
27 176.65 62.19 0.05
28 133.86 73.59 0.04
29 140.0 113.91 0.1
30 200.14 73.13 -0.04
31 177.21 25.86 -0.05
32 213.62 62.04 0.01
33 93.08 64.22 0.02
34 139.54 124.47 0.07
1 176.28 68.48 -0.01
2 86.47 58.66 -0.04
3 155.18 121.1 -0.03
4 175.46 85.83 -0.0
5 150.73 86.04 0.0
6 198.29 121.43 -0.01
7 157.87 85.24 -0.01
8 158.74 117.92 -0.02
9 157.84 88.41 0.0
10 157.79 95.16 -0.01
11 134.84 67.18 -0.03
12 230.76 65.3 0.01
13 189.24 84.57 -0.01
14 145.09 125.58 -0.05
15 142.18 71.86 -0.03
16 167.34 85.63 -0.01
17 109.46 67.7 0.02
18 186.95 89.06 -0.06
19 159.19 127.62 -0.05
20 189.96 116.64 -0.02
21 206.29 119.42 0.01
22 77.34 23.19 -0.03
23 238.54 65.23 -0.03
24 166.14 118.52 -0.0
25 127.57 70.38 0.01
26 139.11 120.62 -0.05
27 176.68 62.2 0.0
28 133.9 73.59 -0.03
29 140.12 113.88 -0.04
30 200.15 73.17 -0.01
31 177.16 25.95 -0.04
32 213.64 62.08 -0.01
33 93.1 64.25 -0.01
34 139.65 124.47 -0.02
35 154.0 102.0 0.05
1 176.24 68.5 0.02
2 86.42 58.65 0.03
3 155.11 121.12 0.05
4 175.46 85.85 -0.02
5 150.68 86.1 0.19
6 198.28 121.44 -0.0
7 157.81 85.31 0.19
8 158.69 117.92 0.07
9 157.78 88.41 0.19
10 157.71 95.12 0.19
11 134.78 67.21 0.05
12 230.75 65.29 -0.03
13 189.24 84.59 -0.01
14 144.97 125.63 0.08
15 142.12 71.9 0.04
16 167.3 85.64 0.02
17 109.48 67.67 -0.01
18 186.86 89.1 0.04
19 159.08 127.65 0.06
20 189.93 116.66 0.02
21 206.3 119.4 -0.0
22 77.3 22.97 0.02
23 238.53 65.23 -0.04
24 166.09 118.54 0.07
25 127.57 70.4 -0.0
26 139.0 120.67 0.06
27 176.65 62.23 0.03
28 133.84 73.63 0.05
29 140.05 113.87 0.05
30 200.15 73.19 0.01
31 177.15 25.93 -0.0
32 213.62 62.06 0.03
33 93.06 64.22 0.04
34 139.58 124.5 0.06
35 153.95 101.98 0.21
1 176.28 68.51 -0.03
2 86.44 58.76 -0.03
3 155.18 121.12 0.01
4 175.48 85.85 -0.02
5 150.78 86.13 0.28
6 198.27 121.45 0.01
7 157.92 85.25 0.3
8 158.74 117.93 0.05
9 157.91 88.39 0.25
10 157.84 95.13 0.23
11 134.85 67.2 -0.03
12 230.76 65.28 -0.05
13 189.25 84.63 0.01
14 145.08 125.61 -0.04
15 142.18 71.88 -0.01
16 167.37 85.66 -0.03
17 109.49 67.69 -0.09
18 186.93 89.1 -0.02
19 159.14 127.63 0.06
20 189.95 116.65 0.03
21 206.3 119.37 -0.01
22 77.4 22.92 -0.02
23 238.54 65.2 -0.05
24 166.15 118.54 0.01
25 127.57 70.4 -0.01
26 139.1 120.62 -0.03
27 176.69 62.21 -0.01
28 133.91 73.63 -0.02
29 140.12 113.86 -0.02
30 200.13 73.19 -0.03
31 177.17 25.94 -0.02
32 213.62 62.13 0.01
33 93.12 64.29 -0.01
34 139.67 124.47 -0.03
35 154.08 101.97 0.18
1 176.24 68.5 0.01
2 86.42 58.7 -0.0
3 155.16 121.1 -0.0
4 175.47 85.85 0.0
5 150.88 86.13 0.32
6 198.28 121.45 -0.01
7 158.03 85.2 0.32
8 158.75 117.89 0.01
9 157.98 88.4 0.29
10 157.92 95.14 0.25
11 134.8 67.2 0.02
12 230.74 65.26 -0.01
13 189.23 84.63 -0.02
14 145.01 125.62 0.02
15 142.13 71.92 0.03
16 167.31 85.65 0.01
17 109.51 67.73 -0.11
18 186.87 89.12 0.0
19 159.11 127.58 0.01
20 189.97 116.64 -0.02
21 206.3 119.36 0.0
22 77.36 23.32 0.02
23 238.49 65.19 0.01
24 166.14 118.49 -0.01
25 127.57 70.38 -0.02
26 139.05 120.65 0.01
27 176.67 62.21 0.01
28 133.85 73.62 0.03
29 140.07 113.92 0.01
30 200.15 73.18 -0.0
31 177.14 25.96 0.01
32 213.63 62.12 -0.01
33 93.09 64.31 0.02
34 139.61 124.48 0.01
35 154.18 101.84 0.13
[INFO] [WallTime: 1432307747.613450] Stop TurtleBot
1 176.27 68.52 0.01
2 86.41 58.75 0.03
3 155.18 121.09 0.01
4 175.47 85.87 -0.01
5 151.11 86.24 0.12
6 198.27 121.44 0.03
7 158.26 85.34 0.13
8 158.78 117.88 0.01
9 158.2 88.45 0.12
10 158.11 95.18 0.11
11 134.82 67.22 0.01
12 230.76 65.29 -0.02
13 189.24 84.66 -0.02
14 145.05 125.59 -0.0
15 142.16 71.92 -0.0
16 167.32 85.64 0.01
17 109.39 67.69 0.07
18 186.89 89.16 -0.0
19 159.18 127.6 -0.01
20 189.98 116.64 -0.01
21 206.29 119.37 0.02
22 77.42 22.86 -0.06
23 238.51 65.26 0.0
24 166.15 118.5 -0.0
25 127.56 70.41 -0.0
26 139.06 120.63 0.03
27 176.69 62.23 0.02
28 133.87 73.65 0.01
29 140.09 113.91 0.02
30 200.13 73.24 0.01
31 177.15 25.96 0.01
32 213.65 62.11 -0.03
33 93.12 64.28 0.02
34 139.63 124.46 0.01
35 154.28 101.76 0.07
1 176.28 68.52 0.0
2 86.44 58.75 -0.03
3 155.18 121.1 0.03
4 175.48 85.81 -0.02
5 151.2 86.17 -0.0
6 198.27 121.42 0.02
7 158.35 85.26 0.01
8 158.77 117.89 0.02
9 158.28 88.38 -0.0
10 158.18 95.16 0.02
11 134.83 67.24 -0.0
12 230.75 65.32 -0.03
13 189.23 84.62 -0.02
14 145.05 125.61 0.01
15 142.17 71.95 0.0
16 167.33 85.65 -0.0
17 109.38 67.66 0.01
18 186.91 89.13 -0.03
19 159.19 127.59 -0.02
20 189.92 116.65 0.04
21 206.29 119.35 0.01
22 77.33 22.78 0.05
23 238.49 65.24 0.02
24 166.14 118.5 0.01
25 127.55 70.41 -0.0
26 139.07 120.62 0.0
27 176.7 62.23 0.01
28 133.88 73.65 -0.01
29 140.11 113.92 -0.01
30 200.13 73.13 -0.01
31 177.16 25.95 0.02
32 213.61 62.08 0.04
33 93.11 64.31 -0.02
34 139.64 124.45 -0.0
35 154.32 101.7 0.02
1 176.25 68.52 0.01
2 86.41 58.73 0.01
3 155.17 121.1 0.02
4 175.46 85.85 -0.02
5 151.21 86.17 -0.01
6 198.29 121.44 0.02
7 158.36 85.26 0.0
8 158.77 117.88 0.01
9 158.29 88.37 0.0
10 158.2 95.17 -0.01
11 134.82 67.23 0.01
12 230.77 65.28 -0.03
13 189.24 84.66 -0.02
14 145.04 125.6 0.01
15 142.16 71.92 0.01
16 167.3 85.67 0.02
17 109.44 67.68 0.02
18 186.91 89.12 -0.02
19 159.17 127.6 -0.02
20 189.98 116.68 0.0
21 206.31 119.34 -0.02
22 77.42 22.18 -0.09
23 238.54 65.24 -0.03
24 166.15 118.47 -0.01
25 127.56 70.41 0.01
26 139.06 120.64 0.01
27 176.67 62.24 0.02
28 133.88 73.66 0.0
29 140.09 113.92 0.02
30 200.16 73.14 -0.04
31 177.18 25.99 -0.02
32 213.63 62.09 -0.0
33 93.11 64.33 0.0
34 139.63 124.44 -0.01
35 154.33 101.71 -0.02
1 176.29 68.54 -0.02
2 86.45 58.74 0.02
3 155.2 121.09 0.01
4 175.46 85.84 0.0
5 151.2 86.15 0.04
6 198.29 121.45 0.02
7 158.36 85.26 0.03
8 158.79 117.89 -0.0
9 158.28 88.37 0.03
10 158.21 95.15 -0.03
11 134.83 67.22 -0.0
12 230.73 65.28 0.02
13 189.23 84.65 -0.0
14 145.05 125.64 0.01
15 142.17 71.93 -0.0
16 167.32 85.69 -0.0
17 109.46 67.73 -0.12
18 186.92 89.13 -0.04
19 159.18 127.6 -0.0
20 189.94 116.65 0.01
21 206.3 119.34 -0.03
22 77.37 23.02 0.07
23 238.53 65.24 -0.0
24 166.16 118.49 -0.03
25 127.57 70.4 -0.02
26 139.07 120.67 0.01
27 176.72 62.26 -0.02
28 133.88 73.66 -0.01
29 140.1 113.91 -0.01
30 200.15 73.15 0.0
31 177.15 26.0 0.01
32 213.64 62.08 -0.01
33 93.12 64.33 0.0
34 139.63 124.46 0.01
35 154.35 101.71 -0.03
1 176.27 68.53 0.03
2 86.47 58.72 -0.03
3 155.2 121.1 0.03
4 175.47 85.85 0.0
5 151.21 86.2 0.09
6 198.29 121.45 -0.0
7 158.37 85.3 0.08
8 158.79 117.9 0.01
9 158.29 88.46 0.07
10 158.19 95.25 -0.0
11 134.83 67.22 0.02
12 230.74 65.3 -0.03
13 189.21 84.65 0.05
14 145.05 125.62 -0.0
15 142.17 71.94 -0.0
16 167.32 85.66 -0.0
17 109.4 67.66 -0.06
18 186.89 89.13 0.04
19 159.18 127.6 0.0
20 189.97 116.63 -0.04
21 206.27 119.33 0.0
22 77.35 22.87 0.09
23 238.56 65.27 -0.03
24 166.13 118.51 0.02
25 127.56 70.42 0.01
26 139.08 120.67 -0.01
27 176.7 62.25 0.03
28 133.88 73.65 0.01
29 140.1 113.92 -0.01
30 200.14 73.17 0.0
31 177.18 25.99 -0.0
32 213.64 62.08 -0.02
33 93.13 64.33 -0.01
34 139.64 124.43 -0.02
35 154.33 101.76 -0.02
1 176.28 68.53 0.03
2 86.45 58.73 0.03
3 155.2 121.11 0.0
4 175.45 85.88 0.03
5 151.25 86.13 0.05
6 198.3 121.46 -0.02
7 158.4 85.21 0.05
8 158.79 117.9 -0.01
9 158.32 88.4 0.06
10 158.18 95.26 0.04
11 134.85 67.24 -0.01
12 230.74 65.27 -0.05
13 189.24 84.68 0.02
14 145.04 125.65 0.01
15 142.17 71.97 -0.01
16 167.33 85.66 0.01
17 109.41 67.69 0.03
18 186.9 89.16 0.02
19 159.13 127.61 0.02
20 190.0 116.64 -0.03
21 206.27 119.33 0.01
22 77.4 21.95 0.07
23 238.55 65.23 -0.04
24 166.14 118.51 0.01
25 127.55 70.41 0.02
26 139.07 120.7 0.01
27 176.7 62.24 0.03
28 133.88 73.66 0.0
29 140.09 113.92 0.01
30 200.14 73.15 -0.01
31 177.17 25.97 -0.02
32 213.62 62.12 -0.03
33 93.12 64.3 0.01
34 139.63 124.47 0.01
35 154.31 101.76 0.01
1 176.3 68.51 0.01
2 86.45 58.75 0.05
3 155.2 121.09 0.02
4 175.47 85.86 -0.01
5 151.3 86.12 0.04
6 198.3 121.46 -0.02
7 158.45 85.21 0.05
8 158.79 117.9 0.0
9 158.36 88.39 0.04
10 158.19 95.29 0.04
11 134.85 67.24 -0.02
12 230.71 65.3 0.0
13 189.25 84.68 -0.03
14 145.05 125.63 0.02
15 142.18 71.95 -0.03
16 167.32 85.64 -0.01
17 109.41 67.68 -0.05
18 186.91 89.13 -0.03
19 159.14 127.6 0.08
20 189.92 116.64 0.04
21 206.27 119.33 0.0
22 77.47 23.08 0.01
23 238.52 65.27 0.01
24 166.16 118.5 -0.02
25 127.57 70.42 -0.0
26 139.08 120.71 0.01
27 176.72 62.22 0.0
28 133.9 73.67 -0.02
29 140.1 113.91 -0.0
30 200.14 73.19 0.0
31 177.16 26.01 -0.03
32 213.61 62.12 0.0
33 93.13 64.3 0.02
34 139.64 124.48 -0.0
35 154.3 101.76 0.03
1 176.31 68.53 -0.0
2 86.5 58.74 0.04
3 155.21 121.12 0.01
4 175.49 85.87 -0.03
5 151.31 86.13 0.04
6 198.27 121.46 -0.0
7 158.46 85.24 0.04
8 158.79 117.91 0.01
9 158.38 88.4 0.05
10 158.22 95.33 0.04
11 134.84 67.25 0.01
12 230.64 65.3 0.1
13 189.27 84.69 -0.06
14 145.05 125.59 0.02
15 142.16 71.93 -0.0
16 167.34 85.65 -0.01
17 109.46 67.67 -0.07
18 186.91 89.18 -0.03
19 159.13 127.6 0.04
20 189.92 116.63 0.05
21 206.28 119.36 -0.02
22 77.43 21.43 0.09
23 238.49 65.26 0.08
24 166.16 118.51 -0.02
25 127.58 70.42 0.02
26 139.07 120.66 0.02
27 176.73 62.23 -0.0
28 133.9 73.69 -0.01
29 140.09 113.93 0.01
30 200.13 73.2 0.04
31 177.18 26.01 -0.02
32 213.6 62.09 0.01
33 93.16 64.31 0.02
34 139.63 124.42 0.01
35 154.32 101.8 0.02
1 176.31 68.53 -0.0
2 86.53 58.8 -0.0
3 155.21 121.11 -0.0
4 175.47 85.87 -0.04
5 151.32 86.16 0.04
6 198.27 121.43 0.0
7 158.48 85.25 0.03
8 158.8 117.9 0.0
9 158.4 88.43 0.03
10 158.24 95.36 0.03
11 134.83 67.24 0.02
12 230.7 65.28 0.02
13 189.25 84.69 -0.02
14 145.08 125.64 -0.04
15 142.15 71.96 0.01
16 167.33 85.64 -0.0
17 109.38 67.64 0.03
18 186.87 89.22 0.04
19 159.17 127.61 -0.0
20 189.95 116.63 0.01
21 206.28 119.32 -0.01
22 77.51 21.33 0.07
23 238.53 65.24 0.01
24 166.16 118.5 -0.02
25 127.56 70.4 0.04
26 139.1 120.72 -0.03
27 176.73 62.24 -0.01
28 133.88 73.67 0.0
29 140.1 113.93 -0.01
30 200.15 73.09 -0.02
31 177.15 26.0 0.02
32 213.61 62.1 0.0
33 93.16 64.33 -0.01
34 139.66 124.48 -0.03
35 154.33 101.83 0.03
1 176.3 68.56 -0.0
2 86.49 58.74 0.0
3 155.19 121.13 0.02
4 175.44 85.86 0.01
5 151.35 86.18 -0.01
6 198.3 121.45 -0.01
7 158.51 85.26 -0.02
8 158.79 117.92 0.02
9 158.43 88.43 -0.01
10 158.26 95.39 -0.01
11 134.85 67.26 0.0
12 230.7 65.28 -0.01
13 189.22 84.69 -0.0
14 145.04 125.64 0.01
15 142.16 71.97 0.01
16 167.32 85.63 -0.01
17 109.33 67.62 0.07
18 186.89 89.17 -0.03
19 159.16 127.6 0.02
20 189.98 116.65 -0.01
21 206.26 119.3 0.01
22 77.56 20.4 -0.01
23 238.51 65.27 -0.02
24 166.15 118.51 0.0
25 127.61 70.43 -0.03
26 139.07 120.69 0.01
27 176.72 62.28 -0.02
28 133.89 73.69 0.0
29 140.09 113.95 0.01
30 200.14 73.19 0.02
31 177.16 26.0 -0.0
32 213.62 62.12 -0.03
33 93.13 64.29 0.02
34 139.63 124.47 0.01
35 154.35 101.86 -0.01
1 176.3 68.54 0.01
2 86.49 58.74 0.01
3 155.21 121.09 -0.0
4 175.44 85.87 -0.01
5 151.36 86.21 -0.03
6 198.28 121.45 0.0
7 158.51 85.3 -0.03
8 158.81 117.9 0.0
9 158.44 88.43 -0.03
10 158.26 95.38 -0.02
11 134.85 67.27 0.01
12 230.72 65.29 -0.04
13 189.2 84.71 0.04
14 145.04 125.63 0.01
15 142.16 71.98 0.01
16 167.33 85.64 -0.0
17 109.39 67.3 -0.03
18 186.86 89.2 0.02
19 159.17 127.61 0.0
20 189.95 116.59 -0.02
21 206.27 119.28 -0.01
22 77.55 20.28 0.04
23 238.48 65.27 -0.01
24 166.15 118.52 -0.01
25 127.61 70.44 0.0
26 139.08 120.71 0.0
27 176.71 62.25 -0.0
28 133.88 73.69 -0.0
29 140.1 113.95 0.0
30 200.14 73.16 0.02
31 177.14 26.02 0.02
32 213.61 62.13 -0.0
33 93.14 64.27 0.01
34 139.64 124.51 0.0
35 154.34 101.85 -0.02
1 176.31 68.53 -0.01
2 86.51 58.83 -0.02
3 155.22 121.12 -0.0
4 175.45 85.85 -0.02
5 151.35 86.21 -0.04
6 198.29 121.45 -0.0
7 158.5 85.29 -0.05
8 158.82 117.92 -0.01
9 158.43 88.42 -0.04
10 158.26 95.4 -0.04
11 134.84 67.27 0.02
12 230.7 65.25 0.04
13 189.22 84.69 0.01
14 145.05 125.64 0.0
15 142.17 71.98 0.0
16 167.32 85.64 0.02
17 109.39 67.19 0.03
18 186.89 89.2 -0.0
19 159.18 127.61 0.02
20 189.96 116.64 0.02
21 206.29 119.3 -0.02
22 77.51 20.37 0.09
23 238.51 65.26 0.0
24 166.17 118.52 -0.01
25 127.61 70.44 -0.03
26 139.09 120.69 -0.0
27 176.71 62.23 -0.0
28 133.88 73.7 0.01
29 140.1 113.92 0.0
30 200.14 73.15 0.01
31 177.17 26.02 0.0
32 213.62 62.14 -0.0
33 93.17 64.34 -0.03
34 139.64 124.51 0.02
35 154.34 101.85 -0.03
