1 79.0 112.0 -0.08
2 79.0 99.0 -0.07
3 74.0 105.0 -0.11
4 72.0 119.0 -0.12
5 70.0 26.0 0.09
6 59.0 4.0 0.1
7 152.0 92.0 -0.02
8 82.0 127.0 -0.06
9 152.0 84.0 -0.03
10 40.0 41.0 0.05
11 247.0 108.0 -0.1
12 48.0 44.0 0.05
13 238.0 121.0 -0.07
14 259.0 115.0 -0.03
15 58.0 43.0 0.1
1 79.07 112.01 0.06
2 79.16 98.96 0.09
3 74.12 104.98 0.11
4 72.07 118.97 0.08
5 70.21 26.15 0.04
6 59.2 4.19 0.11
7 152.14 92.06 0.05
8 82.06 126.92 0.09
9 152.12 84.06 0.02
10 40.12 41.09 0.1
11 247.11 108.22 0.12
12 48.18 44.11 0.14
13 238.09 121.15 0.14
14 259.11 115.17 0.1
15 58.31 43.08 0.12
16 72.0 98.0 0.34
17 71.0 109.0 0.29
18 259.0 121.0 0.22
19 75.0 124.0 0.2
20 124.0 84.0 0.26
21 78.0 33.0 0.22
22 246.0 133.0 0.18
1 79.03 111.74 -0.06
2 79.12 98.69 -0.17
3 74.1 104.73 -0.15
4 72.05 118.74 -0.06
5 70.11 25.67 -0.17
6 59.09 3.73 -0.12
7 152.06 91.76 -0.05
8 82.03 126.71 -0.06
9 152.0 83.75 -0.04
10 40.16 40.76 -0.17
11 247.09 107.84 -0.18
12 48.15 43.74 -0.21
13 238.1 120.84 -0.16
14 259.11 114.8 -0.13
15 58.2 42.71 -0.24
16 72.2 97.74 -0.15
17 71.19 108.87 -0.12
18 259.12 120.72 -0.08
19 75.1 123.74 -0.05
20 124.11 83.69 -0.16
21 78.05 32.72 -0.15
22 246.13 132.74 -0.08
23 142.0 114.0 -0.09
1 78.95 111.58 -0.03
2 78.96 98.49 -0.0
3 73.95 104.53 -0.03
4 71.92 118.59 -0.01
5 69.96 25.42 0.02
6 59.05 3.57 -0.03
7 151.96 91.52 -0.05
8 82.02 126.56 -0.08
9 152.0 83.44 -0.09
10 39.97 40.5 0.07
11 247.03 107.57 -0.1
12 47.94 43.47 0.06
13 238.03 120.62 -0.11
14 259.08 114.66 -0.11
15 57.97 42.43 0.06
16 72.05 97.54 -0.02
17 71.04 108.68 0.0
18 259.13 120.54 -0.11
19 75.06 123.59 -0.06
20 123.99 83.52 -0.03
21 77.93 32.5 0.02
22 245.98 132.62 -0.01
23 141.91 113.88 -0.02
1 78.96 111.8 -0.02
2 79.02 98.77 -0.05
3 73.98 104.8 -0.05
4 71.92 118.77 -0.02
5 70.08 25.82 -0.12
6 59.09 3.82 -0.11
7 151.98 91.84 -0.02
8 81.97 126.72 -0.0
9 151.93 83.9 0.02
10 40.09 40.88 -0.05
11 247.0 107.7 -0.04
12 48.1 43.87 -0.09
13 237.99 120.73 -0.03
14 259.0 114.81 0.0
15 58.16 42.8 -0.15
16 72.1 97.83 -0.04
17 71.09 108.91 -0.05
18 259.06 120.7 0.0
19 75.03 123.77 -0.03
20 124.02 83.74 -0.07
21 77.99 32.8 -0.06
22 246.0 132.65 -0.02
23 141.9 114.13 0.02
24 242.0 119.0 0.03
1 79.0 111.82 -0.06
2 79.08 98.72 -0.11
3 74.05 104.75 -0.11
4 72.03 118.79 -0.09
5 70.06 25.71 -0.02
6 58.99 3.74 0.02
7 152.05 91.71 -0.02
8 82.01 126.74 -0.06
9 151.99 83.73 -0.04
10 40.11 40.8 -0.04
11 247.05 107.71 -0.09
12 48.11 43.78 -0.06
13 238.05 120.65 -0.14
14 259.08 114.74 -0.1
15 58.16 42.67 -0.06
16 72.18 97.77 -0.09
17 71.15 108.89 -0.09
18 259.13 120.61 -0.11
19 75.08 123.76 -0.06
20 124.05 83.7 -0.08
21 78.01 32.75 -0.01
22 246.05 132.61 -0.09
23 141.93 114.08 -0.02
24 242.11 118.96 -0.12
1 78.94 111.81 0.01
2 78.98 98.71 -0.0
3 73.95 104.73 0.01
4 71.95 118.79 -0.04
5 70.02 25.71 -0.03
6 59.01 3.76 0.03
7 151.97 91.7 -0.03
8 81.97 126.7 0.01
9 151.99 83.69 -0.05
10 40.09 40.8 0.0
11 246.98 107.72 -0.02
12 48.06 43.78 -0.03
13 237.98 120.68 -0.02
14 259.02 114.74 -0.0
15 58.08 42.7 -0.01
16 72.09 97.75 0.01
17 71.07 108.89 -0.02
18 259.08 120.58 -0.01
19 75.04 123.74 -0.02
20 123.98 83.77 0.02
21 77.97 32.75 0.0
22 246.0 132.58 -0.02
23 141.88 114.06 0.03
24 242.06 118.97 -0.02
1 78.93 111.9 -0.01
2 78.94 98.83 0.02
3 73.91 104.83 0.02
4 71.89 118.9 0.03
5 69.97 25.89 0.05
6 58.98 3.9 0.05
7 152.0 91.86 -0.03
8 81.95 126.79 -0.02
9 151.92 83.88 0.03
10 40.05 40.92 0.04
11 246.89 107.8 0.05
12 48.02 43.89 0.05
13 237.89 120.8 0.04
14 258.95 114.85 0.03
15 58.02 42.83 0.06
16 72.04 97.87 0.03
17 71.02 108.94 0.01
18 259.0 120.69 0.04
19 74.98 123.86 0.03
20 123.96 83.86 -0.01
21 77.94 32.91 0.02
22 245.97 132.62 0.01
23 141.88 114.18 0.0
24 241.97 119.1 0.04
1 78.97 111.88 -0.49
2 78.98 98.83 -0.04
3 73.96 104.85 -0.3
4 71.94 118.9 -0.8
5 69.99 25.79 1.77
6 59.05 3.8 1.8
7 151.98 91.81 -0.08
8 81.96 126.81 -1.24
9 151.93 83.82 0.01
10 40.08 40.83 1.64
11 246.98 107.8 -0.29
12 48.05 43.86 1.83
13 237.95 120.8 0.12
14 259.03 114.84 0.09
15 58.06 42.75 1.56
16 72.11 97.87 0.09
17 71.06 108.94 -0.51
18 259.08 120.66 0.14
19 75.04 123.88 -0.97
20 123.95 83.79 0.17
21 77.96 32.81 1.58
22 246.04 132.59 0.37
23 141.9 114.14 -0.3
24 242.02 119.12 0.1
1 78.93 111.75 0.21
2 78.96 98.66 0.01
3 73.93 104.68 -0.11
4 71.92 118.74 0.12
5 69.95 25.67 -1.72
6 151.97 91.67 1.42
7 81.95 126.62 0.17
8 151.95 83.64 1.27
9 40.07 40.74 -3.57
10 246.97 107.67 9.26
11 48.02 43.74 -2.2
12 237.98 120.63 8.12
13 259.01 114.69 11.06
14 58.0 42.65 -2.14
15 72.08 97.7 -0.55
16 71.01 108.82 0.05
17 259.08 120.5 11.02
18 75.05 123.7 -0.02
19 123.94 83.64 0.92
20 77.95 32.74 -0.67
21 246.03 132.52 9.04
22 141.89 114.01 1.71
23 242.04 118.92 8.24
1 77.22 124.39 2.32
2 77.79 111.81 2.04
3 72.57 117.71 2.05
4 69.8 131.42 2.58
5 70.96 41.05 -2.39
6 151.45 104.77 3.92
7 79.83 138.8 2.63
8 151.23 96.8 3.78
9 40.35 55.34 -4.63
10 247.17 122.37 17.33
11 48.66 58.47 -3.4
12 238.21 135.01 15.14
13 259.56 129.72 20.16
14 58.69 57.49 -2.89
15 71.15 110.81 0.83
16 69.41 121.67 2.21
17 259.63 135.32 20.16
18 72.91 136.34 2.39
19 123.43 96.87 3.13
20 78.9 47.98 -0.57
21 246.65 146.76 16.41
22 140.74 125.9 4.13
23 242.28 133.12 15.33
24 232.0 128.0 5.11
1 79.21 110.06 -0.01
2 79.41 96.78 -0.1
3 74.1 102.94 -0.06
4 71.93 117.27 -0.06
5 69.78 20.92 -1.78
6 154.12 90.07 1.59
7 81.95 125.06 -0.12
8 153.73 82.11 1.9
9 37.56 36.04 -4.9
10 257.89 105.65 15.06
11 46.66 39.52 -3.48
12 247.48 120.22 13.06
13 271.92 113.98 18.24
14 56.81 38.58 -2.71
15 71.82 95.86 -0.49
16 71.21 107.1 0.09
17 271.92 119.87 18.22
18 74.83 122.36 -0.27
19 125.36 82.22 1.68
20 78.55 28.81 -0.62
21 256.08 133.36 15.02
22 143.92 112.16 1.71
23 251.69 118.28 13.38
24 232.93 130.82 9.28
25 73.0 114.0 -0.51
26 233.0 119.0 4.48
27 206.0 114.0 2.25
1 79.29 112.68 -1.29
2 79.53 99.36 -1.21
3 74.21 105.52 -1.08
4 72.01 119.95 -1.21
5 68.61 22.03 -2.36
6 155.3 92.4 0.93
7 81.97 128.01 -1.46
8 154.9 84.36 1.14
9 35.46 37.02 -6.36
10 265.76 108.55 16.44
11 45.1 40.7 -5.04
12 254.24 123.42 13.89
13 281.26 117.5 20.15
14 55.52 39.75 -3.98
15 71.53 98.42 -1.01
16 71.38 109.73 -1.1
17 281.27 123.53 20.03
18 74.77 125.21 -1.28
19 126.46 84.43 0.66
20 78.39 30.8 -1.98
21 263.58 138.06 16.09
22 144.71 114.63 1.14
23 258.61 121.49 14.25
24 237.62 134.7 9.6
25 72.61 114.36 -1.13
26 233.38 119.82 8.52
27 206.11 114.52 4.16
28 278.0 99.0 9.5
29 214.0 88.0 2.31
30 55.0 57.0 -2.65
1 79.06 112.45 -1.51
2 79.18 99.0 -1.46
3 73.9 105.25 -1.05
4 71.75 119.76 -1.48
5 67.72 20.39 -3.11
6 155.9 92.19 1.13
7 81.71 128.04 -1.57
8 155.76 84.06 1.06
9 32.19 34.57 -6.4
10 274.77 107.68 17.78
11 42.84 38.67 -5.27
12 262.04 123.83 15.02
13 292.28 117.95 22.6
14 53.7 38.13 -4.2
15 71.24 98.16 -0.89
16 71.24 109.43 -1.53
17 292.25 124.25 22.43
18 74.41 125.19 -1.42
19 127.11 84.04 0.47
20 77.77 29.38 -1.71
21 272.79 139.45 17.59
22 145.74 114.39 0.96
23 266.62 121.78 15.58
24 243.36 135.85 9.81
25 72.42 114.07 -1.4
26 238.33 119.66 9.18
27 208.64 114.3 4.03
28 279.93 99.11 18.59
29 214.55 88.24 4.73
30 54.57 57.22 -3.91
31 35.0 35.0 -2.89
32 66.0 123.0 -0.77
33 297.0 112.0 12.96
34 65.0 87.0 -1.26
35 278.0 119.0 9.95
1 77.72 112.43 -1.6
2 78.11 98.75 -1.76
3 72.87 105.08 -1.15
4 70.46 119.82 -1.46
5 66.13 18.0 -3.56
6 156.28 92.21 0.83
7 80.36 128.39 -1.76
8 156.09 84.03 0.84
9 28.33 31.7 -7.54
10 284.05 108.22 20.03
11 39.62 36.16 -5.81
12 269.66 125.29 16.73
13 51.07 35.87 -4.74
14 70.44 97.92 -0.8
15 69.88 109.42 -1.37
16 73.24 125.39 -1.55
17 127.13 83.68 0.42
18 76.3 27.29 -1.77
19 281.77 142.2 19.38
20 145.87 114.51 0.93
21 274.56 123.1 17.3
22 248.2 137.53 11.16
23 71.22 114.05 -1.6
24 242.89 120.68 9.97
25 210.56 114.67 4.06
26 289.51 99.59 21.02
27 216.89 87.78 4.59
28 52.1 55.65 -4.76
29 34.29 34.45 -6.0
30 65.57 123.06 -2.23
31 64.77 86.93 -2.57
32 279.77 119.26 18.8
33 64.0 92.0 -1.19
34 290.0 103.0 11.41
1 77.56 113.83 -2.38
2 77.75 100.09 -2.39
3 72.96 106.39 -1.72
4 70.22 121.32 -2.18
5 64.62 17.34 -3.86
6 157.22 93.09 0.79
7 80.08 129.99 -2.39
8 156.94 84.8 0.55
9 25.04 30.95 -8.53
10 295.15 108.44 23.41
11 37.26 35.72 -6.66
12 279.19 127.16 18.84
13 49.16 35.46 -5.7
14 70.37 99.24 -0.91
15 69.75 110.67 -1.94
16 72.94 126.93 -2.22
17 127.84 84.73 0.37
18 76.05 27.66 -2.73
19 147.05 115.47 0.28
20 284.35 124.68 19.65
21 254.79 139.98 12.01
22 71.03 115.48 -2.45
23 248.76 121.7 10.99
24 213.21 115.72 3.9
25 219.78 87.63 5.03
26 50.48 55.74 -5.69
27 31.72 33.93 -6.84
28 65.07 124.59 -3.45
29 63.78 87.74 -3.06
30 290.19 121.01 21.98
31 63.98 92.33 -2.09
32 292.0 119.0 12.19
33 225.0 78.0 3.45
34 61.0 107.0 -1.0
35 61.0 116.0 -1.71
1 76.08 113.67 -2.52
2 76.31 99.64 -3.09
3 71.7 106.06 -2.06
4 68.98 121.41 -2.54
5 62.35 15.21 -4.61
6 157.37 92.64 0.69
7 78.55 130.51 -2.71
8 157.1 84.49 0.44
9 20.31 28.24 -8.89
10 33.35 33.36 -7.16
11 288.51 127.88 21.97
12 45.97 33.47 -6.17
13 69.73 98.74 -1.95
14 68.45 110.59 -2.01
15 71.62 127.22 -2.66
16 127.82 84.5 0.19
17 74.41 26.19 -2.76
18 147.08 115.11 0.29
19 294.18 125.17 23.45
20 260.39 141.22 14.36
21 69.55 115.32 -2.54
22 254.35 121.76 12.39
23 214.75 115.62 4.64
24 222.19 86.34 5.47
25 47.03 54.02 -6.14
26 27.67 31.5 -7.41
27 63.14 124.71 -3.86
28 62.07 87.13 -4.38
29 62.79 91.81 -3.16
30 294.33 119.29 23.11
31 225.85 78.05 5.69
32 61.07 107.37 -3.39
33 60.88 116.28 -4.13
34 64.0 99.0 -1.47
1 74.48 112.87 -2.43
2 74.64 98.62 -2.72
3 70.57 105.1 -2.12
4 67.4 120.82 -2.32
5 60.0 11.87 -4.32
6 157.71 91.93 0.61
7 77.01 130.3 -2.51
8 157.28 83.66 0.49
9 15.38 24.29 -9.03
10 29.39 29.74 -7.54
11 42.55 30.2 -6.11
12 68.85 97.74 -2.18
13 67.25 109.79 -2.11
14 70.18 126.77 -2.53
15 127.9 83.64 0.12
16 72.36 23.21 -2.05
17 147.15 114.3 0.33
18 267.8 142.91 15.96
19 67.84 114.46 -2.3
20 260.88 121.85 14.05
21 217.36 114.95 4.8
22 224.99 84.23 6.35
23 43.45 51.23 -6.44
24 23.57 27.87 -7.99
25 61.06 124.23 -4.43
26 59.79 85.92 -4.25
27 61.13 90.76 -3.33
28 228.63 75.63 6.82
29 59.38 106.66 -3.74
30 58.61 115.39 -4.1
31 63.39 98.78 -1.94
32 265.0 128.0 8.11
33 56.0 99.0 -2.5
1 72.9 112.96 -2.14
2 72.76 98.64 -2.16
3 69.11 105.0 -1.57
4 65.91 121.05 -2.06
5 57.23 8.9 -3.91
6 157.94 92.04 1.0
7 75.25 131.09 -2.12
8 157.44 83.66 1.07
9 25.12 27.08 -7.63
10 39.28 27.98 -6.38
11 67.43 97.59 -1.85
12 65.87 109.8 -1.76
13 68.3 127.23 -1.86
14 127.76 83.68 0.57
15 71.31 21.94 -2.91
16 147.21 114.4 0.86
17 275.93 145.72 18.16
18 66.41 114.49 -2.14
19 268.03 123.0 16.43
20 219.55 115.57 6.11
21 228.14 82.98 7.31
22 39.81 49.4 -6.53
23 19.09 25.14 -8.02
24 58.29 124.21 -3.58
25 57.47 85.81 -4.7
26 59.3 90.64 -3.09
27 232.03 74.43 7.62
28 56.98 106.64 -3.48
29 55.97 115.43 -3.39
30 62.04 98.59 -1.27
31 266.33 128.38 16.25
32 55.37 98.8 -4.88
33 266.0 139.0 8.18
34 236.0 84.0 4.25
1 72.04 112.94 -2.98
2 71.87 98.39 -2.79
3 68.46 104.69 -2.4
4 65.08 121.24 -2.79
5 55.38 6.01 -4.79
6 158.61 91.76 0.55
7 74.48 131.54 -3.31
8 158.1 83.44 0.71
9 21.29 23.77 -8.77
10 35.92 24.84 -6.93
11 66.71 97.33 -2.32
12 65.19 109.72 -2.5
13 67.63 127.5 -3.15
14 128.24 83.5 0.07
15 70.17 19.77 -2.98
16 147.76 114.44 0.39
17 285.83 148.65 20.36
18 65.51 114.48 -2.92
19 276.93 123.99 17.88
20 223.09 115.42 5.75
21 232.33 81.56 7.36
22 36.65 47.28 -7.34
23 14.97 21.72 -9.02
24 56.62 124.36 -4.68
25 55.02 85.52 -5.58
26 57.68 90.39 -2.4
27 236.34 72.42 7.99
28 55.49 106.42 -3.55
29 54.46 115.31 -3.98
30 61.62 98.3 -1.35
31 275.09 129.46 17.69
32 53.14 98.48 -4.51
33 268.04 139.57 15.29
34 237.01 83.62 8.0
1 70.54 113.15 -3.11
2 70.23 98.55 -2.62
3 67.31 104.89 -2.71
4 63.6 121.52 -3.09
5 53.0 3.71 -4.56
6 159.04 91.92 0.32
7 72.84 132.12 -3.38
8 158.69 83.54 0.58
9 16.49 21.29 -9.07
10 32.34 22.74 -7.37
11 65.33 97.51 -2.32
12 63.81 109.91 -2.49
13 66.18 127.92 -3.18
14 128.36 83.73 0.01
15 68.32 18.08 -3.09
16 148.12 114.45 0.14
17 296.95 151.9 22.83
18 63.97 114.62 -2.98
19 286.44 125.03 20.46
20 226.41 115.7 6.22
21 236.4 80.27 7.93
22 32.84 45.7 -7.67
23 10.13 19.27 -9.04
24 54.13 124.59 -4.77
25 52.17 85.66 -5.42
26 55.82 90.4 -1.4
27 240.68 70.58 8.58
28 53.26 106.52 -2.89
29 52.16 115.38 -3.8
30 60.67 98.44 -1.23
31 284.5 130.63 20.23
32 50.12 98.55 -2.85
33 276.24 141.6 16.72
34 241.36 82.49 8.65
35 60.0 91.0 -0.82
1 68.6 112.89 -3.39
2 68.69 98.35 -3.21
3 65.64 104.63 -3.15
4 61.86 121.69 -3.35
5 159.21 91.73 0.14
6 70.8 132.84 -3.68
7 158.89 83.32 0.39
8 11.51 17.75 -9.45
9 28.36 19.75 -8.23
10 64.04 97.21 -3.23
11 62.28 109.7 -2.95
12 64.23 128.46 -3.65
13 128.3 83.59 -0.24
14 66.75 16.05 -3.56
15 148.15 114.51 0.07
16 62.17 114.54 -3.34
17 297.02 126.62 24.36
18 229.58 116.11 7.08
19 240.7 78.59 8.59
20 28.53 43.19 -8.7
21 51.47 124.71 -4.41
22 48.81 85.63 -5.66
23 55.02 90.05 -2.08
24 245.05 68.13 9.57
25 51.55 106.31 -2.72
26 49.9 115.24 -3.43
27 60.03 98.12 -2.06
28 295.0 132.36 24.88
29 48.4 98.34 -3.59
30 284.85 144.53 19.96
31 246.15 80.85 9.38
32 59.73 90.95 -2.1
33 48.0 93.0 -2.82
1 67.05 114.19 -3.29
2 67.1 99.46 -2.46
3 64.21 105.74 -2.58
4 60.06 122.77 -2.56
5 159.36 92.83 1.24
6 69.15 134.49 -3.3
7 159.16 84.37 1.18
8 6.36 15.8 -9.05
9 23.99 18.02 -8.0
10 62.44 98.32 -2.45
11 60.92 110.87 -2.59
12 62.49 129.74 -2.97
13 128.3 84.62 0.28
14 64.55 15.07 -3.04
15 148.26 115.68 0.75
16 60.46 115.66 -2.82
17 233.68 117.47 8.89
18 245.18 78.2 10.37
19 23.89 42.12 -8.39
20 49.01 126.11 -2.48
21 45.89 87.04 -5.49
22 54.18 90.99 -1.5
23 250.16 67.24 11.58
24 49.82 107.42 -1.47
25 47.87 116.35 -2.08
26 59.15 99.19 -1.88
27 46.62 99.45 -2.52
28 295.62 148.46 23.62
29 250.72 80.32 11.83
30 58.88 91.91 -1.98
31 47.36 93.28 -3.01
32 266.0 136.0 9.21
33 222.0 120.0 3.56
34 270.0 145.0 9.35
35 62.0 136.0 -1.27
36 269.0 127.0 9.28
37 276.0 160.0 10.15
38 39.0 108.0 -1.15
39 264.0 152.0 8.7
40 245.0 132.0 6.27
41 14.0 35.0 -4.45
42 212.0 116.0 2.98
43 24.0 21.0 -3.97
44 40.0 128.0 -3.08
1 64.95 113.65 -3.05
2 65.36 99.05 -2.71
3 62.36 105.37 -2.72
4 58.4 122.66 -2.69
5 159.65 92.5 1.14
6 67.05 134.83 -3.39
7 159.48 83.83 1.1
8 19.45 14.13 -8.77
9 60.68 97.87 -2.63
10 59.2 110.4 -2.74
11 60.52 129.84 -3.07
12 128.22 84.16 0.48
13 62.83 12.47 -3.47
14 148.36 115.35 1.12
15 58.65 115.23 -2.7
16 237.96 117.5 9.91
17 250.5 76.22 11.83
18 18.9 38.94 -9.32
19 47.05 125.85 -1.81
20 42.62 86.49 -4.75
21 52.93 90.26 -1.28
22 256.01 64.31 13.2
23 48.78 106.84 -1.88
24 46.4 115.84 -1.92
25 57.89 98.67 -2.52
26 44.61 98.93 -1.99
27 256.82 78.38 13.69
28 57.54 91.26 -2.55
29 44.82 92.59 -2.11
30 267.98 136.4 16.85
31 222.83 120.16 6.22
32 271.96 145.53 17.57
33 61.92 136.27 -3.34
34 270.88 127.24 17.45
35 278.18 160.97 18.61
36 38.71 107.98 -2.93
37 265.81 152.82 16.05
38 246.52 131.78 11.29
39 13.12 34.34 -9.62
40 212.32 115.98 5.08
41 23.31 20.17 -8.5
42 39.62 128.12 -6.56
43 37.0 95.0 -1.86
44 247.0 115.0 5.41
45 278.0 142.0 9.94
1 63.56 113.89 -4.25
2 64.31 99.26 -3.99
3 61.39 105.47 -4.27
4 57.2 122.91 -3.76
5 160.65 92.34 0.47
6 65.57 135.7 -4.17
7 160.44 83.75 0.34
8 15.15 11.44 -10.07
9 59.62 98.01 -3.88
10 58.09 110.54 -4.38
11 59.31 130.26 -4.08
12 128.69 84.1 0.01
13 60.89 10.4 -4.02
14 149.2 115.43 0.5
15 57.41 115.46 -3.89
16 243.59 117.51 10.47
17 257.02 73.65 12.11
18 14.28 36.81 -10.67
19 46.31 126.33 -2.57
20 39.85 86.84 -3.45
21 52.49 90.23 -1.69
22 263.28 60.85 14.08
23 48.18 107.03 -3.22
24 45.62 116.1 -2.79
25 56.87 98.76 -3.76
26 43.86 99.08 -2.43
27 264.38 75.82 15.16
28 56.41 91.29 -3.83
29 44.11 92.62 -2.51
30 277.16 138.03 18.43
31 226.4 120.3 6.05
32 281.52 147.55 19.21
33 60.49 137.02 -4.22
34 280.4 128.58 19.09
35 288.06 165.0 20.82
36 37.6 108.16 -3.9
37 274.58 156.09 17.34
38 252.56 133.21 11.78
39 8.29 32.14 -11.03
40 215.46 115.71 4.4
41 19.19 17.53 -9.9
42 36.41 128.58 -7.68
43 36.52 94.82 -3.23
44 248.08 114.87 10.55
45 280.08 142.17 19.06
46 30.0 105.0 -3.09
47 287.0 122.0 11.08
1 60.79 113.11 -4.09
2 61.85 98.76 -3.92
3 58.69 104.88 -4.01
4 54.82 122.52 -3.53
5 160.68 91.55 0.83
6 62.86 135.94 -4.16
7 160.44 82.92 0.49
8 57.28 97.47 -3.83
9 55.51 110.2 -4.12
10 56.5 130.06 -3.98
11 128.4 83.01 0.11
12 58.68 7.51 -3.86
13 149.11 114.85 0.81
14 55.1 114.9 -3.79
15 248.73 117.13 12.0
16 263.27 70.39 13.8
17 8.17 33.09 -11.11
18 44.61 125.98 -2.67
19 36.93 86.46 -2.29
20 51.29 89.27 -3.02
21 270.42 56.54 16.02
22 46.2 106.45 -2.64
23 43.74 115.43 -2.68
24 54.6 98.23 -3.81
25 42.26 98.55 -2.45
26 272.02 72.47 17.51
27 54.24 90.38 -4.1
28 42.41 91.88 -2.54
29 286.3 139.53 21.45
30 229.15 120.17 7.11
31 291.05 149.76 22.72
32 57.71 137.12 -4.14
33 289.77 129.55 22.51
34 34.9 107.49 -3.07
35 283.3 159.32 20.14
36 258.64 133.59 13.36
37 217.49 115.3 5.07
38 13.32 12.87 -9.61
39 31.84 128.39 -7.45
40 34.1 94.24 -2.47
41 253.32 114.47 12.06
42 289.49 143.9 22.15
43 28.95 104.99 -5.09
44 288.63 122.42 22.04
45 55.0 84.0 -2.68
46 28.0 86.0 -2.43
1 58.83 112.77 -4.41
2 59.94 98.57 -4.66
3 56.73 104.56 -4.55
4 53.04 122.35 -3.98
5 161.17 91.17 1.05
6 60.89 136.59 -4.44
7 160.77 82.34 0.56
8 55.44 97.06 -4.71
9 53.38 109.71 -4.43
10 54.67 130.29 -4.38
11 128.62 82.62 0.09
12 56.58 4.42 -4.27
13 149.76 114.4 0.67
14 53.16 114.63 -4.05
15 255.29 117.09 13.44
16 270.75 67.2 15.55
17 43.35 125.89 -2.85
18 36.04 85.67 -2.94
19 50.23 88.44 -4.2
20 278.97 51.99 18.06
21 44.61 105.88 -2.38
22 42.41 114.99 -2.73
23 52.76 97.74 -4.44
24 41.08 97.89 -2.41
25 281.23 69.17 20.22
26 52.42 89.61 -4.76
27 41.25 91.09 -2.6
28 297.84 141.7 24.81
29 233.33 120.32 7.73
30 55.71 137.68 -4.42
31 33.39 107.0 -3.23
32 294.25 163.15 23.2
33 266.29 134.86 15.39
34 220.15 115.05 5.8
35 8.03 8.68 -9.96
36 28.09 128.5 -8.66
37 33.04 93.5 -3.11
38 259.72 114.42 13.86
39 26.36 104.46 -4.53
40 54.71 83.91 -5.06
41 27.47 85.96 -3.93
42 23.0 79.0 -2.95
43 267.0 119.0 8.29
44 20.0 99.0 -2.58
1 56.39 112.32 -4.87
2 57.52 98.33 -5.2
3 54.33 104.17 -5.1
4 50.86 122.0 -4.46
5 161.77 90.55 0.81
6 58.45 137.01 -4.77
7 161.05 81.81 0.73
8 53.07 96.64 -5.3
9 50.93 109.47 -4.42
10 52.29 130.38 -4.67
11 128.66 81.91 0.19
12 150.15 114.0 0.56
13 50.91 114.2 -4.31
14 262.41 116.74 15.32
15 278.92 63.53 18.09
16 41.72 125.79 -2.71
17 34.44 85.06 -2.49
18 47.54 87.8 -3.3
19 288.57 47.03 20.35
20 43.41 105.52 -3.05
21 40.83 114.46 -2.81
22 50.42 97.42 -4.62
23 39.58 97.39 -2.13
24 291.54 65.35 22.84
25 49.41 89.04 -4.51
26 39.59 90.42 -2.05
27 237.38 120.23 8.76
28 53.3 138.14 -4.82
29 31.62 106.51 -2.94
30 274.25 136.32 17.92
31 223.32 114.61 6.05
32 23.36 128.76 -9.04
33 31.44 92.76 -2.68
34 266.9 114.07 15.79
35 23.53 103.82 -3.25
36 51.47 83.33 -4.76
37 25.31 84.93 -2.86
38 22.36 78.44 -4.64
39 268.55 118.58 16.09
40 19.54 98.73 -4.88
41 17.0 67.0 -5.35
42 36.0 109.0 -1.71
43 248.0 66.0 5.77
44 281.0 61.0 10.36
1 53.75 111.9 -5.31
2 54.6 97.49 -5.73
3 51.5 103.4 -5.65
4 48.47 121.37 -4.74
5 162.31 90.17 0.59
6 55.83 137.35 -4.92
7 161.49 81.19 0.97
8 50.17 95.76 -5.02
9 48.43 109.35 -4.05
10 49.64 130.06 -4.81
11 128.86 81.31 0.03
12 150.48 113.51 0.6
13 48.54 113.66 -4.26
14 270.54 116.81 17.04
15 288.63 59.75 20.26
16 40.25 125.35 -2.76
17 33.0 84.43 -2.65
18 45.76 86.86 -3.8
19 41.93 104.77 -2.69
20 39.44 113.64 -2.97
21 47.86 96.57 -4.22
22 38.58 96.62 -2.48
23 47.25 88.17 -4.48
24 38.61 89.48 -2.5
25 242.1 120.45 9.21
26 50.65 138.4 -4.99
27 29.96 105.62 -3.27
28 283.51 138.51 20.11
29 226.65 114.43 6.25
30 18.78 128.71 -11.13
31 29.66 91.89 -2.49
32 275.5 114.17 17.39
33 21.65 102.9 -3.2
34 49.19 82.46 -5.88
35 23.44 83.79 -2.77
36 19.58 76.98 -3.75
37 277.18 118.74 17.65
38 16.85 97.74 -4.17
39 16.06 66.17 -10.42
40 35.71 108.62 -2.64
41 249.08 64.65 10.81
42 283.32 59.78 18.79
43 23.0 92.0 -1.61
44 14.0 81.0 -3.23
45 11.0 70.0 -6.06
1 50.97 112.61 -5.71
2 51.63 97.71 -6.11
3 48.62 103.65 -5.27
4 45.79 122.16 -5.0
5 162.65 90.38 0.38
6 53.17 139.19 -5.8
7 161.93 81.39 0.88
8 47.22 96.03 -4.89
9 45.93 110.0 -3.93
10 47.01 131.25 -5.64
11 128.88 81.57 0.16
12 150.75 114.23 0.6
13 46.05 114.38 -4.34
14 279.68 117.64 18.9
15 38.55 126.31 -3.16
16 31.61 84.73 -2.84
17 43.71 87.2 -4.03
18 39.9 105.32 -3.0
19 37.47 114.22 -2.82
20 45.3 96.77 -3.72
21 37.14 96.84 -2.49
22 44.54 88.52 -3.87
23 37.23 89.65 -2.59
24 246.92 121.74 10.28
25 47.92 140.13 -5.8
26 28.3 106.21 -3.33
27 294.32 141.45 22.49
28 230.11 115.26 6.87
29 28.47 92.45 -3.04
30 284.75 115.07 19.75
31 20.0 103.44 -3.23
32 46.07 82.89 -5.8
33 22.12 83.93 -3.06
34 17.15 76.77 -3.37
35 286.66 119.83 19.88
36 14.11 98.22 -3.4
37 33.76 109.2 -2.35
38 255.06 62.46 11.52
39 293.2 56.07 21.59
40 22.67 92.45 -3.05
41 12.7 80.94 -4.2
42 14.0 71.0 -2.08
43 25.0 121.0 -1.54
44 247.0 67.0 5.05
1 47.76 113.39 -5.87
2 48.35 98.46 -6.64
3 45.41 104.46 -5.1
4 43.0 123.18 -5.48
5 162.86 91.3 0.67
6 49.93 141.07 -6.13
7 162.38 82.21 0.83
8 44.52 96.89 -4.65
9 43.83 110.73 -4.78
10 43.9 132.92 -6.08
11 128.79 82.47 0.11
12 151.01 115.0 0.73
13 43.63 115.3 -4.92
14 289.5 118.85 21.94
15 36.88 127.51 -4.22
16 29.46 85.43 -2.57
17 41.33 87.74 -4.41
18 38.7 106.12 -4.61
19 35.87 114.94 -3.47
20 42.93 97.62 -3.52
21 35.38 97.62 -2.59
22 42.11 89.1 -3.97
23 35.3 90.24 -2.73
24 252.33 123.39 11.45
25 44.63 141.83 -6.07
26 26.47 106.87 -3.68
27 233.66 116.36 7.82
28 26.37 93.18 -2.81
29 295.0 116.36 22.82
30 18.22 104.18 -3.32
31 42.75 83.56 -5.88
32 19.82 84.36 -2.64
33 15.49 77.4 -3.24
34 296.96 121.28 23.39
35 12.25 98.86 -3.54
36 32.53 109.87 -3.31
37 260.93 60.97 13.36
38 20.58 93.16 -2.8
39 10.36 81.4 -3.67
40 13.69 71.26 -2.78
41 24.59 121.25 -3.36
42 247.79 66.95 10.08
43 29.0 105.0 -1.85
44 278.0 104.0 9.49
45 223.0 117.0 2.64
1 44.65 114.09 -5.07
2 44.83 98.7 -5.24
3 42.97 104.87 -4.55
4 40.47 123.88 -5.97
5 163.3 91.4 1.11
6 47.09 142.88 -6.73
7 163.01 82.37 1.13
8 41.97 97.32 -3.53
9 41.61 111.43 -4.59
10 41.16 134.24 -6.63
11 129.1 82.32 0.31
12 151.62 115.35 0.37
13 41.34 116.08 -5.09
14 35.28 128.54 -5.01
15 28.6 86.17 -3.11
16 39.47 88.13 -4.55
17 36.58 106.67 -4.15
18 34.54 115.61 -3.96
19 41.44 98.05 -3.59
20 34.59 98.01 -3.06
21 40.48 89.39 -4.22
22 34.58 90.56 -3.62
23 258.72 124.38 12.9
24 41.78 143.7 -6.74
25 24.77 107.35 -3.24
26 238.04 116.82 8.72
27 25.24 93.56 -3.36
28 16.51 104.57 -2.9
29 39.91 84.11 -5.46
30 18.79 84.67 -3.13
31 13.45 77.41 -2.44
32 10.54 99.3 -3.18
33 31.3 110.41 -2.81
34 268.18 58.19 15.29
35 19.46 93.49 -3.32
36 8.0 81.43 -2.87
37 11.87 71.18 -2.04
38 23.34 121.85 -3.75
39 253.05 65.15 11.97
40 28.78 105.16 -2.51
41 279.86 104.12 19.18
42 223.59 117.12 5.78
43 26.0 116.0 -1.38
44 259.0 119.0 7.66
45 305.0 125.0 14.78
46 3.0 96.0 -1.6
1 41.42 114.0 -6.6
2 41.33 98.33 -4.72
3 39.85 104.55 -5.88
4 37.06 123.85 -6.48
5 163.81 91.2 0.45
6 43.26 144.0 -8.5
7 163.47 82.08 0.53
8 39.67 97.02 -4.01
9 38.58 111.3 -6.19
10 37.41 135.01 -8.34
11 129.09 81.91 -0.22
12 151.95 115.23 0.06
13 38.22 115.93 -6.4
14 32.44 128.86 -7.19
15 26.71 85.59 -3.41
16 36.65 87.52 -5.44
17 33.7 106.5 -5.15
18 32.05 115.47 -5.07
19 39.19 97.71 -4.01
20 32.63 97.64 -3.74
21 37.85 88.77 -5.11
22 32.38 89.87 -4.68
23 265.4 125.42 13.41
24 37.94 144.71 -8.47
25 22.67 107.03 -4.13
26 242.61 117.16 9.0
27 23.4 93.08 -3.75
28 14.79 104.18 -3.96
29 36.56 83.65 -6.66
30 16.88 83.92 -3.6
31 11.98 76.71 -3.61
32 8.5 98.78 -4.04
33 29.04 110.22 -3.89
34 276.21 54.13 16.27
35 17.6 93.03 -3.73
36 6.51 80.7 -4.07
37 10.69 70.4 -3.32
38 21.11 121.86 -4.73
39 259.58 61.79 12.03
40 27.1 104.84 -3.42
41 289.76 103.45 20.68
42 226.53 117.15 5.56
43 25.87 115.82 -4.32
44 260.49 119.23 13.14
45 2.63 95.72 -4.38
46 245.0 81.0 4.33
47 276.0 130.0 8.17
48 241.0 107.0 3.83
49 298.0 117.0 11.68
1 38.54 114.29 -8.8
2 38.35 98.78 -5.95
3 37.3 105.04 -8.08
4 33.58 124.34 -7.33
5 164.31 91.34 -0.07
6 38.99 145.5 -9.13
7 164.04 82.24 -0.07
8 37.3 97.66 -5.74
9 35.89 111.48 -7.68
10 33.22 135.6 -9.09
11 129.21 82.23 -0.96
12 151.98 115.48 0.04
13 35.16 116.22 -7.34
14 28.84 129.44 -8.05
15 31.46 106.7 -6.54
16 29.6 115.66 -6.43
17 36.71 98.29 -5.65
18 30.48 97.76 -5.4
19 29.71 89.8 -6.26
20 272.78 126.62 14.78
21 33.66 146.16 -9.11
22 20.71 107.17 -5.12
23 247.66 117.86 9.71
24 21.58 93.23 -4.74
25 12.88 104.31 -4.89
26 15.26 84.02 -4.78
27 9.88 76.62 -4.3
28 6.24 98.77 -4.7
29 27.74 110.42 -6.15
30 285.14 50.81 17.68
31 15.76 93.11 -4.69
32 8.63 70.22 -4.18
33 18.83 122.04 -5.6
34 266.22 59.47 13.28
35 25.63 105.02 -4.98
36 229.75 117.71 5.62
37 23.73 116.02 -5.4
38 267.7 120.34 14.64
39 245.72 80.59 8.71
40 277.58 130.39 16.08
41 241.63 106.81 7.96
1 33.27 115.16 -7.81
2 35.64 100.21 -8.43
3 32.57 105.65 -7.64
4 29.2 126.0 -7.86
5 163.91 92.1 0.64
6 33.62 147.89 -8.75
7 163.61 82.78 0.74
8 34.71 97.82 -8.29
9 30.98 112.21 -6.78
10 27.84 136.53 -8.84
11 128.29 82.4 0.02
12 151.75 116.31 0.23
13 30.48 116.91 -6.87
14 24.0 130.65 -7.86
15 27.32 107.37 -5.88
16 25.63 116.43 -6.58
17 34.21 98.48 -8.31
18 27.94 98.12 -7.49
19 26.72 89.85 -8.22
20 279.99 129.12 17.6
21 28.35 148.44 -8.78
22 17.36 107.5 -4.33
23 252.29 119.56 11.75
24 18.13 93.43 -4.37
25 9.78 104.55 -3.63
26 11.72 83.59 -3.8
27 7.38 76.53 -3.56
28 3.18 99.05 -3.4
29 23.88 110.85 -6.16
30 294.02 47.48 20.96
31 12.33 93.37 -3.72
32 6.36 69.91 -3.17
33 15.18 122.86 -4.88
34 272.49 57.35 15.95
35 22.58 105.36 -5.15
36 232.18 119.27 7.22
37 20.21 116.66 -5.25
38 274.81 122.53 17.43
39 249.74 80.24 11.02
40 285.41 133.23 19.57
41 245.24 108.18 10.3
42 13.0 113.0 -3.11
43 255.0 125.0 6.71
1 29.11 114.76 -9.09
2 31.62 99.75 -10.21
3 28.58 104.82 -8.37
4 25.57 126.26 -9.61
5 164.46 91.8 0.47
6 29.16 148.69 -9.97
7 164.3 82.35 0.38
8 30.82 97.39 -10.19
9 27.7 111.7 -8.81
10 23.36 136.21 -10.21
11 128.57 82.41 -0.3
12 152.0 116.19 0.13
13 27.37 116.56 -9.23
14 20.18 130.71 -9.14
15 24.57 107.13 -7.94
16 22.65 116.18 -9.0
17 30.34 97.64 -10.1
18 24.44 97.37 -8.61
19 22.7 88.83 -8.15
20 289.6 130.22 19.63
21 23.81 149.06 -9.96
22 15.43 107.24 -6.29
23 258.76 119.9 12.92
24 16.73 92.92 -6.59
25 7.91 104.22 -4.17
26 10.41 83.08 -4.26
27 5.51 75.79 -3.91
28 1.48 98.63 -4.01
29 21.21 110.65 -8.45
30 10.93 92.82 -4.2
31 4.41 69.07 -3.76
32 13.06 122.67 -5.89
33 281.59 53.09 17.2
34 20.39 105.02 -7.48
35 236.52 119.51 7.44
36 17.99 116.45 -7.46
37 284.35 123.44 19.38
38 255.94 78.45 11.78
39 296.12 134.64 21.81
40 251.11 107.96 11.06
41 12.7 112.97 -6.31
42 256.46 124.98 12.84
43 15.0 99.0 -3.89
44 280.0 128.0 9.44
45 268.0 62.0 8.06
1 24.38 113.79 -10.37
2 25.68 97.82 -10.15
3 24.23 104.05 -9.95
4 20.35 126.83 -10.01
5 164.53 91.42 0.86
6 23.62 150.63 -10.29
7 164.41 81.95 0.36
8 24.84 96.03 -10.02
9 23.27 111.11 -10.47
10 17.77 136.4 -10.22
11 128.4 81.83 -0.44
12 152.0 116.12 0.31
13 22.45 116.24 -10.37
14 15.15 131.02 -9.49
15 20.6 106.67 -10.0
16 17.91 115.95 -9.47
17 24.39 96.18 -9.95
18 19.15 96.69 -7.56
19 17.39 88.41 -7.18
20 18.33 150.86 -10.3
21 12.18 106.8 -7.95
22 265.4 120.51 14.81
23 12.82 92.43 -6.68
24 5.6 103.75 -4.27
25 7.79 82.3 -5.45
26 3.59 75.3 -3.93
27 -0.59 98.25 -3.77
28 16.82 110.42 -9.2
29 8.26 92.5 -5.36
30 2.72 68.42 -3.8
31 9.65 122.74 -6.68
32 290.43 48.8 19.55
33 16.66 104.55 -9.11
34 240.12 119.64 8.73
35 13.78 116.36 -8.21
36 294.44 124.62 22.57
37 262.05 76.14 13.18
38 256.71 107.79 12.42
39 8.88 112.81 -6.83
40 263.2 125.66 14.15
41 13.97 98.81 -7.01
42 281.62 128.08 18.63
43 269.54 61.16 14.94
44 270.0 67.0 7.61
45 249.0 121.0 5.59
46 262.0 70.0 7.01
47 263.0 78.0 7.18
48 238.0 118.0 4.18
49 4.0 98.0 -2.59
50 253.0 70.0 5.6
51 233.0 107.0 3.36
52 266.0 115.0 7.29
53 187.0 91.0 0.43
1 18.84 113.48 -11.3
2 20.38 97.06 -11.36
3 19.05 103.57 -11.3
4 14.76 126.91 -10.52
5 164.85 91.14 1.03
6 17.86 152.1 -11.0
7 164.64 81.43 0.36
8 19.59 94.92 -11.36
9 17.69 110.61 -11.23
10 12.12 136.44 -11.1
11 128.08 81.56 -0.22
12 152.05 115.96 0.87
13 16.93 115.83 -11.24
14 9.96 131.13 -10.6
15 15.49 106.29 -11.11
16 12.52 115.66 -10.13
17 19.17 94.74 -10.95
18 15.0 96.03 -9.33
19 13.64 85.72 -9.3
20 12.56 152.16 -11.01
21 8.09 106.43 -9.77
22 273.09 121.32 17.26
23 9.32 91.52 -8.79
24 3.31 103.34 -7.94
25 5.52 81.45 -9.15
26 1.28 74.46 -6.19
27 11.67 109.89 -10.16
28 6.05 91.78 -8.57
29 6.32 122.53 -9.18
30 11.83 104.01 -10.38
31 244.56 120.12 9.69
32 9.43 116.11 -9.92
33 269.14 73.66 15.08
34 263.33 107.66 14.06
35 5.36 112.47 -9.12
36 270.6 126.55 16.17
37 10.27 98.21 -8.94
38 291.47 129.43 21.68
39 277.59 57.43 17.07
40 271.42 66.46 15.57
41 249.81 121.12 10.81
42 263.3 69.5 14.16
43 264.35 77.46 14.37
44 238.57 118.09 8.5
45 3.48 97.89 -7.85
46 253.95 69.46 11.61
47 233.28 106.81 7.36
48 267.22 115.13 14.61
49 186.94 90.8 1.3
1 165.51 91.13 0.71
2 164.89 81.41 0.64
3 127.95 81.45 -0.57
4 152.42 116.0 1.07
5 282.03 122.46 19.24
6 249.97 120.93 10.42
7 277.1 71.18 16.9
8 270.87 107.68 15.72
9 279.16 127.87 17.68
10 286.52 53.71 19.27
11 279.53 63.75 17.42
12 255.71 121.98 12.0
13 270.8 66.91 15.82
14 271.91 75.29 16.25
15 243.19 118.63 9.1
16 260.0 67.06 12.76
17 237.42 106.82 7.84
18 275.05 115.71 16.32
19 187.56 90.49 1.46
20 292.0 129.0 10.91
1 165.96 90.43 0.63
2 165.2 80.69 0.72
3 127.84 80.78 -1.1
4 153.13 115.62 0.81
5 292.51 123.14 24.11
6 255.59 121.04 12.98
7 286.27 67.66 20.74
8 279.35 107.54 19.38
9 288.85 128.75 21.78
10 297.1 48.61 23.64
11 288.97 60.11 21.45
12 262.16 122.21 14.78
13 279.45 63.6 18.99
14 280.73 72.16 19.73
15 248.3 118.62 10.77
16 266.96 64.16 14.96
17 241.68 106.11 8.97
18 283.82 115.82 20.12
19 188.28 89.96 1.18
20 294.25 129.15 24.58
21 302.0 119.0 15.23
22 298.0 62.0 13.54
23 291.0 76.0 12.63
24 282.0 119.0 11.7
25 294.0 122.0 13.74
26 291.0 105.0 12.53
27 283.0 85.0 11.37
28 295.0 138.0 13.4
29 264.0 144.0 8.33
1 166.22 90.45 0.64
2 165.39 80.74 1.19
3 127.03 80.58 -0.26
4 153.47 116.03 0.84
5 261.47 122.0 15.04
6 295.88 64.44 23.88
7 288.32 107.86 21.91
8 299.01 130.59 24.4
9 268.87 123.29 16.83
10 288.37 60.4 20.97
11 289.84 69.42 22.18
12 253.32 119.4 12.31
13 274.06 61.34 16.46
14 246.1 106.04 10.48
15 293.08 116.59 22.89
16 189.11 89.64 1.13
17 292.72 74.97 23.3
18 283.62 119.07 21.06
19 296.15 122.3 24.83
20 292.75 104.91 22.92
21 284.61 84.46 20.23
22 265.31 144.44 15.29
23 265.0 69.0 6.99
24 304.0 132.0 12.31
25 307.0 100.0 12.67
26 304.0 52.0 12.3
27 256.0 104.0 6.39
1 166.62 90.67 -0.06
2 166.04 80.91 -0.02
3 126.74 80.67 -0.34
4 153.97 116.48 -0.39
5 270.24 123.61 13.96
6 278.76 125.17 15.44
7 300.59 56.33 20.91
8 260.39 120.53 11.2
9 283.56 57.78 15.82
10 252.21 106.32 9.39
11 189.53 89.61 0.58
12 295.73 120.5 20.3
13 296.38 82.99 19.67
14 273.99 147.64 14.57
15 266.4 68.89 12.21
16 257.48 104.3 10.42
17 310.0 118.0 13.51
18 284.0 132.0 8.61
19 305.0 50.0 11.2
20 161.0 92.0 -0.31
1 166.83 92.29 0.17
2 166.62 82.36 0.28
3 126.72 82.13 -0.68
4 154.27 118.34 0.35
5 278.16 126.53 16.99
6 287.34 128.23 18.94
7 266.82 122.98 13.47
8 292.12 55.95 19.06
9 257.62 107.85 11.29
10 190.21 90.94 1.29
11 282.1 152.65 17.27
12 272.98 67.33 15.22
13 263.43 105.79 12.35
14 285.78 132.9 18.78
15 161.04 92.36 -0.11
16 297.0 58.0 11.77
17 288.0 113.0 11.14
1 166.81 92.44 0.24
2 166.57 82.58 0.44
3 126.35 82.2 -1.09
4 154.09 118.54 0.54
5 286.36 128.24 19.71
6 296.54 130.0 21.7
7 273.53 124.19 15.08
8 262.92 108.26 13.36
9 190.62 91.02 1.32
10 290.62 156.15 19.43
11 280.58 65.36 16.87
12 269.28 106.2 14.77
13 295.11 134.69 21.13
14 160.84 92.53 -0.0
15 290.07 113.17 20.2
16 301.0 127.0 11.36
17 276.0 118.0 8.31
1 167.19 91.0 0.35
2 167.05 81.0 0.49
3 126.04 80.62 -0.89
4 154.75 117.61 0.18
5 297.29 128.42 22.18
6 281.84 123.48 17.13
7 270.57 106.48 14.47
8 191.67 89.26 1.07
9 290.02 60.19 19.35
10 277.66 104.45 17.19
11 161.07 91.06 0.11
12 277.59 118.2 17.17
13 258.0 123.0 6.68
14 286.0 129.0 10.46
1 167.17 91.16 0.36
2 167.13 81.14 0.58
3 125.25 80.39 -0.76
4 154.66 117.76 0.14
5 290.33 124.74 20.02
6 277.78 106.7 16.79
7 192.18 89.35 0.9
8 285.71 104.68 20.47
9 160.89 91.15 0.34
10 286.09 119.41 19.67
11 259.17 123.3 12.42
12 287.79 129.51 20.05
1 167.54 90.18 0.99
2 167.58 80.0 1.15
3 124.94 79.05 -0.14
4 154.94 117.05 0.74
5 286.9 105.7 21.89
6 192.77 88.27 1.88
7 297.08 103.84 26.61
8 161.21 90.16 1.37
9 266.08 123.36 16.42
10 300.0 105.0 14.99
11 251.0 126.0 7.68
12 291.0 96.0 14.05
1 167.68 88.95 0.42
2 167.83 78.55 0.45
3 124.46 77.69 -1.24
4 154.92 115.99 0.56
5 296.76 104.31 23.53
6 193.24 87.24 1.7
7 161.32 88.9 0.43
8 273.4 122.92 17.12
9 252.4 125.86 11.24
10 293.26 95.56 22.44
11 284.0 118.0 8.0
12 308.0 114.0 11.57
1 168.51 88.52 0.65
2 168.69 77.84 0.23
3 124.67 76.87 -1.52
4 155.68 115.76 0.7
5 194.68 86.8 1.79
6 162.55 88.49 0.07
7 284.0 123.51 19.36
8 259.57 126.48 12.85
9 285.5 118.45 19.32
10 262.0 99.0 8.33
11 261.0 120.0 8.33
12 267.0 48.0 8.41
13 251.0 50.0 6.3
1 168.45 88.78 0.85
2 168.59 78.28 0.47
3 123.27 77.31 -0.66
4 155.69 116.62 0.73
5 195.27 86.87 1.48
6 162.18 88.73 0.54
7 292.66 124.94 22.16
8 265.36 127.69 14.48
9 294.21 119.89 22.26
10 263.34 99.14 13.95
11 262.53 120.42 13.84
12 268.74 47.35 13.2
13 252.33 49.34 10.01
14 245.0 113.0 4.55
15 17.0 6.0 -6.07
16 268.0 116.0 6.87
17 184.0 118.0 0.15
18 280.0 134.0 8.14
19 166.0 58.0 0.05
1 169.35 89.49 0.43
2 169.03 78.75 0.33
3 123.16 77.84 -1.29
4 156.46 117.59 0.31
5 196.64 86.72 1.45
6 162.73 89.32 0.2
7 274.18 129.34 14.68
8 271.53 98.95 14.3
9 270.89 121.36 13.93
10 276.81 43.56 13.79
11 258.48 46.08 10.19
12 246.23 113.08 9.1
13 269.5 115.83 13.77
14 184.15 118.13 -0.01
15 281.59 134.14 15.86
16 166.08 57.96 0.08
17 127.0 80.0 -0.38
18 197.0 77.0 1.1
19 179.0 90.0 0.41
20 142.0 78.0 0.24
1 169.38 90.46 0.88
2 169.1 79.77 0.86
3 122.38 79.16 -1.2
4 156.56 118.71 0.68
5 197.24 87.48 1.53
6 162.72 90.22 0.64
7 281.69 131.62 18.84
8 278.86 99.33 18.43
9 278.03 123.26 18.01
10 283.71 40.69 18.02
11 263.46 44.42 13.67
12 250.66 114.13 11.66
13 276.45 117.59 17.82
14 184.04 119.16 1.03
15 289.83 136.56 20.75
16 166.01 58.31 0.6
17 126.88 79.68 -0.85
18 197.42 76.77 1.72
19 179.08 89.76 1.0
20 142.05 77.73 0.29
21 287.0 137.0 11.59
22 197.0 81.0 0.85
23 243.0 103.0 5.02
24 147.0 82.0 0.13
25 69.0 51.0 -4.36
26 277.0 110.0 10.53
27 165.0 94.0 0.44
28 191.0 122.0 0.76
1 170.04 89.53 0.48
2 169.69 79.14 0.79
3 121.84 78.12 -1.29
4 156.99 118.25 0.58
5 198.41 85.7 1.6
6 163.18 89.27 0.48
7 290.97 132.23 20.73
8 287.59 97.61 20.36
9 286.82 123.15 19.96
10 292.78 34.99 19.75
11 270.39 39.23 14.78
12 256.49 113.35 12.29
13 285.17 117.32 19.64
14 184.57 118.67 0.98
15 166.33 56.12 0.93
16 126.64 78.76 -0.95
17 198.52 76.12 1.66
18 179.61 88.84 0.69
19 142.34 76.5 0.1
20 289.06 136.71 20.57
21 197.44 80.36 1.56
22 244.05 102.63 8.53
23 147.11 81.32 0.15
24 68.39 50.21 -7.09
25 279.09 109.34 18.23
26 165.24 93.34 0.53
27 191.35 121.46 1.09
28 296.0 108.0 10.59
29 252.0 58.0 5.33
30 292.0 136.0 10.48
31 244.0 122.0 4.19
32 246.0 94.0 4.58
33 289.0 117.0 10.24
34 144.0 121.0 0.12
35 157.0 124.0 0.28
1 170.37 88.55 0.2
2 170.33 77.89 0.17
3 121.22 77.32 -1.61
4 157.52 117.45 -0.19
5 199.17 84.48 1.24
6 163.54 88.29 0.07
7 298.36 122.79 20.51
8 278.75 32.83 15.18
9 263.51 112.43 12.18
10 296.49 116.62 20.43
11 185.37 117.93 0.25
12 166.98 54.33 0.29
13 126.14 77.99 -1.07
14 199.37 74.81 1.09
15 180.23 87.91 0.17
16 142.43 75.48 -0.15
17 198.24 79.16 1.07
18 249.19 100.7 8.21
19 147.25 80.33 -0.19
20 64.22 46.97 -7.57
21 289.52 108.19 18.41
22 165.64 92.38 0.04
23 192.12 120.69 0.49
24 298.15 108.01 20.81
25 253.22 57.57 9.68
26 294.28 136.46 19.58
27 244.83 122.13 7.7
28 247.26 93.76 8.26
29 291.25 116.95 18.69
30 144.2 120.9 -0.34
31 157.29 124.08 -0.25
32 306.0 129.0 12.5
33 109.0 82.0 -1.49
1 170.66 88.4 0.36
2 170.72 77.32 0.69
3 120.5 76.54 -1.05
4 157.71 117.34 0.16
5 200.19 84.4 1.04
6 163.79 88.03 0.38
7 287.02 27.76 16.96
8 270.45 112.47 13.87
9 185.63 117.88 0.79
10 167.31 53.29 0.13
11 125.72 77.26 -0.67
12 200.33 74.49 1.03
13 180.43 87.62 0.66
14 142.52 74.76 0.04
15 199.18 78.71 0.93
16 253.67 100.28 9.78
17 147.38 79.66 0.02
18 60.74 44.16 -8.1
19 299.52 108.24 21.25
20 165.93 92.25 0.32
21 192.62 120.65 0.8
22 258.57 54.32 10.95
23 249.41 122.81 8.97
24 251.71 93.13 9.85
25 144.23 120.82 -0.1
26 157.45 123.96 0.09
27 108.89 82.03 -1.81
28 280.0 112.0 9.03
29 294.0 16.0 10.1
30 181.0 90.0 0.65
1 170.68 86.43 0.53
2 170.74 75.24 0.83
3 119.62 74.37 -1.0
4 157.52 115.58 0.55
5 200.67 82.02 1.16
6 163.75 86.03 0.6
7 295.88 20.61 17.46
8 277.32 110.94 15.37
9 185.71 116.21 0.69
10 167.24 50.48 0.37
11 125.1 75.07 -0.59
12 200.71 72.26 1.28
13 180.53 85.7 0.91
14 142.39 72.62 0.19
15 199.53 76.38 1.13
16 258.58 98.33 10.53
17 147.2 77.54 0.22
18 56.06 38.79 -7.85
19 165.83 90.28 0.58
20 192.75 119.05 1.1
21 264.1 49.7 11.51
22 253.94 121.76 9.53
23 256.66 90.66 10.49
24 143.94 119.45 0.25
25 157.23 122.25 0.44
26 107.48 80.03 -1.28
27 281.7 112.16 16.28
28 296.02 15.19 17.39
29 181.12 90.11 0.94
30 257.0 104.0 5.37
31 284.0 120.0 8.5
32 221.0 50.0 2.11
33 156.0 85.0 0.19
34 63.0 40.0 -3.6
35 142.0 110.0 0.03
1 171.07 85.24 0.57
2 171.44 73.77 0.82
3 119.33 72.84 -1.47
4 157.96 114.6 0.71
5 201.36 79.92 2.05
6 164.26 84.82 0.41
7 285.85 109.47 17.31
8 186.38 115.2 1.02
9 167.48 48.35 0.9
10 124.98 73.55 -0.78
11 201.51 70.81 2.15
12 181.23 84.47 0.98
13 142.57 71.39 0.19
14 200.26 75.06 2.06
15 264.59 96.54 11.87
16 147.44 76.17 0.23
17 51.68 34.82 -8.86
18 166.33 89.09 0.44
19 193.52 118.2 1.39
20 259.39 120.99 11.54
21 262.72 88.39 11.83
22 144.23 118.31 0.4
23 157.61 121.29 0.81
24 106.92 78.51 -1.61
25 290.74 110.65 18.29
26 181.78 88.91 1.05
27 258.17 103.78 11.04
28 285.86 119.99 17.17
29 221.52 49.88 4.35
30 156.12 84.99 0.39
31 62.21 39.71 -7.0
32 142.13 109.98 0.44
33 291.0 126.0 10.79
34 293.0 134.0 10.71
1 171.18 85.49 0.57
2 171.48 73.98 0.91
3 118.26 73.05 -2.2
4 157.96 115.14 0.78
5 201.81 79.88 2.36
6 164.25 85.13 0.29
7 294.33 109.58 22.59
8 186.38 115.56 1.05
9 167.45 48.08 0.95
10 124.3 73.72 -1.36
11 202.03 70.91 2.51
12 181.37 84.77 1.0
13 142.4 71.41 -0.06
14 200.66 75.19 2.49
15 270.14 96.05 15.11
16 147.26 76.24 0.15
17 46.58 32.56 -11.25
18 166.32 89.34 0.42
19 193.8 118.56 1.64
20 265.01 121.85 13.95
21 268.03 87.63 15.2
22 144.09 119.02 0.25
23 157.66 121.78 1.05
24 105.63 78.72 -2.3
25 299.7 110.71 25.94
26 181.93 89.23 1.02
27 263.31 103.6 13.99
28 294.22 120.64 22.09
29 223.45 48.37 5.65
30 156.0 85.14 0.55
31 58.36 38.18 -9.81
32 141.91 110.38 0.18
33 293.06 125.55 21.83
34 295.08 133.27 21.73
35 298.0 108.0 12.76
36 308.0 103.0 15.0
37 41.0 22.0 -7.47
38 274.0 100.0 8.51
1 171.76 83.78 0.14
2 172.4 72.15 -0.03
3 117.56 70.4 -2.43
4 158.76 113.95 0.31
5 203.66 77.8 1.05
6 164.67 83.35 -0.03
7 187.31 114.51 0.37
8 168.46 45.2 -0.1
9 123.91 71.13 -1.38
10 203.95 68.52 0.96
11 182.25 82.94 0.18
12 142.76 69.55 -0.5
13 202.55 72.7 0.97
14 277.73 93.76 14.19
15 147.7 74.19 -0.31
16 42.0 27.41 -11.21
17 166.84 87.61 0.05
18 195.05 117.82 0.87
19 272.15 120.98 13.8
20 275.87 84.8 13.48
21 144.61 118.41 -0.17
22 158.7 120.75 0.41
23 105.14 76.37 -2.68
24 182.84 87.42 0.2
25 270.62 101.44 12.89
26 226.65 44.12 3.23
27 156.57 83.08 0.03
28 54.3 33.3 -9.22
29 142.51 109.3 -0.32
30 300.22 108.2 20.87
31 40.2 20.94 -11.21
32 275.46 99.74 13.67
33 293.0 25.0 6.03
34 153.0 114.0 0.22
35 273.0 107.0 5.84
36 256.0 99.0 4.04
37 233.0 55.0 1.46
1 171.83 81.36 -0.16
2 172.43 69.44 -0.08
3 115.81 67.62 -1.86
4 158.81 111.94 -0.25
5 204.37 75.23 0.63
6 164.59 80.88 -0.11
7 187.44 112.48 0.15
8 168.5 41.42 -0.11
9 122.83 68.59 -1.09
10 204.69 65.72 0.54
11 182.41 80.53 -0.02
12 142.31 66.45 -0.38
13 203.34 69.95 0.38
14 286.72 89.95 13.36
15 147.41 71.39 -0.37
16 34.25 20.35 -8.82
17 166.8 85.18 -0.09
18 195.51 115.95 0.4
19 280.64 119.34 13.01
20 284.54 80.46 12.49
21 144.34 116.42 -0.39
22 158.82 118.78 -0.36
23 103.18 73.4 -2.04
24 183.05 85.05 -0.05
25 278.65 98.35 11.98
26 229.43 38.78 2.38
27 156.56 80.59 -0.06
28 47.79 26.92 -7.29
29 142.09 107.45 -0.32
30 32.41 13.59 -8.83
31 283.98 96.58 12.96
32 294.48 24.35 12.97
33 153.06 114.56 -0.17
34 274.42 107.26 11.06
35 256.74 99.42 8.11
36 233.39 54.99 3.32
37 137.0 73.0 -0.39
38 297.0 92.0 8.77
39 235.0 19.0 2.79
40 198.0 70.0 0.18
1 171.97 86.55 1.78
2 172.48 74.59 1.18
3 114.9 72.91 -0.77
4 159.24 117.18 0.98
5 204.91 79.97 2.49
6 164.75 86.12 1.54
7 187.89 117.5 1.57
8 168.27 46.66 1.26
9 122.44 74.04 0.14
10 205.1 70.72 2.49
11 182.47 85.65 1.53
12 142.23 71.97 0.97
13 203.65 74.96 2.47
14 293.68 94.01 18.65
15 147.37 77.03 0.86
16 29.37 24.31 -9.45
17 167.04 90.36 1.51
18 196.26 120.89 1.65
19 287.58 124.84 17.84
20 291.05 84.12 17.84
21 144.59 121.82 0.99
22 159.23 124.01 1.16
23 102.22 78.84 -1.01
24 183.09 90.17 1.49
25 285.12 102.88 16.8
26 230.22 43.23 5.71
27 156.64 85.81 1.21
28 43.81 31.38 -7.62
29 142.33 112.71 0.72
30 27.58 17.3 -9.53
31 290.82 100.95 18.1
32 300.64 24.99 18.67
33 153.36 119.79 1.48
34 280.37 112.19 15.66
35 261.38 103.63 11.78
36 234.92 58.81 6.96
37 136.88 72.46 0.9
38 299.05 90.79 20.12
39 235.57 17.54 6.78
40 198.1 69.53 2.1
41 292.0 84.0 11.4
42 269.0 108.0 8.63
43 268.0 56.0 7.72
44 119.0 85.0 0.63
45 194.0 78.0 1.72
1 171.78 89.79 1.31
2 172.56 77.73 0.79
3 113.99 75.09 -1.74
4 158.52 120.3 1.34
5 205.23 83.11 2.48
6 164.52 89.14 1.18
7 187.64 121.02 1.6
8 168.76 49.37 0.59
9 121.86 76.38 -0.62
10 205.35 74.3 2.62
11 182.47 89.03 1.16
12 142.07 74.68 0.7
13 203.82 78.47 2.47
14 302.24 98.63 21.4
15 147.19 79.6 0.58
16 24.62 22.49 -12.02
17 166.75 93.54 1.29
18 195.98 124.6 1.61
19 295.6 131.21 19.68
20 299.37 87.71 19.75
21 143.96 124.76 0.69
22 158.37 127.14 1.49
23 101.13 80.84 -1.95
24 183.06 93.55 1.18
25 292.73 107.8 18.23
26 232.96 45.31 5.2
27 156.55 88.83 0.66
28 40.01 30.3 -9.75
29 141.77 115.27 0.55
30 22.79 15.18 -12.15
31 299.17 105.72 19.96
32 152.91 122.85 0.98
33 287.33 117.61 16.65
34 266.37 107.96 12.69
35 237.91 61.6 6.82
36 136.72 75.38 0.72
37 238.75 19.08 6.81
38 198.29 72.95 2.07
39 294.24 84.41 18.64
40 270.6 108.58 13.11
41 269.57 55.97 12.47
42 119.04 84.64 -0.62
43 194.13 78.26 1.43
44 243.0 52.0 2.86
45 108.0 50.0 -1.63
46 305.0 97.0 9.78
47 238.0 34.0 2.33
1 173.84 87.23 -0.21
2 173.82 75.05 -0.14
3 114.08 73.35 -2.9
4 160.47 118.23 -0.41
5 207.89 79.93 0.81
6 166.45 86.51 -0.42
7 189.76 118.64 -0.15
8 169.73 45.9 -0.4
9 122.67 74.62 -1.91
10 208.15 70.8 0.76
11 184.44 86.37 -0.22
12 143.26 72.44 -0.42
13 206.58 75.0 0.67
14 148.35 77.38 -0.51
15 18.47 17.44 -13.17
16 168.71 90.89 -0.27
17 198.23 122.05 -0.05
18 145.85 122.91 -1.05
19 160.72 125.1 -0.66
20 101.15 78.59 -3.21
21 185.0 90.88 -0.24
22 304.19 103.46 18.76
23 237.06 39.58 3.86
24 158.18 86.36 -0.76
25 35.45 25.87 -11.1
26 143.41 113.12 -0.99
27 16.52 9.82 -13.38
28 155.04 120.85 -0.76
29 298.03 114.12 16.52
30 274.67 103.92 11.77
31 242.77 56.18 5.78
32 137.81 73.07 -0.35
33 243.69 11.64 5.68
34 200.68 70.11 0.56
35 279.29 104.54 12.36
36 277.75 48.49 11.7
37 119.7 82.52 -1.86
38 196.32 75.51 -0.05
39 243.85 50.44 5.83
40 107.91 48.77 -2.68
41 239.27 31.76 4.56
42 212.0 74.0 0.97
43 104.0 76.0 -1.24
44 95.0 74.0 -1.45
45 120.0 42.0 -0.34
46 203.0 123.0 0.87
47 238.0 63.0 2.82
1 172.99 88.72 0.11
2 173.11 76.51 0.32
3 111.7 74.38 -3.17
4 159.68 119.85 -0.12
5 207.63 81.58 1.36
6 165.48 88.15 0.01
7 189.17 120.38 0.2
8 169.38 46.75 -0.16
9 120.87 75.56 -1.01
10 207.84 72.41 1.5
11 183.56 87.83 0.21
12 142.32 73.82 -0.34
13 206.18 76.58 1.28
14 147.44 79.3 -0.19
15 167.74 92.52 0.05
16 197.61 123.77 0.45
17 144.3 124.06 -0.37
18 159.73 126.78 -0.08
19 98.5 79.22 -3.12
20 184.16 92.43 0.25
21 238.28 39.71 4.97
22 156.93 88.16 0.01
23 28.53 23.29 -11.56
24 141.98 115.15 -0.36
25 153.51 122.49 -0.29
26 280.08 105.93 13.89
27 245.16 56.3 7.0
28 136.89 74.51 -0.35
29 245.78 10.79 7.26
30 200.3 71.22 1.13
31 285.01 106.57 14.88
32 282.97 47.73 14.18
33 117.98 83.51 -1.28
34 195.48 76.77 0.68
35 246.32 50.32 7.09
36 105.88 49.28 -3.04
37 240.43 31.69 6.09
38 211.88 74.01 1.53
39 103.43 75.77 -3.17
40 94.33 73.71 -3.07
41 119.75 41.8 -1.17
42 202.98 123.09 0.94
43 238.14 62.81 5.25
1 173.33 89.2 0.35
2 173.48 76.69 0.18
3 110.54 74.74 -2.81
4 159.77 120.43 0.06
5 208.62 82.0 1.72
6 165.71 88.55 0.2
7 189.36 121.14 0.75
8 169.21 46.38 0.38
9 120.54 76.28 -1.21
10 208.81 72.51 1.73
11 183.82 88.36 0.74
12 142.37 73.92 -0.36
13 207.08 76.65 1.36
14 147.48 79.25 -0.22
15 168.11 92.88 0.22
16 197.87 124.5 1.25
17 144.25 124.82 -0.26
18 159.84 127.4 0.0
19 97.22 78.98 -3.17
20 184.45 92.96 0.77
21 241.23 38.33 5.65
22 157.12 88.42 0.01
23 23.04 20.16 -13.02
24 141.88 115.7 -0.27
25 153.63 123.02 -0.14
26 287.71 106.43 15.72
27 249.1 54.73 7.63
28 136.95 74.56 -0.43
29 249.67 7.79 7.85
30 201.03 71.44 0.97
31 293.14 107.08 17.07
32 290.71 44.91 15.95
33 117.42 83.77 -1.26
34 196.02 77.24 0.74
35 250.27 48.7 7.82
36 104.67 48.71 -2.88
37 243.95 29.7 6.64
38 212.88 74.16 2.05
39 102.09 75.76 -3.06
40 92.88 73.6 -3.36
41 119.44 41.21 -1.37
42 203.6 123.78 1.53
43 241.01 61.85 6.21
44 246.0 52.0 4.16
1 172.98 88.07 0.73
2 173.33 75.38 0.49
3 108.55 73.32 -2.96
4 159.37 119.52 0.44
5 208.98 80.76 2.21
6 165.34 87.38 0.55
7 189.23 120.27 1.3
8 169.13 44.13 0.69
9 119.53 75.37 -1.19
10 209.35 71.27 2.18
11 183.67 87.18 1.08
12 141.8 72.5 -0.09
13 207.44 75.53 1.59
14 147.18 77.77 -0.01
15 167.61 91.79 0.7
16 197.88 123.74 1.3
17 143.73 124.09 0.1
18 159.42 126.52 0.38
19 95.12 76.74 -3.4
20 184.29 91.76 1.2
21 243.85 34.97 6.86
22 156.91 87.6 0.18
23 15.53 14.09 -13.24
24 141.43 114.42 0.03
25 152.95 122.21 0.38
26 295.52 105.38 17.85
27 252.71 51.61 8.9
28 136.39 73.27 -0.13
29 201.4 70.1 1.2
30 301.55 106.06 19.71
31 298.79 39.95 18.14
32 116.38 82.3 -1.13
33 196.07 76.0 0.83
34 253.94 45.46 9.13
35 102.66 46.68 -3.02
36 247.28 25.34 7.19
37 213.42 72.84 2.49
38 100.0 73.71 -3.15
39 90.63 71.53 -3.17
40 118.42 38.52 -1.16
41 203.76 123.13 1.35
42 243.82 59.16 6.81
43 246.6 51.52 7.33
44 304.0 99.0 9.95
1 173.48 86.43 0.38
2 173.77 73.47 0.54
3 107.16 71.6 -2.9
4 159.69 118.18 0.28
5 210.35 78.89 1.89
6 165.77 85.79 0.41
7 189.92 118.87 0.96
8 169.51 41.51 0.61
9 118.82 73.41 -1.5
10 210.56 69.39 1.97
11 184.48 85.57 0.48
12 141.83 70.57 -0.1
13 208.48 73.65 1.97
14 147.22 75.89 -0.05
15 168.14 90.19 0.42
16 199.05 122.35 0.84
17 143.87 122.83 -0.03
18 159.78 125.23 0.22
19 93.14 74.35 -3.46
20 185.11 90.31 0.59
21 247.4 30.89 7.15
22 157.04 85.72 0.2
23 141.52 112.82 -0.06
24 153.25 120.79 0.29
25 257.77 47.44 9.11
26 136.39 71.29 -0.14
27 202.07 68.24 1.47
28 115.67 80.36 -1.42
29 196.75 74.31 0.73
30 259.11 40.99 9.47
31 101.2 44.89 -2.93
32 251.23 20.58 7.45
33 214.99 70.94 2.37
34 98.33 71.97 -3.13
35 88.67 69.21 -3.33
36 117.58 35.22 -1.06
37 205.14 121.66 1.02
38 247.75 55.63 7.24
39 250.86 47.71 7.65
1 173.74 86.18 0.28
2 173.88 72.88 0.8
3 104.92 71.58 -2.35
4 159.76 118.12 0.31
5 211.34 78.38 2.09
6 165.89 85.46 0.39
7 190.48 118.88 1.0
8 169.82 40.12 0.59
9 118.02 72.73 -1.2
10 211.7 68.65 1.86
11 184.74 85.4 0.55
12 141.64 69.94 -0.05
13 209.21 72.94 2.15
14 147.1 75.32 -0.04
15 168.28 89.89 0.37
16 199.16 122.43 1.37
17 143.67 122.86 0.11
18 159.8 125.22 0.35
19 91.24 73.23 -3.8
20 185.49 90.15 0.64
21 250.88 27.52 7.47
22 157.08 85.42 0.24
23 141.35 112.71 0.01
24 153.25 120.78 0.41
25 262.57 44.47 9.48
26 136.2 70.64 -0.13
27 202.71 68.16 1.33
28 114.88 79.61 -1.22
29 196.92 74.45 0.75
30 263.97 37.67 10.12
31 99.23 44.64 -2.87
32 255.08 16.76 7.93
33 216.29 70.26 2.41
34 96.34 70.74 -3.13
35 86.99 68.32 -3.75
36 117.13 33.76 -1.16
37 205.1 121.97 1.7
38 251.42 53.28 7.9
39 254.75 45.24 8.32
1 173.9 85.55 0.65
2 174.38 71.94 0.85
3 103.86 70.37 -3.07
4 159.95 117.62 0.34
5 212.55 77.59 2.38
6 166.18 84.71 0.34
7 190.93 118.54 1.21
8 170.21 38.4 0.74
9 117.19 71.22 -1.1
10 212.83 67.64 2.35
11 185.0 84.66 0.88
12 141.7 68.95 0.01
13 210.64 72.08 2.18
14 147.15 74.36 0.05
15 168.56 89.25 0.37
16 200.06 122.16 1.25
17 143.77 122.46 0.07
18 159.99 124.76 0.47
19 88.94 71.41 -4.22
20 185.76 89.46 0.87
21 254.92 23.77 7.89
22 157.23 84.55 0.24
23 141.39 112.14 0.01
24 153.51 120.34 0.57
25 267.69 41.06 10.7
26 136.21 69.71 -0.05
27 203.7 67.48 1.46
28 114.11 78.24 -1.26
29 197.5 74.38 0.75
30 269.5 33.79 11.17
31 97.89 43.17 -3.27
32 259.61 12.32 8.14
33 217.64 69.2 2.89
34 94.67 69.88 -3.34
35 84.63 66.6 -4.02
36 116.42 31.17 -1.11
37 206.33 121.59 1.58
38 255.72 50.39 8.51
39 259.32 41.93 9.11
1 174.06 85.46 0.65
2 174.69 71.68 0.94
3 101.94 72.11 -3.02
4 160.07 117.82 0.44
5 213.57 77.46 2.54
6 166.31 84.64 0.5
7 191.48 118.61 0.8
8 170.42 37.26 1.06
9 116.57 70.84 -1.21
10 213.76 67.6 2.82
11 185.38 84.68 0.93
12 141.53 68.66 0.22
13 211.54 71.76 2.55
14 146.99 74.1 0.25
15 168.66 89.18 0.57
16 200.58 122.16 0.95
17 143.67 122.67 0.2
18 160.15 124.96 0.55
19 86.92 70.52 -4.38
20 186.18 89.48 0.97
21 258.85 20.32 8.64
22 157.31 84.42 0.37
23 141.29 112.24 0.1
24 153.59 120.53 0.8
25 273.39 37.52 11.19
26 135.99 69.55 0.1
27 204.18 67.24 1.74
28 113.42 77.87 -1.28
29 197.74 74.4 0.99
30 275.46 29.83 12.22
31 95.71 42.04 -3.22
32 263.76 8.22 9.57
33 219.12 69.06 3.0
34 92.64 69.3 -3.28
35 82.71 65.85 -4.24
36 115.81 29.89 -1.35
37 207.01 121.66 1.58
38 260.1 47.72 9.2
39 263.92 38.96 9.85
40 188.0 114.0 0.25
1 174.71 84.69 0.23
2 175.44 70.55 0.41
3 100.57 71.06 -3.87
4 160.45 117.25 0.33
5 215.36 75.96 2.11
6 166.7 83.69 0.34
7 192.34 118.17 0.56
8 171.13 35.17 0.77
9 116.15 69.43 -1.83
10 215.65 66.62 2.08
11 186.05 83.98 0.67
12 141.86 67.58 -0.24
13 213.3 70.74 2.0
14 147.34 72.86 -0.23
15 169.13 88.39 0.29
16 201.61 121.64 0.66
17 143.96 122.21 -0.19
18 160.62 124.46 0.3
19 84.46 68.54 -4.97
20 186.81 88.77 0.64
21 263.79 15.63 8.7
22 157.63 83.25 0.25
23 141.45 111.54 -0.15
24 154.39 119.89 0.13
25 279.46 33.56 11.89
26 136.28 68.73 -0.35
27 205.42 66.46 1.29
28 112.88 76.58 -1.87
29 198.4 74.72 0.87
30 282.12 25.22 12.96
31 221.1 68.03 2.72
32 91.07 67.23 -4.07
33 80.4 64.21 -4.98
34 115.2 27.11 -1.61
35 208.38 121.31 1.24
36 265.28 44.22 9.27
37 269.43 34.98 10.32
38 188.15 113.88 0.54
39 131.0 69.0 -0.07
40 155.0 96.0 0.16
1 174.75 84.46 0.33
2 175.69 70.22 0.54
3 98.37 69.97 -3.9
4 160.55 117.26 0.69
5 216.43 75.92 2.3
6 166.83 83.52 0.59
7 192.31 118.22 1.65
8 171.63 33.71 0.49
9 115.12 68.45 -1.49
10 216.91 66.43 2.35
11 186.43 83.77 0.79
12 141.71 67.23 -0.01
13 214.44 70.38 2.11
14 147.21 72.34 0.06
15 169.25 88.17 0.52
16 201.52 121.76 1.9
17 143.78 122.3 0.01
18 160.72 124.51 0.64
19 81.94 67.31 -5.36
20 187.24 88.72 0.69
21 268.67 11.73 8.82
22 157.7 82.94 0.65
23 141.35 111.48 -0.04
24 154.41 119.93 0.4
25 286.0 29.62 12.59
26 136.05 68.33 -0.08
27 206.09 66.15 1.34
28 111.87 75.69 -1.42
29 198.8 74.38 0.99
30 289.21 20.63 13.58
31 222.26 67.86 3.27
32 88.76 65.5 -4.19
33 77.88 63.31 -5.49
34 114.34 25.18 -1.56
35 208.66 121.58 2.14
36 270.29 41.47 10.27
37 275.01 31.43 11.1
38 188.32 113.88 1.02
39 130.95 68.79 -0.34
40 154.99 95.75 0.44
1 174.99 84.29 0.59
2 175.95 69.66 0.54
3 96.41 68.98 -4.21
4 160.97 117.43 0.5
5 217.73 75.3 2.48
6 167.22 83.4 0.45
7 193.17 118.4 1.4
8 172.03 32.32 0.45
9 114.24 67.53 -1.36
10 218.04 65.68 2.64
11 186.91 83.6 0.9
12 141.7 66.88 -0.04
13 215.57 69.55 2.47
14 147.28 71.85 -0.01
15 169.56 88.01 0.59
16 202.47 121.94 1.69
17 143.85 122.52 -0.03
18 161.1 124.66 0.49
19 79.0 66.06 -5.46
20 187.58 88.55 1.08
21 273.61 7.1 8.69
22 158.16 82.72 0.35
23 141.35 111.56 -0.03
24 154.68 120.19 0.24
25 292.73 25.19 13.0
26 136.04 68.04 -0.18
27 206.83 65.77 0.75
28 110.89 74.85 -1.16
29 199.4 74.22 0.83
30 296.58 15.56 13.88
31 224.34 67.12 2.72
32 86.66 63.99 -4.4
33 75.01 62.67 -5.67
34 113.46 23.34 -1.67
35 209.84 121.8 2.04
36 275.84 37.98 10.07
37 280.97 27.31 11.43
38 188.84 114.1 1.29
39 130.85 68.54 -0.44
40 155.32 95.68 0.21
41 198.0 119.0 0.64
1 175.34 85.0 0.03
2 176.35 70.21 0.08
3 93.93 68.9 -4.2
4 161.34 118.47 0.01
5 219.09 75.35 2.04
6 167.52 84.13 -0.03
7 194.07 119.34 0.64
8 172.25 31.89 0.09
9 113.61 67.68 -1.8
10 219.64 65.88 1.99
11 187.4 84.33 0.33
12 141.78 67.47 -0.69
13 216.93 69.54 1.89
14 147.38 72.38 -0.74
15 169.9 88.73 -0.04
16 203.52 122.89 0.9
17 143.85 123.69 -0.44
18 161.54 125.73 0.01
19 76.17 65.72 -6.51
20 188.21 89.29 0.42
21 278.42 3.44 8.43
22 158.43 83.29 -0.22
23 141.33 112.5 -0.5
24 154.88 121.29 -0.16
25 300.04 21.25 13.05
26 136.02 68.62 -0.67
27 207.53 66.34 0.27
28 110.45 75.13 -1.7
29 200.0 75.46 0.37
30 304.43 11.05 13.8
31 225.82 67.47 2.53
32 84.13 63.97 -5.11
33 71.99 62.87 -6.69
34 112.68 22.43 -2.25
35 211.1 122.8 1.35
36 281.59 35.2 10.27
37 287.39 23.63 11.47
38 189.53 115.03 0.67
39 130.57 69.18 -1.05
40 155.5 96.55 -0.1
41 198.14 119.39 0.68
42 104.0 74.0 -1.39
43 205.0 94.0 0.18
44 234.0 67.0 1.66
45 141.0 60.0 -0.62
46 193.0 80.0 -0.07
1 175.6 85.87 0.19
2 176.5 70.61 0.26
3 91.86 69.03 -4.4
4 161.49 119.55 -0.05
5 220.41 75.97 2.53
6 167.65 84.95 0.1
7 194.66 120.37 0.66
8 172.5 31.57 0.38
9 112.66 68.16 -1.99
10 220.8 66.49 2.89
11 187.8 85.17 0.43
12 141.59 68.15 -0.78
13 218.22 69.94 2.35
14 147.16 72.85 -0.77
15 170.13 89.61 0.06
16 204.22 123.96 0.76
17 143.79 124.91 -0.49
18 161.63 126.93 -0.03
19 72.91 65.39 -7.52
20 188.67 90.2 0.59
21 158.49 84.14 -0.21
22 141.31 113.71 -0.7
23 154.97 122.43 -0.16
24 135.77 69.32 -0.65
25 207.64 66.83 1.75
26 109.57 75.53 -1.78
27 200.28 76.16 1.21
28 227.27 68.06 3.37
29 68.62 62.94 -7.98
30 111.62 21.76 -2.87
31 212.05 123.83 1.18
32 287.32 32.52 12.11
33 190.26 116.01 0.34
34 130.35 69.76 -1.34
35 155.53 97.57 -0.12
36 198.74 120.45 0.7
37 103.88 74.27 -2.88
38 205.05 94.27 1.33
39 234.52 66.97 3.82
40 140.91 60.16 -0.85
41 193.03 80.24 0.56
1 175.56 86.18 -1.13
2 176.53 70.86 -1.01
3 89.46 69.58 -2.77
4 161.45 120.25 -1.38
5 221.52 75.85 -0.38
6 167.63 85.45 -1.2
7 194.83 120.99 -1.16
8 172.46 30.88 -0.83
9 111.71 68.44 -2.0
10 221.82 66.53 -0.11
11 187.88 85.55 -1.27
12 141.13 68.42 -1.41
13 219.06 70.14 -0.24
14 146.69 72.85 -1.39
15 204.59 124.61 -0.83
16 143.48 125.76 -1.64
17 161.6 127.76 -1.2
18 188.87 90.59 -1.56
19 158.33 84.5 -1.02
20 140.93 114.17 -1.59
21 154.86 123.1 -1.53
22 135.37 69.7 -1.62
23 208.2 66.79 -1.04
24 108.73 75.74 -1.84
25 200.54 76.37 -0.97
26 228.56 68.11 -0.14
27 64.5 62.12 -4.24
28 110.29 20.71 -1.95
29 212.73 124.54 -0.56
30 293.47 28.95 3.82
31 190.44 116.58 -1.61
32 129.51 70.23 -1.47
33 198.99 121.12 -1.15
34 102.49 74.19 -2.21
35 205.41 94.75 -0.73
36 235.91 66.91 0.03
37 140.42 60.44 -1.14
38 193.12 80.62 -1.48
1 174.31 80.31 0.0
2 175.71 64.2 -0.3
3 85.84 61.76 0.14
4 159.87 114.63 0.16
5 221.89 68.99 -0.61
6 166.66 79.28 -0.28
7 193.52 115.61 0.16
8 172.29 21.4 -0.76
9 109.57 61.1 -0.14
10 222.77 59.32 -1.01
11 187.09 79.37 -0.57
12 139.67 61.37 -0.09
13 219.67 63.36 -0.7
14 145.43 65.91 -0.19
15 203.27 118.74 0.45
16 141.63 119.81 0.18
17 160.04 123.0 0.33
18 187.7 84.47 -0.38
19 157.23 78.33 -0.11
20 139.1 109.44 0.11
21 153.39 117.61 -0.06
22 133.7 63.29 -0.06
23 208.05 60.34 -0.88
24 106.49 68.42 -0.18
25 200.25 69.27 -0.1
26 229.83 60.69 -1.36
27 59.04 53.76 0.3
28 108.01 10.79 -0.56
29 211.52 119.21 0.43
30 300.24 18.04 -2.57
31 188.79 110.96 -0.01
32 127.57 63.67 -0.26
33 197.72 115.65 0.15
34 99.47 66.3 0.07
35 204.81 88.07 -0.15
36 237.74 59.11 -1.77
37 139.08 53.3 -0.06
38 192.33 74.37 -0.65
1 174.11 91.07 0.45
2 175.13 75.23 0.51
3 86.54 72.82 0.18
4 159.76 123.21 0.59
5 220.7 79.43 0.93
6 166.19 89.86 0.47
7 193.41 125.39 0.75
8 171.41 34.86 0.65
9 109.64 72.93 0.13
10 221.23 71.73 0.86
11 186.1 90.07 0.91
12 139.61 73.88 0.16
13 218.39 74.17 0.88
14 145.23 77.75 0.18
15 203.34 127.73 0.78
16 141.63 129.5 0.37
17 160.01 132.41 0.69
18 187.07 94.95 0.75
19 156.99 87.85 0.3
20 139.02 117.84 0.47
21 153.35 127.07 0.17
22 133.71 73.94 0.03
23 206.85 72.32 0.52
24 106.61 80.49 0.3
25 199.41 80.83 1.15
26 227.85 73.85 0.92
27 60.19 65.16 -0.19
28 108.41 24.5 -0.06
29 211.43 128.47 0.96
30 296.6 31.73 1.61
31 188.46 120.9 0.85
32 127.57 74.5 0.52
33 197.55 125.38 0.79
34 100.04 78.68 0.21
35 204.42 100.89 0.75
36 235.51 71.88 1.07
37 139.11 65.52 0.22
38 191.45 85.48 0.76
39 134.0 63.0 0.19
1 174.48 85.33 0.06
2 175.59 69.18 0.08
3 86.32 67.17 0.35
4 160.15 117.87 0.25
5 221.48 73.51 0.18
6 166.46 84.23 0.24
7 193.77 119.94 0.41
8 171.9 27.78 0.24
9 109.68 66.99 0.1
10 221.94 65.68 0.17
11 186.81 84.46 0.21
12 139.7 67.89 0.1
13 219.13 68.37 0.18
14 145.31 71.76 0.15
15 203.86 122.3 0.29
16 141.85 123.97 0.14
17 160.52 126.94 0.22
18 187.56 89.39 0.28
19 157.31 82.37 -0.0
20 139.32 112.48 0.17
21 153.34 121.81 0.22
22 133.7 68.12 0.04
23 207.24 66.45 0.14
24 106.61 74.47 0.31
25 200.4 74.49 0.21
26 228.7 67.68 0.08
27 59.6 58.93 0.49
28 107.76 17.46 0.57
29 212.31 122.82 0.08
30 298.32 24.58 0.16
31 189.03 115.53 0.35
32 127.6 68.65 0.49
33 197.99 119.94 0.38
34 99.81 72.59 0.46
35 204.8 95.16 0.42
36 236.46 65.52 0.11
37 139.23 59.67 0.13
38 191.95 79.7 0.32
39 134.12 63.03 0.09
1 174.45 85.85 0.05
2 175.63 69.69 0.02
3 86.63 67.56 -0.02
4 160.32 118.18 0.02
5 221.64 74.01 -0.0
6 166.67 84.66 -0.0
7 194.15 120.26 0.03
8 172.14 28.66 -0.06
9 109.8 67.5 -0.01
10 222.15 66.34 -0.03
11 187.0 84.99 -0.0
12 139.78 68.43 -0.02
13 219.31 69.07 0.01
14 145.42 72.17 0.01
15 204.1 122.48 0.04
16 141.96 124.14 0.02
17 160.66 127.51 0.02
18 187.81 89.9 -0.03
19 157.3 82.7 0.02
20 139.46 113.18 0.01
21 153.51 122.07 0.01
22 133.74 68.6 -0.06
23 207.37 67.23 0.0
24 106.92 74.97 -0.06
25 200.59 75.23 -0.01
26 228.8 68.3 -0.01
27 59.97 59.5 -0.11
28 108.29 18.22 -0.08
29 212.35 122.99 -0.01
30 298.51 25.43 -0.07
31 189.31 115.79 0.02
32 128.06 69.19 -0.06
33 198.33 120.2 0.03
34 100.23 73.08 -0.02
35 205.2 95.38 -0.01
36 236.59 66.21 0.0
37 139.33 60.24 0.04
38 192.23 80.4 -0.02
39 134.19 63.59 -0.02
40 169.0 89.0 -0.02
1 174.5 85.77 0.02
2 175.65 69.65 0.03
3 86.64 67.51 0.01
4 160.38 118.2 -0.02
5 221.63 73.97 0.01
6 166.66 84.61 0.01
7 194.18 120.27 -0.02
8 172.14 28.62 -0.03
9 109.84 67.51 -0.02
10 222.13 66.29 -0.01
11 187.01 84.93 -0.02
12 139.76 68.43 -0.0
13 219.31 69.0 0.01
14 145.43 72.23 0.01
15 204.12 122.48 -0.02
16 141.99 124.13 0.0
17 160.7 127.54 -0.03
18 187.8 89.9 -0.01
19 157.32 82.71 0.0
20 139.49 113.2 0.0
21 153.54 122.11 -0.02
22 133.7 68.59 0.0
23 207.36 67.09 -0.02
24 106.93 74.97 -0.02
25 200.6 75.19 0.0
26 228.79 68.25 -0.01
27 60.08 59.5 -0.11
28 108.21 17.99 0.05
29 212.35 122.99 -0.02
30 298.46 25.31 -0.04
31 189.33 115.8 0.01
32 128.04 69.18 -0.01
33 198.37 120.24 -0.03
34 100.22 73.11 0.02
35 205.2 95.42 -0.03
36 236.59 66.16 -0.04
37 139.35 60.23 0.01
38 192.25 80.4 -0.01
39 134.16 63.58 0.01
40 168.98 88.78 0.01
41 133.0 74.0 0.02
1 174.5 85.91 -0.02
2 175.63 69.76 0.03
3 86.61 67.73 0.0
4 160.35 118.35 0.0
5 221.66 74.07 -0.05
6 166.67 84.72 0.01
7 194.12 120.37 0.06
8 172.1 28.65 -0.01
9 109.81 67.58 0.03
10 222.13 66.34 -0.05
11 186.96 85.05 -0.01
12 139.75 68.49 0.0
13 219.32 69.11 -0.02
14 145.44 72.39 0.01
15 204.08 122.58 0.06
16 142.0 124.27 0.01
17 160.68 127.69 0.01
18 187.78 89.96 0.02
19 157.31 82.74 0.01
20 139.47 113.29 0.02
21 153.53 122.27 -0.0
22 133.68 68.68 0.02
23 207.37 67.21 -0.04
24 106.88 75.06 -0.02
25 200.59 75.32 -0.01
26 228.77 68.3 0.02
27 59.88 59.51 0.03
28 108.28 18.06 0.01
29 212.34 123.06 0.02
30 298.5 25.36 -0.02
31 189.3 115.97 0.04
32 128.05 69.28 -0.01
33 198.32 120.35 0.03
34 100.19 73.17 0.0
35 205.19 95.58 -0.01
36 236.56 66.31 -0.01
37 139.36 60.3 0.04
38 192.21 80.52 0.01
39 134.18 63.68 -0.0
40 168.99 88.91 -0.01
41 133.03 74.05 -0.02
[INFO] [WallTime: 1432307990.031815] Stop TurtleBot
1 174.53 85.94 -0.05
2 175.66 69.8 0.03
3 86.68 67.77 -0.07
4 160.36 118.34 -0.01
5 221.63 74.08 -0.0
6 166.66 84.76 -0.02
7 194.16 120.38 0.01
8 172.11 28.7 0.02
9 109.86 67.57 -0.02
10 222.12 66.37 -0.05
11 186.99 85.12 -0.04
12 139.76 68.56 -0.01
13 219.32 69.14 -0.03
14 145.45 72.45 -0.0
15 204.1 122.53 0.02
16 141.97 124.3 0.03
17 160.67 127.71 -0.02
18 187.79 90.03 -0.01
19 157.33 82.81 -0.02
20 139.49 113.29 -0.0
21 153.52 122.29 0.0
22 133.7 68.75 -0.0
23 207.33 67.2 -0.0
24 106.91 75.13 0.02
25 200.59 75.32 -0.01
26 228.77 68.33 -0.0
27 60.0 59.58 0.01
28 108.29 18.23 -0.04
29 212.34 123.07 -0.02
30 298.45 25.47 -0.01
31 189.33 116.03 0.02
32 128.05 69.32 -0.01
33 198.34 120.34 0.01
34 100.27 73.25 -0.03
35 205.18 95.55 0.0
36 236.56 66.29 -0.04
37 139.37 60.37 0.02
38 192.23 80.54 0.01
39 134.18 63.78 0.0
40 168.98 88.94 -0.01
41 133.03 74.12 -0.0
1 174.48 85.91 0.0
2 175.66 69.8 0.01
3 86.63 67.7 0.01
4 160.36 118.32 -0.02
5 221.64 74.13 -0.03
6 166.66 84.73 -0.02
7 194.18 120.4 -0.04
8 172.11 28.67 -0.01
9 109.8 67.53 0.05
10 222.11 66.35 -0.03
11 186.99 85.04 -0.02
12 139.75 68.51 0.02
13 219.33 69.21 -0.02
14 145.45 72.39 -0.02
15 204.12 122.54 0.0
16 141.98 124.26 -0.01
17 160.69 127.65 -0.03
18 187.79 89.97 0.01
19 157.31 82.76 -0.01
20 139.48 113.29 -0.01
21 153.53 122.22 -0.05
22 133.69 68.72 0.0
23 207.34 67.19 0.01
24 106.89 75.1 0.08
25 200.59 75.35 -0.03
26 228.8 68.27 -0.01
27 59.98 59.37 0.1
28 108.32 18.12 -0.04
29 212.34 123.03 -0.01
30 298.52 25.35 -0.05
31 189.33 116.03 -0.02
32 128.05 69.29 -0.02
33 198.34 120.35 -0.02
34 100.25 73.21 0.03
35 205.19 95.51 0.0
36 236.54 66.32 -0.01
37 139.39 60.34 0.0
38 192.25 80.52 -0.02
39 134.18 63.73 -0.01
40 168.98 88.92 -0.0
41 133.01 74.07 0.01
1 174.49 85.94 -0.02
2 175.68 69.82 -0.02
3 86.64 67.69 0.0
4 160.35 118.33 -0.0
5 221.63 74.13 -0.02
6 166.68 84.74 -0.04
7 194.14 120.4 0.01
8 172.11 28.69 -0.01
9 109.83 67.59 -0.01
10 222.11 66.38 -0.02
11 186.98 85.09 -0.04
12 139.75 68.56 0.03
13 219.31 69.19 -0.02
14 145.45 72.46 -0.01
15 204.12 122.58 0.03
16 141.99 124.27 -0.01
17 160.66 127.73 0.0
18 187.79 90.02 -0.0
19 157.32 82.83 -0.01
20 139.47 113.33 -0.01
21 153.5 122.28 -0.02
22 133.68 68.74 -0.01
23 207.33 67.19 0.04
24 106.91 75.14 0.0
25 200.58 75.36 -0.0
26 228.8 68.28 -0.05
27 59.95 59.43 -0.1
28 108.28 18.14 0.02
29 212.32 123.05 0.04
30 298.47 25.45 -0.06
31 189.3 116.04 0.02
32 128.03 69.32 -0.0
33 198.32 120.36 0.01
34 100.23 73.28 0.01
35 205.18 95.51 -0.0
36 236.57 66.33 -0.0
37 139.4 60.38 0.03
38 192.25 80.48 0.0
39 134.17 63.78 -0.0
40 169.01 88.96 -0.04
41 133.02 74.1 0.0
1 174.49 85.91 -0.03
2 175.68 69.78 0.01
3 86.66 67.75 -0.0
4 160.35 118.32 -0.01
5 221.62 74.07 -0.0
6 166.66 84.73 -0.01
7 194.15 120.37 0.01
8 172.1 28.66 0.02
9 109.83 67.57 -0.01
10 222.09 66.37 0.0
11 186.99 85.1 -0.03
12 139.77 68.55 0.0
13 219.28 69.16 0.02
14 145.44 72.4 0.01
15 204.16 122.53 0.01
16 141.97 124.29 -0.0
17 160.67 127.71 0.01
18 187.8 90.0 -0.01
19 157.31 82.82 0.01
20 139.47 113.32 0.0
21 153.48 122.26 0.0
22 133.7 68.74 -0.04
23 207.34 67.24 0.04
24 106.9 75.1 0.01
25 200.57 75.38 0.01
26 228.77 68.27 0.03
27 59.93 59.45 -0.05
28 108.28 18.17 -0.01
29 212.33 123.0 0.03
30 298.46 25.48 -0.07
31 189.33 115.98 0.03
32 128.0 69.31 0.02
33 198.33 120.32 0.03
34 100.24 73.25 -0.01
35 205.18 95.55 -0.01
36 236.55 66.22 0.03
37 139.4 60.4 0.05
38 192.23 80.56 0.02
39 134.16 63.77 0.02
40 168.99 88.93 -0.02
41 133.02 74.08 0.0
42 165.0 117.0 0.01
1 174.49 85.92 -0.0
2 175.68 69.81 0.04
3 86.64 67.81 0.01
4 160.34 118.36 0.0
5 221.62 74.2 0.03
6 166.65 84.72 0.0
7 194.14 120.41 0.04
8 172.11 28.66 0.01
9 109.83 67.58 -0.03
10 222.06 66.39 0.03
11 186.94 85.08 0.03
12 139.76 68.56 0.0
13 219.28 69.19 0.04
14 145.43 72.41 0.01
15 204.14 122.55 0.03
16 141.98 124.27 -0.0
17 160.65 127.71 -0.01
18 187.79 90.0 0.03
19 157.31 82.73 0.01
20 139.47 113.28 -0.01
21 153.49 122.28 0.02
22 133.66 68.74 0.01
23 207.36 67.2 0.02
24 106.92 75.13 -0.04
25 200.57 75.37 -0.0
26 228.77 68.31 0.03
27 59.89 59.43 -0.08
28 108.3 18.22 -0.02
29 212.36 123.08 -0.02
30 298.46 25.44 -0.04
31 189.31 116.07 0.04
32 128.01 69.31 0.01
33 198.33 120.36 0.04
34 100.23 73.26 -0.05
35 205.2 95.56 -0.0
36 236.57 66.3 -0.02
37 139.42 60.39 0.0
38 192.24 80.56 -0.01
39 134.18 63.75 -0.0
40 168.98 88.92 -0.0
41 133.01 74.08 0.01
42 165.0 117.01 -0.0
1 174.48 85.93 0.02
2 175.68 69.81 0.06
3 86.65 67.87 0.02
4 160.34 118.35 -0.01
5 221.63 74.22 0.01
6 166.65 84.76 -0.01
7 194.14 120.38 0.03
8 172.12 28.65 -0.02
9 109.83 67.61 -0.02
10 222.09 66.36 -0.02
11 186.96 85.13 0.01
12 139.76 68.56 -0.01
13 219.3 69.14 0.0
14 145.43 72.41 0.01
15 204.12 122.54 0.03
16 141.99 124.27 -0.0
17 160.62 127.69 0.04
18 187.8 90.04 0.02
19 157.32 82.92 -0.01
20 139.48 113.3 -0.0
21 153.49 122.3 0.01
22 133.65 68.74 0.03
23 207.38 67.2 0.03
24 106.92 75.14 -0.01
25 200.58 75.35 -0.0
26 228.79 68.26 -0.01
27 59.83 59.46 0.07
28 108.28 18.19 0.01
29 212.36 123.07 -0.01
30 298.39 25.47 0.03
31 189.34 116.05 -0.02
32 128.02 69.31 -0.0
33 198.33 120.34 0.02
34 100.22 73.26 -0.01
35 205.2 95.58 -0.01
36 236.55 66.33 -0.04
37 139.43 60.39 0.01
38 192.25 80.56 -0.01
39 134.18 63.75 -0.01
40 168.97 88.95 -0.02
41 133.02 74.07 -0.0
42 165.01 117.03 -0.02
1 174.48 85.92 -0.0
2 175.72 69.79 -0.0
3 86.65 67.86 0.02
4 160.34 118.36 -0.0
5 221.65 74.2 -0.01
6 166.64 84.72 -0.01
7 194.18 120.38 0.0
8 172.11 28.66 -0.05
9 109.82 67.6 -0.01
10 222.12 66.37 -0.04
11 186.97 85.1 -0.0
12 139.76 68.58 -0.01
13 219.32 69.16 -0.0
14 145.43 72.44 0.02
15 204.16 122.51 0.01
16 141.99 124.26 -0.01
17 160.65 127.68 -0.01
18 187.79 90.05 0.01
19 157.31 82.8 -0.01
20 139.47 113.34 0.0
21 153.5 122.25 -0.0
22 133.65 68.74 0.02
23 207.39 67.19 -0.02
24 106.91 75.13 -0.0
25 200.59 75.37 -0.01
26 228.81 68.26 0.03
27 59.82 59.44 0.0
28 108.31 18.19 -0.01
29 212.35 123.05 0.02
30 298.37 25.46 0.04
31 189.35 116.04 -0.02
32 128.02 69.3 -0.0
33 198.37 120.34 -0.02
34 100.19 73.21 0.01
35 205.21 95.57 -0.03
36 236.59 66.24 -0.04
37 139.43 60.36 -0.0
38 192.25 80.54 -0.03
39 134.17 63.78 -0.01
40 168.97 88.92 -0.0
41 133.01 74.07 0.01
42 165.02 117.03 -0.01
1 174.5 85.93 0.03
2 175.71 69.8 -0.01
3 86.66 67.82 0.02
4 160.34 118.35 0.01
5 221.61 74.19 0.03
6 166.63 84.73 0.02
7 194.18 120.39 0.03
8 172.08 28.62 0.03
9 109.84 67.63 -0.01
10 222.04 66.37 0.03
11 186.96 85.09 -0.02
12 139.75 68.59 -0.01
13 219.29 69.22 0.01
14 145.45 72.4 -0.01
15 204.17 122.54 0.02
16 141.96 124.29 0.03
17 160.68 127.69 -0.01
18 187.81 90.02 -0.02
19 157.3 82.86 0.01
20 139.47 113.3 0.0
21 153.49 122.25 0.02
22 133.68 68.73 -0.01
23 207.39 67.24 -0.03
24 106.96 75.17 -0.05
25 200.57 75.4 -0.0
26 228.75 68.28 0.02
27 59.89 59.4 0.0
28 108.29 18.14 -0.04
29 212.37 123.03 -0.0
30 298.42 25.5 0.07
31 189.34 116.07 0.01
32 128.03 69.29 0.01
33 198.36 120.34 0.02
34 100.23 73.24 -0.0
35 205.2 95.59 -0.01
36 236.54 66.33 0.04
37 139.44 60.41 -0.03
38 192.25 80.53 -0.02
39 134.16 63.8 0.0
40 168.97 88.93 0.01
41 133.02 74.08 -0.01
42 165.02 117.04 0.0
1 174.5 85.93 0.02
2 175.71 69.8 0.01
3 86.67 67.73 0.02
4 160.34 118.34 -0.02
5 221.63 74.31 0.0
6 166.62 84.75 0.02
7 194.17 120.39 0.04
8 172.1 28.6 0.0
9 109.82 67.59 0.01
10 222.09 66.34 0.02
11 186.92 85.1 0.01
12 139.76 68.56 0.0
13 219.31 69.22 0.03
14 145.44 72.4 0.02
15 204.17 122.53 -0.0
16 141.99 124.23 -0.0
17 160.69 127.66 -0.05
18 187.78 90.07 0.01
19 157.31 82.86 -0.0
20 139.47 113.32 0.01
21 153.49 122.24 0.0
22 133.68 68.74 0.01
23 207.38 67.25 -0.01
24 106.95 75.15 -0.02
25 200.59 75.38 0.01
26 228.78 68.27 0.05
27 59.75 59.49 0.03
28 108.31 18.27 0.01
29 212.38 123.04 -0.02
30 298.43 25.42 -0.02
31 189.33 116.01 0.02
32 128.03 69.28 0.01
33 198.35 120.33 0.03
34 100.22 73.23 0.02
35 205.2 95.59 -0.01
36 236.54 66.26 0.07
37 139.45 60.43 -0.03
38 192.21 80.55 0.04
39 134.17 63.84 0.01
40 168.97 88.94 -0.0
41 133.03 74.09 -0.01
42 165.01 117.04 -0.01
1 174.51 85.94 0.04
2 175.72 69.78 -0.0
3 86.68 67.78 -0.01
4 160.34 118.34 -0.01
5 221.61 74.29 0.03
6 166.65 84.78 -0.0
7 194.23 120.36 -0.01
8 172.09 28.6 0.01
9 109.83 67.62 -0.03
10 222.1 66.38 -0.03
11 186.93 85.11 0.02
12 139.75 68.55 0.01
13 219.32 69.29 -0.01
14 145.45 72.34 0.01
15 204.19 122.54 -0.02
16 141.98 124.27 0.02
17 160.66 127.72 0.03
18 187.79 90.08 -0.02
19 157.31 82.86 -0.01
20 139.47 113.32 0.0
21 153.51 122.26 -0.02
22 133.67 68.74 0.03
23 207.37 67.26 -0.01
24 106.94 75.17 -0.04
25 200.58 75.42 0.03
26 228.77 68.26 0.03
27 59.78 59.53 -0.01
28 108.27 18.16 0.01
29 212.37 123.02 -0.04
30 298.45 25.45 0.01
31 189.38 116.03 -0.01
32 128.03 69.28 -0.0
33 198.39 120.3 -0.02
34 100.24 73.24 -0.04
35 205.18 95.59 -0.01
36 236.59 66.2 0.01
37 139.4 60.4 0.01
38 192.24 80.57 0.03
39 134.17 63.81 0.02
40 168.97 88.96 -0.0
41 133.02 74.1 -0.0
42 165.01 117.02 0.0
43 145.0 66.0 -0.0
1 174.52 85.94 0.04
2 175.71 69.8 0.01
3 86.69 67.72 0.01
4 160.33 118.36 -0.0
5 221.64 74.21 -0.03
6 166.65 84.77 -0.01
7 194.2 120.39 -0.02
8 172.1 28.6 0.0
9 109.82 67.64 -0.03
10 222.07 66.31 -0.02
11 186.94 85.11 -0.01
12 139.76 68.56 0.0
13 219.31 69.26 -0.0
14 145.45 72.34 0.01
15 204.18 122.52 -0.04
16 142.0 124.24 -0.02
17 160.67 127.68 -0.01
18 187.8 90.07 -0.01
19 157.3 82.82 0.01
20 139.47 113.28 0.01
21 153.49 122.26 -0.0
22 133.69 68.74 0.02
23 207.37 67.25 -0.02
24 106.92 75.17 -0.01
25 200.59 75.42 0.0
26 228.81 68.21 -0.02
27 59.78 59.38 -0.02
28 108.29 18.21 0.0
29 212.37 122.96 -0.04
30 298.45 25.45 -0.07
31 189.37 116.04 -0.04
32 128.03 69.28 -0.03
33 198.37 120.33 -0.01
34 100.23 73.27 0.01
35 205.17 95.59 0.01
36 236.58 66.23 0.04
37 139.42 60.4 0.01
38 192.24 80.6 -0.01
39 134.17 63.82 0.01
40 168.95 88.94 0.01
41 133.02 74.11 0.01
42 165.0 117.03 0.01
43 145.0 65.97 0.0
