1 85.0 98.0 -0.01
2 86.0 111.0 0.01
3 79.0 89.0 0.0
4 66.0 4.0 0.07
5 88.0 127.0 0.02
6 155.0 84.0 -0.02
1 84.98 97.99 0.0
2 86.0 110.98 -0.0
3 79.01 88.99 -0.01
4 66.07 3.99 0.03
5 88.01 127.04 -0.02
6 155.0 83.99 -0.03
7 80.0 113.0 -0.01
8 47.0 42.0 -0.03
9 80.0 121.0 -0.03
10 156.0 92.0 -0.0
11 258.0 105.0 0.0
12 252.0 119.0 -0.0
13 56.0 45.0 0.02
14 77.0 27.0 0.01
15 66.0 43.0 0.01
16 270.0 112.0 -0.01
1 84.99 97.99 -0.0
2 86.0 111.01 0.01
3 78.99 88.98 -0.0
4 66.07 4.01 -0.01
5 88.03 127.02 -0.01
6 154.98 83.99 -0.01
7 80.0 113.02 -0.0
8 46.99 42.03 -0.0
9 79.99 120.97 0.01
10 155.99 92.01 0.09
11 257.99 104.99 0.0
12 251.97 118.97 0.04
13 56.01 45.03 0.0
14 77.01 26.98 0.0
15 66.0 43.01 -0.0
16 270.0 111.98 -0.02
17 82.0 92.0 -0.01
1 84.98 97.99 0.02
2 86.0 110.99 0.02
3 78.99 88.99 -0.01
4 66.06 4.02 0.0
5 88.03 127.02 -0.01
6 154.99 83.98 0.01
7 80.0 112.99 0.0
8 46.99 42.05 -0.02
9 80.0 120.99 0.01
10 156.09 92.02 -0.03
11 257.99 105.0 0.0
12 251.99 118.99 0.03
13 56.02 45.05 -0.06
14 77.02 27.0 -0.0
15 66.03 43.01 -0.01
16 270.0 111.99 -0.0
17 82.0 92.0 -0.0
18 270.0 120.0 -0.0
19 294.0 158.0 -0.01
1 84.97 97.99 -0.01
2 86.02 111.0 -0.0
3 79.0 88.99 -0.02
4 66.05 4.03 0.04
5 88.02 127.02 -0.01
6 154.98 84.0 0.02
7 80.02 113.01 -0.0
8 47.0 42.06 -0.01
9 80.01 121.0 0.01
10 156.05 92.03 0.04
11 257.99 105.03 0.01
12 252.01 118.97 -0.02
13 56.01 45.04 0.01
14 77.02 26.99 0.01
15 66.01 43.0 -0.01
16 269.99 112.0 0.01
17 82.0 92.0 -0.01
18 270.0 120.02 0.02
19 294.02 157.96 -0.04
20 81.0 108.0 -0.0
21 231.0 118.0 -0.0
1 84.99 97.98 -0.01
2 86.0 111.0 0.01
3 78.99 88.99 -0.01
4 66.07 4.04 -0.01
5 88.01 127.06 -0.02
6 155.0 83.99 -0.03
7 80.0 113.02 0.01
8 46.98 42.02 0.02
9 80.0 121.04 0.0
10 156.08 92.05 0.01
11 258.0 105.04 -0.01
12 252.03 118.98 -0.01
13 55.97 44.97 0.03
14 77.04 27.02 -0.01
15 66.02 42.96 -0.01
16 270.0 111.98 -0.01
17 81.99 91.99 -0.0
18 270.01 120.01 -0.01
19 294.01 157.99 -0.01
20 80.99 107.99 -0.0
21 231.03 117.96 -0.0
1 84.99 98.0 -0.01
2 86.01 110.99 -0.02
3 78.99 88.98 -0.02
4 66.09 4.06 -0.02
5 88.01 127.04 0.0
6 154.99 83.99 0.02
7 80.01 113.02 -0.01
8 47.01 42.06 -0.02
9 80.01 121.01 -0.01
10 156.06 92.04 0.06
11 257.98 105.04 0.02
12 252.02 119.02 0.02
13 56.01 45.01 0.0
14 77.04 27.02 0.0
15 66.03 42.99 -0.04
16 269.99 111.96 -0.02
17 81.99 91.99 -0.01
18 270.01 119.97 -0.03
19 294.01 157.99 -0.01
20 80.99 107.99 -0.0
21 230.98 118.01 0.03
1 84.99 98.0 -0.01
2 86.01 111.0 0.0
3 78.95 88.98 0.02
4 66.08 4.05 0.04
5 88.0 127.03 0.05
6 154.98 83.98 0.01
7 80.0 113.0 0.02
8 46.98 42.02 0.03
9 80.0 121.02 0.01
10 156.06 92.02 0.06
11 257.98 105.01 0.02
12 252.01 119.0 -0.01
13 56.02 45.01 -0.04
14 77.01 26.98 0.03
15 66.01 42.97 0.0
16 270.01 112.0 -0.02
17 81.99 92.0 -0.0
18 270.0 120.03 0.0
19 294.01 157.97 -0.0
20 80.99 107.97 0.0
21 231.0 117.93 -0.02
1 84.98 97.98 0.0
2 86.0 111.01 0.01
3 78.97 88.96 0.01
4 66.08 4.02 0.0
5 88.02 127.06 0.01
6 155.0 83.97 -0.0
7 80.0 113.0 0.01
8 46.98 42.03 0.01
9 80.01 121.04 -0.0
10 156.14 92.02 -0.05
11 257.99 105.02 0.02
12 252.03 118.95 -0.01
13 56.0 45.01 0.01
14 77.02 26.98 -0.01
15 66.01 42.96 -0.0
16 269.97 111.97 0.01
17 81.99 91.98 0.01
18 269.99 120.03 0.0
19 293.98 157.98 0.0
20 80.99 107.97 0.01
21 231.01 117.96 -0.03
1 84.98 97.99 0.02
2 86.02 111.01 -0.02
3 78.98 88.96 0.01
4 66.11 4.07 -0.04
5 88.01 127.06 0.04
6 155.0 83.99 -0.0
7 80.01 113.0 0.01
8 46.98 42.04 0.0
9 79.99 121.05 0.02
10 156.06 92.04 0.03
11 257.99 105.03 -0.0
12 252.02 118.99 -0.01
13 56.02 45.02 0.0
14 77.02 26.98 0.02
15 66.06 42.98 -0.04
16 269.99 112.03 -0.01
17 81.99 91.98 0.01
18 270.0 120.04 -0.01
19 294.01 158.01 -0.01
20 80.99 107.97 0.01
21 231.03 117.97 -0.03
1 84.99 97.98 0.01
2 86.01 111.0 -0.01
3 78.98 88.95 0.01
4 66.09 4.06 0.01
5 88.04 127.07 -0.01
6 154.99 83.99 0.01
7 80.01 113.0 -0.01
8 46.99 42.04 -0.02
9 80.03 121.08 -0.03
10 156.1 92.02 0.01
11 257.99 105.0 -0.02
12 252.03 119.01 -0.01
13 56.02 45.02 0.03
14 77.05 27.02 -0.02
15 66.02 42.97 0.03
16 269.98 112.03 0.01
17 81.99 91.97 0.01
18 269.99 120.07 0.03
19 294.0 157.99 -0.03
20 80.99 107.98 -0.0
21 231.02 117.96 -0.02
1 85.0 97.97 0.2
2 86.02 111.01 -0.18
3 78.99 88.94 0.69
4 88.03 127.08 -0.57
5 154.99 83.99 0.12
6 80.01 113.0 -0.06
7 46.98 42.05 1.63
8 80.01 121.1 -0.48
9 156.07 92.03 0.24
10 257.99 105.03 -0.53
11 252.03 118.98 0.06
12 56.0 45.01 1.45
13 77.04 27.0 1.51
14 66.01 42.98 1.41
15 270.01 112.0 -0.21
16 82.0 91.96 0.48
17 270.02 120.03 -0.22
18 294.0 157.98 0.94
19 80.98 107.98 0.05
20 230.98 117.99 -0.03
1 85.0 97.98 -0.28
2 86.01 111.01 -0.57
3 79.0 88.94 -0.12
4 88.03 127.09 -1.32
5 155.02 84.02 0.24
6 80.02 113.01 -0.59
7 80.02 121.14 -1.01
8 156.1 92.05 0.4
9 257.98 105.02 5.69
10 252.01 118.99 5.49
11 77.05 27.0 1.05
12 269.99 111.99 7.25
13 82.01 91.96 -0.18
14 269.99 120.04 7.27
15 294.0 157.99 11.22
16 80.99 107.99 -0.57
17 230.99 117.98 3.31
18 86.0 122.0 -0.51
1 85.14 124.7 -0.59
2 85.54 138.4 -0.56
3 79.73 115.63 -1.28
4 86.5 155.33 -0.04
5 154.96 109.73 1.07
6 79.48 140.26 -0.57
7 78.75 148.97 -0.05
8 156.08 117.81 1.18
9 257.86 135.48 13.8
10 252.75 149.46 11.8
11 79.98 54.78 -3.3
12 270.62 143.67 16.01
13 82.56 118.64 -0.94
14 270.73 151.65 16.05
15 296.52 192.62 21.61
16 80.7 135.24 -0.82
17 231.41 146.86 7.32
18 85.7 132.27 -0.51
19 77.0 99.0 -0.8
20 62.0 16.0 -1.59
21 48.0 58.0 -2.5
22 67.0 21.0 -1.72
23 66.0 60.0 -1.46
24 56.0 61.0 -1.73
25 265.0 152.0 7.87
26 87.0 51.0 -0.53
1 85.13 112.83 -1.23
2 85.67 126.26 -1.48
3 79.24 103.77 -1.36
4 87.3 142.98 -1.6
5 155.87 98.37 0.54
6 79.68 128.19 -1.62
7 79.37 136.22 -1.65
8 157.14 106.4 0.49
9 265.71 121.85 14.38
10 259.52 136.28 12.53
11 77.83 42.07 -1.94
12 279.59 129.44 17.03
13 82.25 106.87 -1.49
14 279.66 137.55 17.13
15 80.64 123.26 -1.45
16 235.68 133.44 7.64
17 85.78 120.37 -1.3
18 77.28 98.12 -1.73
19 61.55 13.82 -2.97
20 47.56 56.46 -4.84
21 66.4 18.87 -2.85
22 65.66 58.5 -3.06
23 55.58 59.45 -3.63
24 267.28 151.88 13.68
25 86.97 49.59 -1.59
26 53.0 6.0 -1.86
27 147.0 130.0 0.44
28 244.0 151.0 5.28
1 84.59 114.42 -0.24
2 84.99 128.11 -0.57
3 78.51 105.29 -0.43
4 86.46 145.16 -0.61
5 156.17 99.8 1.64
6 78.9 129.99 -0.81
7 78.67 137.95 -0.97
8 157.42 107.82 1.73
9 273.48 124.01 17.04
10 266.13 138.59 15.19
11 76.53 41.83 -1.02
12 288.58 131.98 20.51
13 81.66 108.46 -0.47
14 288.72 140.36 20.61
15 79.86 125.02 -0.56
16 239.75 135.62 9.71
17 85.19 122.26 -0.46
18 76.26 99.48 -0.67
19 60.21 13.39 -2.67
20 45.03 56.31 -4.63
21 65.09 18.4 -2.33
22 64.39 58.81 -2.67
23 54.06 59.77 -3.19
24 274.47 155.6 16.85
25 86.47 50.19 -0.9
26 52.73 6.03 -2.72
27 147.25 130.44 1.13
28 245.08 151.67 10.73
29 267.0 143.0 8.72
30 73.0 124.0 -0.43
31 90.0 147.0 0.33
1 83.85 115.29 -0.64
2 84.03 129.17 -1.27
3 77.82 106.12 -1.3
4 85.57 146.49 -1.37
5 156.54 101.04 1.23
6 77.86 131.11 -1.46
7 77.58 139.33 -1.36
8 157.89 109.0 1.26
9 281.97 125.56 18.13
10 273.6 140.77 16.02
11 75.9 41.97 -2.49
12 80.72 109.33 -0.66
13 79.08 126.12 -1.52
14 244.35 137.76 10.05
15 84.4 123.24 -0.98
16 75.48 100.21 -1.77
17 58.53 12.01 -3.43
18 42.43 55.56 -5.99
19 63.51 17.31 -3.0
20 62.52 58.52 -3.76
21 51.71 59.28 -4.2
22 282.7 158.95 17.78
23 85.48 50.05 -0.79
24 51.05 4.61 -3.49
25 147.57 131.42 0.64
26 250.47 154.59 10.97
27 268.44 143.36 15.28
28 72.74 124.1 -2.18
29 89.91 147.11 -1.39
30 76.0 111.0 -1.45
31 131.0 102.0 -0.25
32 291.0 132.0 9.56
33 286.0 141.0 8.85
34 209.0 134.0 1.12
1 84.08 116.17 -1.18
2 84.08 130.45 -1.51
3 77.79 106.89 -1.56
4 85.48 148.55 -1.57
5 157.84 101.86 0.77
6 77.69 132.3 -1.48
7 77.36 140.9 -1.38
8 159.21 109.95 0.47
9 292.29 126.75 20.31
10 282.91 143.14 17.68
11 75.43 41.53 -3.06
12 80.85 110.16 -1.03
13 79.02 127.31 -1.64
14 250.48 139.59 10.9
15 84.49 124.41 -1.32
16 75.32 100.81 -2.41
17 57.43 10.59 -4.29
18 40.19 54.58 -6.78
19 62.68 16.22 -4.03
20 61.45 58.27 -4.41
21 50.62 58.78 -5.38
22 292.73 162.84 20.16
23 85.47 50.06 -1.27
24 49.88 3.18 -4.43
25 148.27 132.35 1.06
26 256.42 157.47 12.23
27 277.33 145.96 16.98
28 72.13 125.3 -2.53
29 90.1 149.17 -1.7
30 75.73 111.33 -1.35
31 131.02 102.37 0.35
32 292.72 132.6 20.26
33 287.69 141.74 18.79
34 209.24 134.55 3.06
35 50.0 7.0 -2.05
36 220.0 134.0 3.35
37 71.0 119.0 -0.4
38 234.0 152.0 4.97
1 83.03 116.54 -1.68
2 82.63 131.19 -1.43
3 76.37 107.37 -1.37
4 84.07 149.51 -1.66
5 157.88 102.3 0.77
6 76.26 133.1 -1.17
7 76.07 141.72 -1.33
8 159.22 110.45 0.56
9 291.62 144.35 20.25
10 72.76 39.71 -2.79
11 79.87 110.6 -1.53
12 77.41 128.11 -1.34
13 255.56 140.3 12.19
14 83.28 124.67 -1.61
15 73.52 101.12 -2.98
16 54.51 8.13 -4.44
17 36.01 52.9 -7.49
18 59.88 13.9 -4.15
19 58.42 56.88 -4.46
20 47.05 57.46 -5.71
21 84.44 49.9 -2.0
22 46.9 0.23 -4.35
23 148.35 132.72 0.95
24 262.7 159.39 13.38
25 285.73 147.36 19.07
26 70.29 126.16 -2.64
27 88.48 150.12 -1.65
28 74.42 111.76 -1.31
29 130.81 102.74 0.33
30 296.9 143.12 21.79
31 210.58 134.91 3.27
32 49.43 6.31 -4.52
33 220.7 134.01 5.02
34 70.76 119.0 -1.57
35 234.79 151.78 8.18
36 69.0 135.0 -1.49
37 40.0 54.0 -4.09
38 257.0 155.0 6.01
39 261.0 147.0 6.36
40 58.0 76.0 -3.27
1 82.56 117.2 -2.6
2 82.29 132.01 -2.84
3 75.77 107.9 -1.92
4 83.34 151.02 -2.78
5 158.62 103.1 0.15
6 75.78 134.0 -2.4
7 75.45 142.93 -2.4
8 159.71 111.31 0.14
9 72.27 39.22 -4.5
10 79.48 111.23 -2.42
11 77.04 128.99 -2.62
12 262.39 141.98 12.73
13 82.8 125.45 -2.59
14 72.38 101.5 -4.35
15 52.86 6.15 -5.45
16 32.56 51.32 -8.72
17 58.45 12.03 -5.14
18 56.7 56.18 -6.08
19 44.57 56.32 -7.26
20 84.04 49.49 -2.77
21 45.12 -1.52 -4.19
22 149.23 133.65 0.01
23 270.14 162.45 13.95
24 296.07 149.72 20.83
25 69.19 127.11 -3.96
26 87.94 151.59 -3.04
27 74.01 112.46 -2.27
28 131.31 103.75 -0.33
29 212.46 135.96 3.08
30 47.67 4.38 -4.48
31 223.63 134.95 4.78
32 70.21 120.0 -2.86
33 239.5 154.02 7.84
34 68.59 135.43 -3.32
35 39.43 53.92 -7.84
36 258.17 155.95 11.21
37 261.95 147.9 12.54
38 57.4 76.03 -6.12
39 67.0 106.0 -2.47
1 80.86 115.56 -1.39
2 80.75 130.62 -1.77
3 74.71 106.32 -1.03
4 82.09 150.03 -1.77
5 158.7 101.55 1.1
6 74.71 132.59 -1.58
7 74.45 141.66 -1.59
8 159.8 109.83 1.17
9 69.28 34.79 -3.82
10 77.86 109.55 -1.2
11 75.65 127.55 -1.6
12 269.15 141.07 15.54
13 81.43 124.23 -1.76
14 70.19 99.76 -3.56
15 49.55 0.79 -2.49
16 27.84 47.03 -8.72
17 55.28 7.02 -4.01
18 53.3 52.43 -5.57
19 40.32 52.22 -6.64
20 82.02 46.2 -1.8
21 149.29 132.44 0.95
22 277.49 162.92 17.21
23 67.25 125.66 -2.97
24 86.51 150.6 -1.85
25 72.76 110.81 -1.01
26 131.13 102.33 0.55
27 214.2 134.43 4.24
28 226.36 133.9 6.27
29 68.8 118.56 -1.92
30 243.57 153.56 9.93
31 67.09 134.07 -2.42
32 34.92 49.73 -7.22
33 264.03 155.89 13.76
34 268.59 147.24 15.4
35 54.19 73.07 -5.58
36 66.59 105.69 -3.17
1 79.74 114.18 -2.23
2 79.3 129.52 -1.84
3 73.79 104.75 -1.85
4 80.48 149.36 -1.99
5 158.93 100.44 0.92
6 73.24 131.49 -1.56
7 72.95 140.75 -1.54
8 160.01 108.69 0.96
9 67.29 31.33 -3.86
10 76.88 107.97 -1.93
11 74.28 126.45 -1.89
12 276.83 141.15 17.12
13 79.93 122.86 -1.75
14 67.34 98.3 -3.8
15 46.84 -4.74 -0.95
16 22.7 42.29 -8.91
17 50.04 48.67 -5.79
18 36.15 47.85 -7.03
19 80.8 43.44 -2.49
20 149.33 131.45 0.87
21 286.18 164.49 19.13
22 64.94 124.52 -2.9
23 84.81 149.97 -1.96
24 71.69 109.35 -0.95
25 130.97 101.06 0.55
26 215.85 133.55 4.21
27 229.13 133.05 6.75
28 67.13 117.41 -1.74
29 248.38 154.33 10.77
30 65.11 132.93 -2.06
31 30.47 45.35 -7.69
32 271.18 156.54 14.66
33 276.29 147.41 16.97
34 50.72 69.68 -5.4
35 63.95 104.27 -3.3
1 78.89 112.35 -2.57
2 78.48 128.03 -2.38
3 73.24 102.77 -2.38
4 79.62 148.1 -2.63
5 159.73 98.74 0.45
6 72.48 129.9 -2.0
7 72.17 139.45 -2.05
8 160.9 107.21 0.49
9 65.12 26.74 -3.88
10 76.24 106.0 -2.38
11 73.37 124.82 -2.11
12 286.36 140.06 18.47
13 79.34 121.28 -2.58
14 65.89 96.67 -4.96
15 18.04 37.46 -9.63
16 47.17 44.78 -6.37
17 32.54 43.57 -7.62
18 79.72 40.12 -2.3
19 150.07 129.62 0.54
20 296.71 165.12 21.25
21 63.47 122.88 -3.83
22 84.22 148.73 -2.96
23 71.43 107.45 -1.54
24 131.45 99.49 0.02
25 218.55 131.71 3.9
26 233.11 131.3 6.84
27 66.34 115.72 -2.3
28 254.39 153.69 11.32
29 64.1 131.37 -2.92
30 26.51 40.85 -8.03
31 279.26 156.36 16.31
32 285.64 146.56 18.43
33 47.86 66.18 -6.37
34 62.61 102.46 -4.52
35 76.0 99.0 -1.08
36 60.0 110.0 -2.14
1 77.16 112.91 -1.98
2 77.06 128.88 -2.18
3 71.56 103.14 -1.71
4 78.19 149.81 -2.83
5 159.91 99.4 0.82
6 71.35 130.8 -1.94
7 71.05 140.52 -2.31
8 161.01 107.73 1.22
9 62.78 24.74 -3.86
10 74.58 106.38 -1.63
11 71.96 125.7 -1.99
12 295.89 142.35 21.66
13 77.76 121.92 -2.02
14 63.24 97.99 -5.06
15 12.41 34.42 -9.32
16 43.54 42.65 -6.2
17 27.91 41.01 -7.57
18 77.75 38.51 -1.66
19 150.21 130.55 1.11
20 61.41 123.77 -3.68
21 82.55 150.51 -2.79
22 70.5 107.86 -1.23
23 131.41 100.29 0.44
24 220.25 132.72 4.76
25 236.71 132.49 8.18
26 64.95 116.42 -1.49
27 260.2 156.68 12.96
28 62.44 132.33 -2.75
29 21.77 38.29 -8.19
30 287.55 159.76 18.39
31 44.23 64.76 -6.56
32 60.27 103.02 -4.84
33 75.58 99.18 -1.87
34 59.53 110.21 -3.54
35 64.0 109.0 -0.5
36 66.0 135.0 -0.94
1 76.59 113.32 -3.16
2 76.45 129.35 -3.6
3 71.22 103.22 -2.95
4 77.29 150.89 -3.78
5 160.52 99.65 0.28
6 70.76 131.44 -3.2
7 70.39 141.4 -3.31
8 162.07 108.25 0.31
9 61.12 22.62 -4.62
10 74.24 106.47 -2.76
11 71.5 126.31 -3.35
12 77.25 122.53 -3.32
13 60.75 98.13 -6.17
14 40.46 40.41 -6.97
15 24.25 38.5 -8.96
16 77.44 37.64 -3.23
17 151.29 131.13 0.03
18 59.75 124.41 -4.26
19 81.47 151.6 -3.76
20 70.31 108.01 -2.38
21 131.92 100.83 -0.21
22 223.49 133.54 4.12
23 241.67 133.21 7.8
24 64.44 116.78 -2.21
25 267.63 159.08 13.24
26 61.4 132.85 -3.44
27 17.71 35.56 -9.25
28 297.94 162.7 20.01
29 41.33 63.28 -7.72
30 57.95 103.35 -5.85
31 75.19 99.22 -3.34
32 58.04 110.53 -4.59
33 64.46 109.01 -2.08
34 66.33 135.24 -3.02
35 56.0 117.0 -2.32
36 270.0 154.0 7.64
37 270.0 138.0 7.69
1 74.53 114.11 -2.2
2 74.35 130.08 -2.66
3 69.37 103.51 -2.02
4 74.84 152.53 -2.52
5 160.61 100.3 1.23
6 68.8 132.31 -2.19
7 68.35 142.51 -2.5
8 162.13 108.69 1.03
9 57.9 19.87 -4.1
10 72.49 106.84 -1.91
11 69.45 127.14 -2.28
12 75.25 123.27 -2.58
13 57.39 98.32 -5.77
14 36.49 38.39 -6.66
15 19.12 35.84 -8.73
16 75.71 36.57 -2.33
17 151.22 131.73 0.75
18 57.01 125.23 -2.87
19 79.29 153.32 -2.76
20 68.77 108.49 -1.52
21 131.72 101.3 0.46
22 225.38 134.42 5.78
23 245.56 134.18 9.64
24 63.09 117.39 -1.34
25 274.43 162.01 15.87
26 59.16 133.72 -2.09
27 12.51 32.96 -9.35
28 36.9 61.71 -7.21
29 54.63 104.05 -4.94
30 73.23 99.47 -2.46
31 55.37 111.24 -3.24
32 63.22 109.53 -1.27
33 64.5 136.28 -2.0
34 55.4 117.16 -2.58
35 271.35 154.54 15.59
36 271.36 138.52 15.54
37 49.0 125.0 -1.86
38 219.0 136.0 3.12
39 281.0 146.0 9.37
40 256.0 152.0 6.72
41 28.0 59.0 -4.07
42 288.0 179.0 10.34
43 276.0 171.0 8.95
44 282.0 158.0 9.47
45 29.0 30.0 -3.92
1 73.6 116.09 -3.46
2 73.06 132.29 -3.85
3 68.42 105.15 -3.43
4 73.54 155.31 -4.08
5 161.54 102.09 0.14
6 67.68 134.42 -3.46
7 67.19 144.99 -3.73
8 162.93 110.57 0.05
9 56.36 19.17 -6.16
10 71.68 108.51 -3.15
11 68.35 129.19 -3.79
12 74.14 125.22 -3.74
13 54.6 101.01 -7.7
14 33.14 37.2 -8.73
15 14.68 34.15 -10.44
16 74.38 35.94 -3.72
17 151.67 133.79 0.1
18 55.52 127.13 -3.72
19 77.68 156.07 -4.1
20 68.26 110.13 -2.96
21 132.17 103.35 -0.36
22 228.62 136.76 4.82
23 250.98 136.75 9.43
24 62.58 119.22 -2.68
25 282.84 166.98 16.9
26 58.09 135.71 -3.46
27 33.47 61.4 -9.34
28 52.16 105.88 -6.73
29 71.97 101.04 -3.74
30 53.68 113.07 -5.13
31 62.8 111.28 -2.55
32 63.47 138.48 -3.26
33 53.97 118.85 -3.6
34 279.74 158.9 16.37
35 279.69 142.04 16.28
36 49.14 125.46 -5.23
37 219.8 136.56 4.0
38 283.02 146.89 16.67
39 257.6 152.79 10.81
40 27.78 59.33 -9.58
41 290.13 180.17 18.15
42 277.86 172.4 15.6
43 284.1 159.04 16.86
44 28.63 30.15 -9.09
45 244.0 128.0 3.71
46 291.0 153.0 9.45
1 72.17 116.56 -3.54
2 71.53 132.75 -3.84
3 67.14 105.45 -3.65
4 71.89 156.6 -4.24
5 161.98 102.33 0.52
6 66.41 135.05 -3.72
7 65.51 145.94 -3.85
8 163.29 110.94 0.27
9 53.56 16.77 -6.29
10 70.45 108.72 -3.2
11 66.89 129.73 -3.6
12 72.52 125.81 -3.73
13 50.96 102.13 -8.06
14 28.88 35.05 -8.98
15 9.51 31.58 -10.81
16 73.11 35.28 -3.75
17 152.03 134.18 0.2
18 53.82 127.74 -3.29
19 76.21 157.46 -4.44
20 67.13 110.56 -3.1
21 132.34 103.6 -0.08
22 231.88 137.38 5.59
23 256.5 137.3 11.39
24 61.67 119.56 -2.34
25 292.51 169.41 19.11
26 56.76 136.47 -3.56
27 28.79 59.67 -10.08
28 49.07 106.3 -7.17
29 70.51 101.16 -3.94
30 51.67 113.38 -4.46
31 61.87 111.59 -2.35
32 62.32 139.21 -3.46
33 52.58 119.32 -2.84
34 289.06 160.92 18.41
35 288.96 143.06 18.77
36 46.66 126.14 -4.42
37 222.73 136.93 4.64
38 292.53 148.39 19.2
39 263.93 154.31 12.33
40 22.97 57.54 -10.39
41 286.9 175.68 17.47
42 293.59 160.93 19.37
43 24.3 27.95 -9.55
44 245.27 127.65 8.13
45 293.18 153.12 19.39
46 44.0 119.0 -2.66
47 237.0 142.0 4.36
48 29.0 33.0 -4.34
1 69.77 117.11 -3.92
2 68.73 133.52 -4.17
3 64.68 105.61 -3.84
4 69.07 158.1 -4.24
5 161.81 102.83 0.52
6 63.82 135.71 -4.0
7 63.19 147.11 -4.11
8 163.15 111.53 0.24
9 49.79 13.54 -7.05
10 68.29 108.88 -3.56
11 64.28 130.45 -3.94
12 70.05 126.48 -4.33
13 23.78 31.86 -10.19
14 70.29 33.04 -4.13
15 151.9 134.89 0.19
16 51.69 128.33 -3.6
17 73.18 159.0 -4.38
18 65.03 110.84 -3.39
19 131.86 104.15 0.04
20 234.15 138.61 6.3
21 261.91 138.59 12.47
22 59.73 120.08 -2.34
23 54.39 137.2 -3.62
24 22.92 57.33 -10.62
25 44.83 106.81 -6.12
26 67.98 101.34 -4.31
27 48.04 113.79 -2.74
28 60.06 111.93 -2.36
29 59.8 140.0 -3.38
30 50.17 119.72 -2.42
31 43.59 126.45 -4.26
32 224.44 138.04 5.42
33 270.14 156.55 14.04
34 16.89 55.01 -11.06
35 295.47 180.23 20.92
36 18.84 24.29 -10.78
37 249.13 128.37 9.37
38 43.48 119.17 -4.96
39 237.65 142.51 7.09
40 28.48 32.5 -9.98
41 54.0 115.0 -1.78
42 37.0 122.0 -3.28
43 45.0 131.0 -2.55
44 306.0 157.0 12.17
1 67.82 116.15 -4.24
2 66.95 131.94 -4.52
3 62.68 104.26 -4.18
4 66.9 157.74 -4.46
5 162.3 101.65 0.26
6 62.09 134.61 -4.35
7 60.99 146.25 -4.21
8 163.42 110.44 0.18
9 46.25 8.36 -6.88
10 66.5 107.45 -3.88
11 62.46 129.3 -4.23
12 68.04 125.45 -4.46
13 18.54 26.83 -10.78
14 68.46 29.74 -4.51
15 152.14 133.66 0.12
16 50.06 127.11 -4.1
17 71.16 158.67 -4.81
18 63.33 109.48 -3.62
19 131.99 102.61 -0.09
20 237.59 137.59 7.02
21 268.8 137.58 13.93
22 58.74 118.64 -3.03
23 52.59 136.02 -3.92
24 17.29 53.08 -11.35
25 40.84 105.7 -3.82
26 65.71 99.87 -4.7
27 46.42 112.42 -2.75
28 59.03 110.48 -3.16
29 58.31 138.88 -3.9
30 49.19 118.47 -2.97
31 41.41 125.2 -3.63
32 227.54 136.78 5.67
33 277.94 156.79 15.58
34 11.15 50.56 -11.96
35 13.23 19.03 -11.42
36 254.16 126.81 10.63
37 40.43 117.69 -3.31
38 241.64 141.67 7.74
39 23.35 27.49 -10.68
40 53.39 114.97 -2.64
41 36.11 121.99 -4.63
42 44.47 131.06 -3.7
43 32.0 126.0 -2.99
1 65.44 116.23 -5.3
2 64.35 131.93 -5.37
3 60.35 103.71 -5.53
4 64.49 158.4 -5.67
5 162.36 101.0 0.07
6 59.57 134.47 -5.13
7 58.61 146.25 -5.3
8 163.41 109.79 0.11
9 64.32 106.89 -5.26
10 60.04 129.16 -5.15
11 65.46 125.43 -5.3
12 12.27 21.87 -11.49
13 65.8 26.53 -4.63
14 152.12 133.41 -0.02
15 47.72 126.76 -4.68
16 68.45 159.32 -5.67
17 61.3 108.99 -4.92
18 131.93 101.97 -0.53
19 241.31 137.71 7.33
20 276.13 137.66 15.22
21 57.18 118.1 -4.12
22 50.45 135.8 -4.81
23 10.68 49.07 -12.05
24 38.41 105.5 -3.84
25 63.11 99.52 -5.77
26 45.05 111.75 -3.4
27 57.41 109.79 -4.69
28 56.03 138.82 -4.65
29 47.53 117.85 -3.29
30 39.07 124.67 -3.72
31 230.61 136.76 5.42
32 286.15 158.33 17.13
33 259.57 126.51 11.48
34 38.35 117.17 -3.74
35 245.63 141.88 7.98
36 17.13 22.57 -10.72
37 52.02 114.33 -3.32
38 33.39 121.43 -4.88
39 42.2 130.89 -4.2
40 31.53 126.07 -6.17
41 31.0 114.0 -2.82
42 31.0 105.0 -3.0
43 26.0 119.0 -4.16
44 283.0 132.0 8.61
1 63.55 116.7 -5.64
2 62.39 131.73 -5.95
3 58.5 103.23 -5.99
4 62.38 159.08 -6.16
5 163.03 100.7 -0.09
6 57.7 134.36 -5.82
7 56.71 146.49 -6.01
8 164.2 109.59 -0.05
9 62.63 106.22 -5.83
10 58.2 128.95 -5.72
11 63.53 125.38 -5.87
12 63.88 23.72 -5.47
13 152.55 133.3 -0.3
14 46.01 126.52 -4.84
15 66.23 160.1 -6.33
16 59.74 108.48 -5.37
17 132.26 101.7 -0.78
18 245.88 137.8 8.5
19 284.88 137.69 16.74
20 55.84 117.72 -4.45
21 48.69 135.65 -5.13
22 37.23 105.05 -3.98
23 61.0 98.76 -6.06
24 43.84 111.45 -3.61
25 55.95 109.39 -5.03
26 54.38 138.77 -5.41
27 46.41 117.51 -3.5
28 37.9 124.37 -4.1
29 234.39 136.66 6.03
30 295.82 160.2 19.57
31 266.56 125.78 12.56
32 37.27 116.73 -3.92
33 250.73 142.22 8.79
34 12.08 18.09 -12.35
35 50.95 113.96 -3.49
36 31.49 120.95 -4.16
37 40.9 130.65 -4.56
38 28.86 125.74 -5.54
39 31.08 113.96 -4.16
40 31.14 104.87 -4.46
41 25.85 118.98 -6.45
42 285.11 131.88 16.9
43 39.0 115.0 -1.48
44 23.0 98.0 -4.36
1 59.86 116.55 -4.73
2 58.56 131.3 -5.12
3 54.58 102.28 -5.21
4 58.49 159.4 -5.28
5 162.47 99.96 0.81
6 54.02 133.65 -4.94
7 53.0 146.18 -5.1
8 163.56 108.86 0.99
9 58.78 105.32 -5.04
10 54.49 128.31 -4.84
11 59.72 124.73 -5.21
12 60.31 19.56 -4.2
13 152.14 132.54 0.27
14 42.66 125.68 -3.53
15 62.33 160.41 -5.47
16 56.12 107.54 -4.47
17 131.38 100.78 0.18
18 249.79 137.75 10.52
19 293.32 137.4 20.07
20 52.83 116.72 -3.74
21 45.34 134.9 -4.12
22 34.4 104.08 -3.41
23 57.01 97.78 -5.29
24 41.35 110.41 -2.87
25 52.55 108.32 -4.2
26 50.98 138.15 -4.52
27 43.96 116.56 -2.58
28 34.97 123.49 -2.81
29 236.92 136.31 7.85
30 272.68 125.26 15.04
31 34.47 115.82 -3.06
32 254.88 142.17 10.76
33 48.37 112.88 -2.67
34 28.32 120.05 -2.86
35 37.64 129.79 -3.55
36 24.82 124.84 -3.28
37 28.06 113.05 -3.29
38 27.83 103.63 -3.33
39 21.3 117.96 -4.54
40 293.62 131.62 20.06
41 38.6 114.69 -2.76
42 22.08 97.58 -6.78
43 17.0 86.0 -5.67
44 306.0 139.0 12.02
45 14.0 154.0 -7.04
1 57.31 117.39 -5.5
2 55.9 131.43 -6.11
3 51.54 102.25 -6.11
4 55.95 160.84 -6.37
5 162.97 100.12 0.4
6 51.49 133.8 -5.96
7 50.43 146.99 -6.05
8 164.17 109.2 0.34
9 55.94 105.54 -5.83
10 52.05 128.48 -5.8
11 57.17 124.94 -6.21
12 57.85 16.35 -5.19
13 152.37 133.03 -0.01
14 40.78 125.85 -4.48
15 59.68 161.94 -6.42
16 53.6 107.55 -5.28
17 131.49 100.83 -0.27
18 255.67 139.3 10.81
19 50.83 116.72 -4.5
20 43.38 135.2 -5.43
21 32.81 103.74 -3.55
22 54.01 97.87 -6.31
23 39.86 110.22 -3.26
24 50.24 108.2 -5.17
25 48.57 138.58 -5.37
26 42.6 116.52 -3.29
27 33.49 123.53 -3.83
28 241.45 137.29 7.78
29 280.9 125.55 16.18
30 33.04 115.78 -3.58
31 260.83 143.51 11.23
32 47.2 112.7 -3.69
33 27.02 120.04 -3.61
34 35.97 129.96 -4.64
35 22.88 124.86 -4.11
36 26.57 112.97 -3.64
37 26.32 103.34 -3.65
38 18.8 117.86 -4.64
39 37.29 114.65 -3.4
40 18.2 96.63 -6.62
41 16.07 85.65 -12.07
42 13.08 154.28 -11.74
43 16.0 101.0 -2.89
44 17.0 113.0 -2.86
45 28.0 127.0 -2.66
46 18.0 90.0 -2.37
47 232.0 137.0 3.1
1 54.07 117.64 -5.01
2 52.42 131.47 -5.91
3 48.1 102.16 -5.92
4 52.05 161.91 -5.85
5 163.0 100.17 0.67
6 47.97 133.9 -5.62
7 46.66 147.37 -5.81
8 164.13 109.29 0.75
9 52.55 105.61 -5.75
10 48.65 128.52 -5.52
11 53.54 125.03 -5.89
12 54.56 13.1 -4.83
13 152.22 133.14 0.5
14 38.15 125.79 -4.16
15 55.73 163.1 -5.93
16 50.57 107.48 -5.27
17 131.2 101.15 0.05
18 261.14 139.96 12.56
19 48.18 116.61 -4.5
20 40.13 135.25 -4.91
21 30.61 103.48 -3.83
22 50.46 98.08 -6.3
23 37.78 109.95 -2.89
24 47.33 107.99 -4.91
25 45.38 138.67 -5.41
26 40.6 116.37 -3.22
27 31.29 123.41 -3.25
28 245.35 137.71 9.0
29 289.12 125.51 18.8
30 30.7 115.64 -3.39
31 266.52 144.44 13.02
32 44.9 112.52 -3.69
33 24.62 119.92 -3.17
34 33.21 129.9 -4.33
35 20.52 124.81 -3.37
36 24.22 112.85 -3.63
37 24.08 102.96 -3.8
38 15.82 117.78 -3.46
39 35.17 114.5 -3.03
40 13.5 95.7 -3.8
41 14.78 100.5 -3.65
42 16.02 112.59 -3.75
43 27.16 126.58 -3.79
44 16.4 89.28 -2.46
45 232.22 137.14 6.38
46 8.0 114.0 -1.9
47 277.0 148.0 7.8
1 51.9 117.89 -6.61
2 49.82 132.12 -7.48
3 45.26 102.37 -7.39
4 49.54 164.02 -8.27
5 163.73 100.24 -0.06
6 45.53 134.58 -7.27
7 44.4 148.43 -7.76
8 164.86 109.43 -0.05
9 49.94 105.76 -7.55
10 46.31 129.18 -7.38
11 50.93 125.57 -7.87
12 153.01 133.41 -0.54
13 36.52 126.46 -5.35
14 53.22 165.31 -8.32
15 48.29 107.59 -7.24
16 131.54 101.22 -0.48
17 268.51 140.97 12.83
18 46.47 116.8 -6.49
19 37.98 135.8 -6.58
20 29.45 103.6 -4.7
21 47.5 98.24 -8.08
22 36.85 110.21 -4.32
23 45.11 108.18 -6.49
24 43.24 139.42 -7.13
25 39.58 116.62 -5.19
26 29.99 123.94 -4.38
27 250.57 138.4 9.05
28 29.7 116.24 -4.55
29 274.21 145.49 13.04
30 43.67 112.72 -5.85
31 23.67 120.44 -4.44
32 31.47 130.53 -5.79
33 19.07 125.37 -4.64
34 23.17 113.34 -4.69
35 22.9 103.03 -4.65
36 14.26 118.16 -4.79
37 34.26 114.87 -4.43
38 11.67 95.54 -4.7
39 13.16 100.42 -4.98
40 14.19 112.93 -4.89
41 25.59 127.17 -5.05
42 15.84 89.36 -4.27
43 236.34 137.6 5.79
44 8.04 114.36 -5.0
45 279.21 148.37 13.79
46 17.0 97.0 -2.16
47 249.0 128.0 4.48
48 233.0 136.0 2.89
49 268.0 144.0 7.18
1 48.78 117.75 -7.34
2 46.26 132.49 -7.44
3 41.74 102.44 -7.06
4 45.68 165.82 -8.45
5 163.98 100.34 0.17
6 42.1 135.04 -7.3
7 40.73 149.17 -7.71
8 165.13 109.54 0.45
9 46.39 105.74 -7.56
10 42.76 129.54 -7.35
11 47.27 125.82 -7.83
12 153.29 133.58 0.05
13 34.01 126.7 -5.1
14 49.33 167.08 -8.45
15 44.84 107.56 -7.05
16 131.51 101.17 -0.33
17 275.71 142.37 14.99
18 43.48 116.78 -7.11
19 35.01 136.29 -6.5
20 26.77 103.47 -4.06
21 43.67 98.34 -7.94
22 34.92 110.21 -4.81
23 42.14 108.18 -6.62
24 39.8 139.89 -7.07
25 37.38 116.66 -5.93
26 28.14 124.15 -4.06
27 256.01 139.15 10.41
28 27.37 116.31 -4.05
29 281.58 146.77 15.14
30 41.04 112.73 -6.01
31 21.59 120.61 -4.09
32 28.84 130.84 -5.33
33 17.17 125.58 -4.56
34 20.64 113.42 -4.14
35 20.3 102.8 -4.03
36 12.36 118.38 -4.74
37 32.25 115.01 -3.92
38 9.7 95.39 -4.56
39 11.13 100.28 -4.97
40 12.23 113.16 -5.05
41 23.39 127.37 -4.81
42 13.97 89.28 -3.8
43 239.8 138.21 7.04
44 6.05 114.41 -5.17
45 286.85 149.61 16.46
46 17.03 96.79 -3.85
47 250.39 127.76 9.16
48 234.15 135.73 5.93
49 270.01 143.82 14.09
50 229.0 125.0 3.6
1 44.09 116.95 -8.46
2 41.54 132.86 -7.94
3 37.31 102.23 -7.8
4 40.69 167.66 -8.36
5 163.76 100.73 0.35
6 37.45 135.46 -7.85
7 35.83 150.14 -7.85
8 164.84 110.09 0.5
9 41.52 105.45 -7.97
10 38.26 129.91 -7.93
11 42.35 126.14 -8.03
12 152.52 134.35 0.51
13 30.8 126.91 -5.24
14 44.39 169.16 -8.34
15 40.29 107.3 -7.64
16 130.97 101.8 -0.12
17 283.07 144.78 17.22
18 38.79 116.53 -7.43
19 30.67 136.63 -6.89
20 24.52 103.26 -3.96
21 31.96 109.96 -6.29
22 37.81 107.89 -7.03
23 35.33 140.38 -7.81
24 33.46 116.47 -6.37
25 25.22 124.2 -3.56
26 260.95 140.69 11.91
27 24.82 116.26 -3.85
28 288.99 149.18 17.43
29 37.08 112.48 -6.45
30 18.86 120.54 -3.81
31 25.15 131.15 -5.17
32 14.0 125.56 -4.32
33 18.23 113.34 -3.91
34 17.99 102.45 -3.97
35 9.07 118.21 -4.24
36 29.57 114.82 -4.99
37 6.58 94.71 -4.06
38 7.79 99.57 -4.23
39 8.87 112.9 -4.44
40 20.16 127.38 -4.55
41 11.19 88.47 -3.44
42 242.88 139.43 8.41
43 2.67 114.13 -4.48
44 294.93 152.27 18.64
45 14.57 96.41 -3.76
46 254.58 128.98 10.32
47 236.65 137.16 6.91
48 276.9 146.28 16.02
49 229.85 125.48 5.66
50 251.0 139.0 4.63
1 39.7 117.07 -8.28
2 37.47 133.27 -8.51
3 33.27 102.37 -8.16
4 36.36 169.63 -8.84
5 164.1 101.01 0.2
6 33.4 135.72 -8.33
7 31.88 150.96 -8.43
8 165.17 110.39 0.91
9 37.31 105.59 -7.93
10 34.15 130.33 -8.22
11 38.17 126.56 -8.68
12 152.9 134.65 0.86
13 27.81 127.3 -5.52
14 40.04 171.17 -8.75
15 36.23 107.46 -7.51
16 130.97 102.13 -0.13
17 292.4 146.34 19.62
18 34.79 116.39 -6.92
19 27.28 136.97 -7.45
20 22.48 103.2 -4.06
21 28.7 110.0 -6.55
22 34.02 108.01 -7.02
23 31.32 140.58 -8.2
24 30.07 116.47 -6.35
25 23.15 124.33 -3.94
26 267.5 141.81 13.55
27 22.74 116.41 -3.98
28 298.44 150.74 19.86
29 33.6 112.5 -6.46
30 16.62 120.69 -3.69
31 22.5 131.43 -5.08
32 11.34 125.7 -3.81
33 16.17 113.49 -3.93
34 15.91 102.37 -3.94
35 6.64 118.34 -4.09
36 27.37 114.88 -5.86
37 5.47 99.43 -4.13
38 6.3 113.01 -4.74
39 17.45 127.55 -4.24
40 9.48 88.35 -3.58
41 247.51 140.4 9.41
42 0.08 114.1 -4.53
43 12.64 96.37 -3.71
44 260.29 129.62 11.72
45 240.54 137.96 7.64
46 285.58 147.76 17.93
47 232.91 125.66 6.56
48 251.52 138.99 10.53
49 263.0 137.0 7.04
50 268.0 126.0 7.2
1 34.77 117.53 -8.51
2 32.51 134.14 -9.74
3 30.79 172.18 -10.07
4 164.01 101.37 0.22
5 28.5 136.54 -9.23
6 26.42 152.14 -9.65
7 165.21 110.85 0.68
8 29.18 131.05 -8.56
9 33.08 127.51 -9.5
10 152.67 135.41 0.51
11 24.63 128.03 -6.64
12 34.53 173.81 -10.03
13 130.7 102.2 -0.22
14 30.61 116.46 -7.07
15 22.75 137.77 -8.47
16 19.41 103.25 -5.69
17 25.04 110.2 -7.46
18 30.14 108.59 -8.59
19 26.38 141.28 -9.59
20 26.37 116.63 -6.72
21 21.0 124.87 -5.41
22 274.09 143.52 15.02
23 20.21 116.79 -5.14
24 29.96 112.86 -7.91
25 14.27 121.19 -4.35
26 19.19 132.21 -6.0
27 8.84 126.23 -4.66
28 13.29 113.81 -4.61
29 12.88 102.27 -4.5
30 4.19 118.73 -4.44
31 23.91 115.14 -6.44
32 2.6 99.25 -3.74
33 3.3 113.5 -4.51
34 14.75 128.13 -5.17
35 7.14 88.09 -4.05
36 252.12 141.74 10.14
37 9.88 96.36 -4.18
38 265.92 130.68 12.63
39 244.06 139.29 8.17
40 294.47 149.79 19.56
41 235.76 126.43 6.83
42 256.77 140.51 10.98
43 263.91 137.35 12.7
44 268.98 126.38 12.77
45 277.0 148.0 7.43
1 27.41 134.28 -10.26
2 25.48 173.91 -10.93
3 164.3 101.16 -0.06
4 23.65 136.69 -10.02
5 21.72 152.64 -11.4
6 166.09 110.67 -0.08
7 24.6 131.32 -9.14
8 27.95 127.74 -9.65
9 153.51 135.38 -0.17
10 21.39 128.15 -8.2
11 29.26 175.78 -10.91
12 130.79 102.51 -0.71
13 27.3 115.67 -9.76
14 18.59 137.98 -9.57
15 17.72 102.79 -8.71
16 21.34 109.82 -7.8
17 26.16 108.37 -10.72
18 21.6 141.37 -11.06
19 23.08 116.36 -8.22
20 18.55 124.72 -7.7
21 282.51 144.53 16.29
22 18.22 116.65 -7.18
23 26.31 112.27 -10.23
24 12.34 121.08 -5.65
25 16.54 132.3 -7.88
26 6.72 126.1 -5.65
27 11.57 113.71 -5.31
28 11.32 101.86 -5.22
29 2.19 118.6 -5.02
30 20.74 114.71 -7.25
31 0.58 98.73 -4.49
32 1.26 113.36 -5.22
33 12.46 128.06 -6.82
34 5.5 87.56 -5.38
35 258.0 142.44 10.37
36 8.33 95.96 -5.14
37 273.07 130.9 13.44
38 248.89 139.73 8.23
39 239.87 126.37 6.77
40 263.1 141.22 11.5
41 271.1 137.69 13.4
42 276.25 126.43 13.65
43 278.31 148.66 14.92
44 257.0 145.0 5.39
45 247.0 125.0 4.32
1 21.94 134.29 -11.42
2 19.82 175.69 -12.2
3 164.26 100.9 0.12
4 18.48 136.66 -11.08
5 15.86 153.05 -12.39
6 166.11 110.51 0.21
7 19.88 131.31 -11.04
8 22.91 127.5 -11.43
9 153.43 135.3 0.0
10 17.4 127.73 -10.78
11 23.61 177.69 -12.2
12 130.46 101.83 -0.82
13 22.62 114.62 -10.93
14 13.5 137.81 -10.11
15 12.79 100.98 -9.52
16 17.07 108.78 -8.56
17 20.31 107.3 -10.59
18 15.93 140.95 -11.52
19 18.84 115.59 -9.11
20 14.98 124.31 -10.25
21 291.21 145.41 18.05
22 14.59 116.09 -8.64
23 20.95 111.17 -9.96
24 9.63 120.54 -8.13
25 12.53 132.1 -9.38
26 3.82 125.69 -5.73
27 8.6 113.19 -7.23
28 8.37 100.97 -7.87
29 17.01 113.96 -8.51
30 -1.53 98.13 -4.13
31 9.14 127.62 -9.21
32 2.78 86.75 -4.49
33 263.5 143.16 11.83
34 5.57 95.18 -6.05
35 280.32 131.12 15.03
36 253.21 140.29 9.0
37 243.6 126.23 7.37
38 269.3 142.04 13.04
39 278.29 138.02 14.78
40 283.62 126.39 15.39
41 286.3 149.7 16.08
42 258.09 145.06 10.47
43 248.09 125.08 7.52
44 297.0 154.0 9.56
45 292.0 140.0 9.17
1 164.77 99.81 -0.28
2 166.5 109.5 -0.09
3 154.25 134.55 -0.54
4 130.42 100.75 -1.56
5 270.53 143.11 14.04
6 288.9 130.41 18.59
7 258.79 139.97 10.72
8 248.37 125.22 8.9
9 276.8 141.96 16.14
10 286.77 137.44 18.22
11 292.54 125.33 19.08
12 295.73 149.98 19.97
13 264.52 144.91 12.72
14 252.9 124.06 9.3
15 299.64 153.9 20.48
16 294.68 139.77 20.33
1 164.38 99.76 1.14
2 166.3 109.53 0.61
3 153.44 134.81 1.15
4 129.39 101.1 -0.84
5 278.1 144.37 15.42
6 298.95 131.06 21.28
7 264.48 140.88 12.17
8 252.87 125.31 9.99
9 285.57 143.31 17.68
10 296.65 138.25 19.9
11 271.16 146.12 14.18
12 257.67 124.23 10.34
13 264.0 140.0 6.48
14 282.0 168.0 7.93
15 160.0 109.0 0.44
1 165.48 99.69 0.37
2 167.03 109.43 0.14
3 154.72 135.21 -0.02
4 129.39 100.69 -1.2
5 286.85 145.47 18.52
6 271.52 141.79 14.22
7 258.67 125.25 11.71
8 279.35 147.16 17.09
9 263.62 124.28 12.46
10 265.74 139.77 12.97
11 284.23 168.26 16.69
12 160.67 108.95 -0.08
13 291.0 151.0 11.25
1 165.5 99.35 0.66
2 166.94 109.14 0.46
3 154.68 135.18 0.2
4 128.48 100.49 -0.49
5 295.48 146.41 20.51
6 278.13 142.35 16.2
7 264.39 124.89 12.91
8 287.08 147.91 19.35
9 269.57 123.91 14.12
10 271.71 140.14 14.94
11 291.72 170.94 18.95
12 160.48 108.61 0.34
13 292.76 151.43 19.89
14 300.0 145.0 10.18
15 272.0 130.0 6.98
16 256.0 140.0 5.44
17 61.0 57.0 -2.79
1 166.35 100.0 -0.07
2 167.5 109.88 -0.1
3 155.17 136.29 -0.39
4 128.53 100.92 -1.34
5 288.02 145.23 15.36
6 272.3 126.28 12.32
7 298.73 151.18 19.79
8 278.0 125.29 14.35
9 280.97 142.61 14.37
10 160.93 109.4 -0.23
11 273.89 130.31 12.58
12 257.63 140.44 9.7
13 60.8 56.6 -6.88
14 288.0 150.0 8.64
15 281.0 140.0 7.83
16 43.0 23.0 -5.09
17 246.0 147.0 3.87
18 182.0 138.0 -0.05
1 166.18 100.63 0.31
2 167.41 110.6 0.11
3 154.92 136.9 0.21
4 127.89 101.47 -1.82
5 296.07 147.34 17.69
6 278.59 127.11 15.17
7 285.12 126.1 17.31
8 288.58 144.39 17.12
9 160.81 110.18 -0.07
10 280.37 131.17 15.32
11 262.74 142.12 11.41
12 57.39 54.98 -7.67
13 289.83 150.24 17.44
14 282.64 140.21 16.48
15 42.18 22.58 -9.82
16 246.59 147.37 7.98
17 182.17 138.13 -0.32
18 282.0 120.0 8.83
19 248.0 123.0 4.36
20 247.0 138.0 4.57
1 166.33 98.46 0.26
2 167.5 108.47 0.11
3 155.05 135.02 -0.07
4 127.2 98.81 -1.64
5 286.69 124.87 18.41
6 294.4 123.9 21.99
7 297.76 143.28 22.02
8 160.84 107.97 -0.15
9 288.49 128.9 18.89
10 268.88 140.47 13.83
11 52.91 49.23 -8.84
12 291.45 138.91 20.03
13 36.47 15.34 -10.81
14 251.05 145.88 9.3
15 182.28 136.39 -0.19
16 284.03 119.43 17.91
17 249.25 122.36 8.4
18 248.22 137.45 9.0
19 273.0 146.0 8.51
1 166.39 98.24 1.04
2 167.43 108.32 0.77
3 154.77 135.27 0.73
4 125.67 98.62 -0.09
5 296.79 125.13 20.94
6 160.62 107.72 0.57
7 298.72 129.21 22.0
8 276.37 141.95 15.79
9 47.96 44.89 -9.08
10 256.04 147.26 11.0
11 181.66 136.94 1.23
12 293.83 119.43 20.52
13 253.55 123.21 10.86
14 253.03 138.32 10.5
15 275.25 146.92 15.57
16 139.0 95.0 0.57
17 259.0 132.0 6.38
1 167.0 95.62 1.29
2 167.86 105.81 1.59
3 155.4 132.97 1.42
4 125.72 95.93 0.09
5 160.88 105.28 1.78
6 284.99 140.24 17.55
7 43.18 38.38 -8.67
8 262.22 145.47 12.56
9 182.54 134.54 1.15
10 259.6 120.27 12.04
11 258.84 136.42 11.9
12 283.75 145.41 17.54
13 139.44 94.17 0.54
14 260.6 131.14 11.99
1 167.55 92.9 1.19
2 168.28 103.51 1.84
3 155.69 130.79 1.72
4 125.55 93.21 0.12
5 161.33 102.95 1.64
6 294.2 138.6 20.8
7 268.39 144.12 15.15
8 183.3 132.36 1.44
9 265.62 117.25 13.89
10 264.85 134.39 14.04
11 292.85 143.93 20.79
12 139.63 91.32 0.62
13 266.74 128.68 13.94
14 248.0 129.0 5.58
15 130.0 95.0 0.01
16 279.0 148.0 8.83
17 266.0 127.0 7.87
18 197.0 92.0 1.13
1 168.31 94.71 0.61
2 169.48 105.18 0.86
3 156.9 132.94 0.51
4 125.66 95.16 -0.58
5 162.64 104.55 0.45
6 276.16 146.54 15.14
7 183.5 134.54 1.57
8 272.48 118.49 14.25
9 272.01 136.44 14.11
10 139.79 93.07 0.39
11 273.77 130.82 14.39
12 248.83 129.51 9.51
13 129.91 95.43 -0.26
14 280.28 148.85 15.63
15 267.21 127.79 13.59
16 197.34 92.41 1.52
17 280.0 145.0 7.45
18 29.0 29.0 -5.75
19 146.0 140.0 -0.1
1 168.92 97.72 0.21
2 170.27 108.26 0.12
3 157.5 136.3 -0.15
4 125.66 98.24 -1.26
5 163.14 107.53 -0.05
6 285.15 151.02 14.65
7 185.02 137.89 0.27
8 280.79 121.08 14.18
9 280.52 140.19 13.71
10 140.33 96.21 -0.31
11 282.39 134.34 14.01
12 254.67 133.09 8.67
13 130.08 98.66 -1.09
14 289.57 153.35 15.4
15 275.41 131.22 13.07
16 198.45 95.44 1.04
17 281.61 144.94 14.14
18 27.78 28.48 -11.65
19 146.11 139.83 -0.42
20 281.0 142.0 7.78
21 243.0 141.0 3.52
22 145.0 100.0 -0.14
23 168.0 78.0 0.11
24 83.0 75.0 -2.76
25 180.0 108.0 0.23
26 156.0 143.0 -0.15
1 169.11 97.46 1.01
2 170.49 107.87 0.64
3 157.54 136.28 0.41
4 124.98 97.87 -0.6
5 163.21 107.25 0.66
6 293.31 152.35 16.89
7 185.38 137.88 1.11
8 288.45 120.31 15.94
9 288.09 140.82 15.86
10 140.26 95.63 0.35
11 290.14 134.69 16.23
12 259.49 133.06 10.29
13 129.57 98.4 -0.47
14 298.07 154.88 17.83
15 282.76 131.45 15.16
16 199.09 95.01 1.58
17 289.46 145.97 16.28
18 21.54 23.44 -12.0
19 146.07 139.89 0.18
20 283.02 141.31 15.26
21 244.01 140.39 7.15
22 145.05 99.33 0.28
23 168.1 77.11 0.53
24 82.36 73.75 -4.89
25 180.25 107.38 1.0
26 156.2 142.3 0.28
27 294.0 130.0 9.78
28 204.0 93.0 1.26
1 168.9 97.5 1.8
2 170.13 108.19 1.41
3 157.26 136.62 1.24
4 124.01 97.71 -0.48
5 162.9 107.48 1.16
6 301.56 154.38 21.43
7 185.17 138.25 1.31
8 295.75 142.17 19.58
9 139.72 95.55 0.92
10 297.97 135.63 19.75
11 264.28 133.68 12.45
12 128.76 98.31 -0.31
13 290.09 132.34 18.45
14 199.38 95.04 2.85
15 297.39 147.68 20.01
16 14.71 17.87 -12.37
17 145.55 140.19 0.74
18 290.41 142.64 18.76
19 247.06 141.46 8.32
20 144.62 99.37 0.91
21 168.07 76.66 1.46
22 79.3 71.94 -4.72
23 180.08 107.53 1.54
24 155.76 142.61 1.14
25 295.57 130.29 19.15
26 203.91 93.03 3.46
27 274.0 136.0 7.05
28 292.0 131.0 10.05
29 254.0 120.0 4.94
30 301.0 159.0 11.34
31 311.0 141.0 12.14
1 169.94 97.64 1.01
2 170.96 108.45 0.72
3 157.77 136.89 0.75
4 123.96 98.34 -1.54
5 163.66 107.8 0.54
6 186.3 138.67 0.1
7 140.33 96.11 0.17
8 270.92 134.13 14.6
9 128.67 99.63 -0.48
10 200.69 95.33 2.37
11 146.05 140.61 0.08
12 251.58 142.27 9.22
13 145.19 99.74 0.27
14 168.44 76.63 1.41
15 76.82 71.16 -7.22
16 181.2 107.86 0.91
17 156.32 142.94 0.59
18 205.29 93.31 3.23
19 275.21 135.73 14.94
20 293.46 130.73 21.21
21 254.63 119.69 10.33
22 220.0 75.0 2.71
23 79.0 68.0 -3.84
24 254.0 124.0 5.66
25 143.0 130.0 -0.25
26 223.0 36.0 3.39
1 170.61 92.94 1.26
2 171.28 103.74 0.98
3 158.05 132.63 1.59
4 122.74 93.15 -0.38
5 163.77 102.98 1.08
6 186.32 134.64 1.85
7 140.2 90.69 0.66
8 279.23 129.98 15.19
9 128.19 94.53 0.07
10 202.34 90.31 2.4
11 146.01 136.86 0.94
12 256.49 138.41 10.68
13 145.24 94.44 0.88
14 169.31 70.47 1.02
15 72.96 62.43 -6.75
16 181.47 102.93 1.82
17 156.72 138.82 1.56
18 207.57 88.3 2.52
19 283.48 131.6 15.99
20 260.42 115.33 11.18
21 220.67 73.21 4.7
22 77.53 65.55 -5.09
23 255.49 122.73 10.35
24 142.56 128.11 0.96
25 224.05 33.4 4.98
26 260.0 107.0 6.41
1 171.59 90.09 0.8
2 171.99 101.16 1.23
3 158.96 130.23 1.13
4 122.67 90.07 -0.34
5 164.56 100.43 1.04
6 186.93 132.3 1.96
7 140.78 87.56 0.28
8 287.69 127.55 15.94
9 128.33 91.53 -0.07
10 203.76 87.49 2.3
11 146.72 134.35 0.5
12 262.7 136.56 10.85
13 145.85 91.37 0.51
14 170.03 67.01 0.83
15 69.49 56.65 -7.36
16 182.62 100.51 1.42
17 157.47 136.41 1.34
18 208.95 85.52 2.7
19 292.35 129.24 16.82
20 266.75 112.31 11.29
21 223.76 69.02 4.21
22 75.01 60.42 -5.4
23 261.41 120.22 10.56
24 143.44 126.09 0.18
25 226.94 28.0 4.24
26 261.7 106.9 10.76
27 289.0 125.0 8.92
28 229.0 46.0 2.36
29 249.0 120.0 4.21
30 62.0 48.0 -4.17
1 171.96 89.47 0.65
2 172.49 100.65 1.0
3 159.73 129.99 0.7
4 122.37 89.46 -1.1
5 165.07 99.94 0.79
6 188.27 131.97 1.19
7 140.88 87.14 0.03
8 296.21 126.73 17.43
9 128.27 91.07 -0.8
10 204.92 86.48 1.72
11 146.98 134.33 0.32
12 268.23 136.42 11.46
13 146.18 90.8 0.14
14 170.41 65.86 0.97
15 65.63 54.05 -8.38
16 183.39 99.99 0.99
17 158.38 136.31 0.69
18 210.2 84.51 2.15
19 301.32 128.45 18.33
20 272.86 110.69 12.3
21 225.91 67.03 4.66
22 72.06 58.4 -6.52
23 267.15 119.27 11.32
24 143.54 125.87 0.14
25 229.53 24.56 3.7
26 267.59 105.07 11.39
27 290.84 124.89 16.73
28 229.56 45.5 4.84
29 249.77 119.76 8.13
30 61.45 47.62 -8.6
31 184.0 127.0 0.56
32 269.0 126.0 5.77
33 194.0 90.0 0.42
34 230.0 80.0 2.41
35 182.0 104.0 0.29
36 157.0 101.0 0.14
37 199.0 85.0 0.51
38 74.0 8.0 -3.85
39 303.0 137.0 9.69
1 172.14 88.49 0.71
2 172.7 99.92 0.99
3 159.83 129.33 0.85
4 121.75 88.79 -1.36
5 165.24 99.23 1.0
6 188.51 131.33 1.67
7 140.8 86.17 0.05
8 127.68 90.5 -0.81
9 205.95 85.55 1.76
10 147.0 133.69 0.58
11 274.37 136.31 12.9
12 146.15 89.83 0.15
13 170.68 64.4 0.86
14 61.27 50.6 -9.62
15 183.74 99.29 1.13
16 158.5 135.6 0.93
17 211.57 83.55 2.01
18 279.11 109.2 13.75
19 228.04 64.56 5.09
20 68.64 55.57 -7.32
21 272.74 118.19 12.81
22 143.52 125.1 0.38
23 231.59 20.92 3.84
24 273.2 103.14 12.66
25 299.53 124.02 19.21
26 231.95 41.88 4.85
27 253.49 118.59 9.73
28 56.99 43.96 -9.71
29 183.72 126.49 1.35
30 269.52 125.77 11.94
31 193.77 89.41 1.15
32 230.11 79.48 4.78
33 181.7 103.59 1.15
34 156.66 100.71 0.64
35 198.84 84.52 1.46
36 73.52 6.93 -7.73
37 155.0 130.0 0.35
38 151.0 90.0 0.0
1 172.55 86.91 0.8
2 173.42 98.6 1.08
3 160.4 128.46 0.72
4 121.0 87.27 -1.13
5 165.79 97.9 0.92
6 189.42 130.37 1.41
7 140.87 84.56 0.62
8 127.38 88.81 -0.53
9 206.66 83.97 2.2
10 147.2 132.94 1.03
11 281.34 135.65 13.57
12 146.28 88.37 0.66
13 171.26 62.08 0.66
14 56.12 46.18 -8.51
15 184.34 98.04 0.97
16 158.99 134.78 0.96
17 212.37 82.01 2.33
18 286.51 106.77 14.27
19 230.81 61.15 4.24
20 64.83 51.97 -6.16
21 279.62 116.17 13.19
22 143.57 124.43 1.02
23 233.5 17.08 3.58
24 280.29 100.08 12.9
25 234.5 37.96 4.23
26 258.74 116.87 9.77
27 51.77 39.03 -8.56
28 184.46 125.54 1.51
29 276.01 124.4 12.35
30 194.43 88.25 1.05
31 232.67 76.56 4.57
32 182.16 102.3 1.25
33 157.1 99.22 0.71
34 199.52 83.04 1.8
35 154.89 130.34 0.81
36 150.92 90.28 0.76
37 297.0 105.0 8.01
38 291.0 115.0 7.63
39 126.0 57.0 -0.03
40 53.0 12.0 -3.67
1 172.91 85.11 0.65
2 173.87 97.12 0.62
3 160.74 127.35 0.24
4 120.27 85.62 -1.27
5 166.37 96.38 0.27
6 190.19 129.12 0.7
7 140.94 82.75 0.45
8 126.87 87.24 -0.22
9 208.08 81.65 1.61
10 147.77 131.72 -0.23
11 289.18 134.61 14.33
12 146.4 86.55 0.45
13 171.98 59.45 0.35
14 50.43 41.32 -7.62
15 185.0 96.4 0.43
16 159.54 133.6 0.1
17 213.83 79.68 1.89
18 294.67 103.83 15.19
19 233.8 56.9 4.02
20 60.78 48.11 -5.73
21 287.23 113.71 13.81
22 144.17 123.08 -0.25
23 236.29 11.1 4.08
24 287.68 96.46 13.79
25 237.54 33.23 4.68
26 264.44 114.6 9.8
27 45.99 33.96 -7.5
28 185.21 124.29 0.72
29 283.03 122.62 12.67
30 195.15 86.76 0.6
31 235.64 73.17 4.86
32 183.02 100.72 0.48
33 157.41 97.37 0.31
34 200.7 80.85 1.32
35 155.46 129.14 0.04
36 151.15 88.41 0.43
37 298.92 104.74 16.01
38 292.65 114.79 14.77
39 126.0 56.22 -0.1
40 52.05 10.37 -6.69
41 198.0 133.0 0.23
42 162.0 124.0 -0.11
43 239.0 71.0 3.45
1 172.99 89.81 1.88
2 174.08 101.75 1.4
3 160.91 132.19 1.4
4 119.07 90.6 -0.0
5 166.39 101.08 1.32
6 190.48 133.69 2.25
7 140.79 87.67 1.58
8 126.54 92.25 0.36
9 208.51 86.22 2.78
10 147.72 136.59 1.11
11 296.2 139.65 17.85
12 146.33 91.42 1.55
13 171.74 64.2 2.02
14 45.64 44.34 -7.38
15 184.88 101.05 1.95
16 159.69 138.42 1.03
17 214.33 84.21 3.2
18 301.93 107.31 18.97
19 235.07 60.21 5.78
20 57.09 51.81 -5.56
21 293.91 117.7 16.83
22 144.01 127.82 1.31
23 236.99 14.22 6.55
24 293.95 99.36 16.87
25 238.75 35.58 7.28
26 268.89 118.57 12.47
27 41.2 36.77 -7.44
28 185.54 129.0 2.03
29 289.28 127.23 15.57
30 195.36 91.32 1.97
31 237.29 76.65 7.05
32 183.11 105.37 1.53
33 157.43 102.23 1.22
34 201.14 85.41 2.16
35 155.52 134.01 1.11
36 151.05 93.24 1.5
37 299.78 118.68 18.58
38 125.34 60.93 0.96
39 47.55 12.68 -6.2
40 197.58 132.58 2.68
41 161.77 123.66 1.29
42 239.07 70.15 7.3
43 301.0 127.0 9.54
44 309.0 117.0 11.37
45 238.0 83.0 3.35
1 173.41 91.79 0.64
2 174.39 103.81 0.24
3 160.95 134.36 0.45
4 166.57 103.04 0.13
5 190.86 136.26 0.93
6 141.15 89.41 -0.49
7 126.47 93.58 -1.84
8 209.81 88.57 1.91
9 147.44 138.81 0.04
10 146.63 92.98 -0.17
11 172.17 65.57 0.44
12 41.42 41.62 -11.83
13 185.41 103.26 1.05
14 159.56 140.59 0.7
15 215.84 86.53 2.34
16 238.22 61.24 4.62
17 53.36 49.58 -9.69
18 302.61 121.18 17.72
19 143.75 129.82 -0.08
20 240.67 13.52 4.31
21 302.84 101.38 18.16
22 242.6 36.06 5.92
23 275.3 121.94 12.11
24 36.93 33.48 -11.99
25 185.9 131.46 1.2
26 297.27 131.26 15.88
27 195.74 93.64 1.14
28 240.66 78.3 6.07
29 183.44 107.54 0.78
30 157.61 104.04 0.34
31 202.08 87.43 1.42
32 155.43 136.19 0.29
33 151.41 95.01 -0.09
34 125.55 61.5 -1.84
35 44.18 8.87 -10.8
36 198.22 135.29 1.26
37 161.82 125.73 0.39
38 242.66 71.49 6.26
39 302.55 126.82 16.94
40 238.2 82.44 5.04
41 242.0 55.0 2.17
42 108.0 98.0 -2.38
1 174.6 92.6 -0.43
2 175.25 104.75 -0.64
3 161.96 135.42 -0.58
4 167.42 103.97 -0.82
5 192.43 137.19 -0.51
6 141.86 90.27 -1.35
7 126.49 94.39 -2.67
8 211.16 89.15 1.48
9 148.64 139.84 -1.38
10 147.43 94.13 -1.1
11 173.31 66.21 -0.48
12 36.27 39.81 -13.93
13 186.7 104.19 -0.29
14 160.47 141.66 -0.18
15 217.37 87.08 2.08
16 241.1 60.32 4.31
17 49.43 48.42 -11.95
18 145.08 130.84 -1.63
19 243.54 11.31 3.31
20 246.18 34.09 5.85
21 282.34 122.27 12.28
22 31.65 31.35 -14.0
23 187.3 132.45 -0.13
24 197.29 94.15 -0.26
25 244.5 77.33 5.79
26 184.36 108.46 -0.1
27 158.3 104.95 -0.44
28 203.26 88.32 0.66
29 156.23 137.27 -0.5
30 152.13 96.14 -0.93
31 125.64 61.9 -2.65
32 199.83 136.33 -0.29
33 162.7 126.44 -0.53
34 246.61 70.28 5.94
35 241.44 81.85 4.8
36 242.28 53.14 4.56
37 107.51 96.75 -3.6
38 169.0 107.0 -0.05
1 174.16 91.4 -0.97
2 174.67 103.39 -0.98
3 161.45 134.55 -0.91
4 166.71 102.31 -1.1
5 191.74 136.52 -0.35
6 140.62 88.48 -1.3
7 124.45 92.37 -2.06
8 212.03 87.56 0.31
9 147.43 139.59 -1.41
10 146.46 92.04 -1.31
11 172.86 63.37 -0.84
12 28.3 33.24 -13.65
13 186.41 102.48 -1.1
14 160.33 140.99 -1.28
15 218.61 85.5 0.77
16 243.5 56.19 3.11
17 42.48 42.39 -11.1
18 143.59 130.33 -1.37
19 245.32 6.92 2.43
20 249.31 28.74 4.61
21 288.81 120.98 11.66
22 23.7 24.67 -13.69
23 187.13 131.44 -0.91
24 196.93 92.53 -1.1
25 247.47 74.23 4.35
26 184.27 106.99 -0.94
27 158.07 102.41 -1.29
28 203.61 85.96 -0.1
29 155.76 136.64 -1.16
30 151.37 94.18 -1.47
31 123.4 57.77 -1.63
32 199.45 135.95 -0.58
33 162.24 125.86 -0.97
34 249.66 66.69 4.79
35 244.0 78.62 3.32
36 244.56 49.41 3.74
37 105.39 94.44 -3.78
38 169.04 106.86 -0.98
39 113.0 66.0 -1.67
40 193.0 97.0 -1.24
41 46.0 25.0 -5.59
1 174.36 92.24 -1.1
2 174.77 104.26 -0.88
3 161.47 135.72 -0.85
4 166.7 103.22 -1.03
5 192.32 137.7 -0.62
6 140.53 89.19 -1.46
7 123.83 93.08 -2.29
8 213.04 88.2 0.25
9 147.29 140.8 -1.39
10 146.35 92.64 -1.42
11 172.94 63.57 -0.7
12 21.17 29.45 -15.31
13 186.51 103.39 -0.71
14 160.37 142.23 -1.26
15 219.71 86.14 0.47
16 246.02 55.22 3.77
17 36.65 39.55 -12.48
18 143.46 131.48 -1.31
19 247.26 5.6 2.42
20 252.72 26.17 5.36
21 296.14 121.9 13.46
22 16.38 20.33 -15.77
23 187.3 132.59 -0.82
24 197.0 93.32 -0.52
25 250.91 73.34 4.73
26 184.37 107.88 -0.64
27 158.01 103.37 -1.22
28 204.22 86.29 -0.0
29 155.77 137.84 -1.13
30 151.25 94.81 -1.54
31 122.98 57.79 -1.84
32 199.88 137.2 -0.6
33 162.25 126.87 -0.92
34 253.13 65.72 5.68
35 246.86 78.09 4.14
36 247.51 47.77 4.05
37 103.9 94.53 -4.0
38 169.08 107.71 -0.93
39 112.9 66.38 -3.32
40 192.97 97.4 -0.53
41 45.07 24.69 -10.72
42 301.0 131.0 9.27
43 295.0 127.0 8.7
44 258.0 53.0 4.5
45 210.0 96.0 0.97
46 256.0 18.0 4.2
47 259.0 78.0 4.53
48 258.0 45.0 4.54
1 173.13 94.73 -0.58
2 173.7 106.85 -0.83
3 160.61 138.35 -1.0
4 165.6 105.8 -1.09
5 191.53 140.44 -0.61
6 139.22 91.57 -1.28
7 122.25 95.44 -2.7
8 212.38 90.94 0.77
9 146.08 143.46 -1.32
10 145.04 95.12 -1.13
11 171.99 65.84 -0.43
12 185.38 105.96 -0.59
13 159.19 144.81 -1.3
14 219.32 88.84 1.02
15 247.19 56.66 4.86
16 29.49 38.03 -14.63
17 142.25 133.17 -1.13
18 254.51 26.59 6.43
19 302.35 125.07 15.96
20 186.32 135.36 -0.75
21 195.91 97.25 -0.42
22 252.61 75.11 5.92
23 183.36 110.42 -0.52
24 156.75 106.37 -1.06
25 203.59 89.23 0.32
26 154.76 140.36 -1.44
27 149.78 97.31 -1.05
28 121.48 59.7 -2.09
29 199.04 139.73 -0.55
30 161.32 129.38 -0.97
31 255.33 67.2 6.84
32 248.11 80.05 5.07
33 248.72 49.12 5.23
34 101.21 96.3 -4.45
35 168.09 110.41 -1.16
36 110.82 68.21 -3.79
37 191.84 100.73 -0.44
38 38.97 22.74 -12.34
39 302.83 130.2 16.13
40 296.73 126.25 14.75
41 258.72 52.07 7.47
42 210.09 95.4 0.74
43 256.51 17.19 6.65
44 259.77 76.99 7.09
45 258.71 44.03 7.48
46 314.0 125.0 9.15
47 261.0 69.0 3.31
48 263.0 34.0 3.62
49 244.0 11.0 1.42
1 173.26 94.24 -0.26
2 173.57 106.65 -0.21
3 160.48 138.36 -0.59
4 165.41 105.58 -0.66
5 191.7 140.44 0.32
6 138.95 91.26 -1.16
7 121.07 94.91 -2.34
8 213.23 90.3 1.31
9 145.71 143.24 -1.0
10 144.76 94.84 -0.92
11 171.94 64.58 -0.09
12 185.49 105.68 -0.22
13 158.9 144.82 -0.78
14 220.1 88.24 1.69
15 250.09 53.95 5.87
16 22.28 33.27 -16.06
17 142.02 133.7 -1.02
18 258.4 22.11 7.17
19 186.38 135.3 -0.17
20 196.26 96.68 0.05
21 256.01 72.82 7.12
22 183.43 110.19 -0.21
23 156.41 106.34 -0.61
24 204.22 88.4 0.54
25 154.37 140.37 -0.99
26 149.61 96.92 -0.93
27 120.58 58.22 -1.96
28 199.26 139.74 0.08
29 161.22 129.35 -0.57
30 259.26 64.41 7.99
31 251.29 78.05 5.87
32 251.94 45.8 6.08
33 99.38 95.42 -4.35
34 167.84 110.24 -0.52
35 109.13 66.75 -3.87
36 192.17 100.21 0.0
37 32.89 17.55 -13.35
38 305.06 125.85 17.08
39 263.06 48.43 8.26
40 210.93 94.68 1.1
41 260.45 12.16 7.65
42 264.01 74.33 8.31
43 263.03 39.85 8.48
44 261.42 69.01 8.05
45 263.45 34.2 8.76
46 244.11 11.02 3.96
47 251.0 70.0 4.1
48 219.0 91.0 1.55
49 261.0 41.0 4.55
1 172.35 92.7 -0.22
2 172.61 105.21 -0.27
3 159.33 137.3 -0.47
4 164.29 104.28 -0.25
5 190.52 139.29 0.71
6 137.72 89.65 -1.22
7 119.01 92.94 -2.17
8 213.16 88.61 1.43
9 144.4 142.31 -1.03
10 143.73 93.1 -1.02
11 171.46 62.24 -0.79
12 184.71 104.34 -0.09
13 157.8 143.78 -0.38
14 220.43 86.53 1.57
15 252.54 49.5 5.78
16 140.7 132.39 -1.19
17 261.51 16.26 7.6
18 185.27 134.12 -0.08
19 195.35 95.55 0.18
20 259.06 69.14 7.56
21 182.7 108.74 -0.15
22 155.58 105.18 -0.47
23 203.77 86.54 0.82
24 153.33 139.34 -0.41
25 148.61 95.24 -1.09
26 118.93 55.64 -2.17
27 198.18 138.66 0.34
28 159.99 127.9 -0.38
29 262.81 60.1 8.39
30 253.55 74.61 6.34
31 254.54 41.09 6.12
32 96.11 92.87 -4.43
33 166.66 108.8 -0.23
34 106.25 64.16 -4.02
35 191.23 99.17 0.2
36 266.69 43.35 8.98
37 210.75 93.05 1.26
38 267.55 70.3 9.07
39 266.79 34.49 9.05
40 264.88 64.84 8.76
41 267.39 28.25 9.05
42 251.44 69.44 6.46
43 219.12 90.66 1.59
44 261.41 40.36 7.99
45 90.0 92.0 -3.36
1 172.43 91.48 0.05
2 172.6 104.27 0.12
3 159.29 136.58 -0.09
4 164.32 103.36 -0.11
5 191.48 138.63 0.42
6 137.37 88.62 -0.91
7 118.02 91.61 -1.89
8 214.26 87.22 1.5
9 143.87 141.64 -0.46
10 143.49 91.96 -0.68
11 171.56 60.22 -0.49
12 184.81 103.4 0.27
13 157.76 143.08 -0.04
14 221.65 85.1 1.72
15 256.18 45.23 6.42
16 140.06 131.47 -0.55
17 265.94 10.06 8.49
18 185.5 133.47 0.46
19 195.62 94.75 0.79
20 263.47 65.45 8.22
21 182.79 107.81 0.14
22 155.54 104.29 -0.26
23 204.44 84.99 1.21
24 153.3 138.59 -0.17
25 148.47 93.97 -0.85
26 118.22 53.41 -1.99
27 198.72 138.09 0.6
28 159.95 127.16 -0.12
29 267.63 55.98 9.24
30 257.43 71.4 7.1
31 258.41 36.35 6.83
32 93.9 91.2 -4.28
33 166.7 107.86 -0.08
34 104.63 62.47 -3.79
35 191.53 98.38 0.74
36 272.16 38.04 9.67
37 211.71 91.69 1.43
38 272.78 66.18 9.96
39 272.09 28.52 10.15
40 269.85 60.78 9.76
41 272.51 22.1 10.37
42 255.37 66.01 7.11
43 220.36 89.27 1.58
44 266.32 35.1 8.88
45 88.72 91.67 -4.33
1 172.2 90.96 -0.18
2 172.36 104.01 -0.24
3 158.89 136.59 -0.36
4 164.05 102.97 -0.35
5 191.4 138.68 0.05
6 136.48 87.93 -0.99
7 116.72 90.81 -2.19
8 214.83 86.61 1.32
9 143.37 141.67 -0.74
10 142.72 91.37 -0.9
11 170.72 58.8 -0.03
12 184.64 103.2 -0.01
13 157.48 143.13 -0.62
14 222.26 84.5 1.44
15 259.26 41.9 6.79
16 139.49 131.43 -0.85
17 185.3 133.46 -0.13
18 195.59 94.21 0.3
19 267.47 62.44 9.03
20 182.61 107.59 -0.12
21 155.11 103.89 -0.48
22 204.77 84.07 1.05
23 152.93 138.63 -0.65
24 147.54 93.24 -0.58
25 116.73 51.36 -2.04
26 198.67 138.06 0.15
27 159.64 126.99 -0.4
28 272.08 52.6 10.21
29 260.7 68.81 7.78
30 261.55 32.7 7.61
31 91.47 90.06 -5.42
32 166.45 107.59 -0.26
33 101.91 60.1 -4.12
34 191.48 97.91 0.18
35 277.0 33.67 10.56
36 212.21 91.15 1.3
37 277.48 63.04 11.3
38 277.25 23.54 10.59
39 274.55 57.4 10.74
40 277.82 16.24 10.67
41 258.69 63.36 7.7
42 220.92 88.64 1.46
43 270.64 30.73 9.65
44 86.25 90.54 -5.69
45 282.0 48.0 5.78
46 84.0 43.0 -3.74
1 172.37 90.82 0.27
2 172.52 104.04 0.27
3 158.86 136.75 0.21
4 164.09 103.07 0.08
5 191.68 138.85 0.73
6 136.29 87.68 -0.7
7 115.84 90.35 -1.72
8 215.82 86.59 1.77
9 143.13 142.14 -0.18
10 142.64 91.29 -0.52
11 171.01 57.86 0.14
12 184.85 103.15 0.66
13 157.33 143.31 0.29
14 223.44 84.52 2.13
15 263.28 38.77 7.94
16 139.33 131.3 -0.3
17 185.5 133.63 0.85
18 196.22 93.38 0.53
19 272.74 59.36 10.08
20 182.74 107.57 0.5
21 155.1 103.89 -0.02
22 205.63 83.57 1.23
23 152.71 138.81 0.07
24 147.52 93.06 -0.28
25 116.02 50.03 -2.17
26 199.13 138.26 0.63
27 159.6 127.18 0.12
28 278.13 48.96 10.9
29 265.34 66.35 8.67
30 266.05 28.87 8.38
31 89.03 88.89 -5.38
32 166.48 107.64 0.07
33 100.29 58.94 -4.5
34 192.02 97.53 0.59
35 283.02 29.1 11.58
36 213.18 91.22 1.82
37 284.07 59.45 12.09
38 283.23 18.53 11.92
39 280.88 53.63 11.64
40 283.88 10.75 11.87
41 263.18 60.73 8.54
42 222.03 88.62 2.24
43 276.17 26.35 10.68
44 83.74 89.62 -5.44
45 283.24 47.46 12.14
46 83.47 42.75 -6.12
1 171.91 89.27 0.34
2 171.98 102.86 0.29
3 158.51 135.76 0.07
4 163.63 101.79 0.11
5 191.46 137.91 0.71
6 135.3 86.19 -0.35
7 114.27 88.9 -2.1
8 216.33 85.37 1.74
9 142.47 141.23 -0.48
10 141.61 89.87 -0.16
11 170.72 55.4 0.07
12 184.59 101.95 0.44
13 156.78 142.34 0.23
14 223.91 83.31 2.48
15 266.79 33.98 8.76
16 138.46 128.99 -0.45
17 185.16 132.64 0.72
18 195.92 91.83 0.74
19 277.59 54.8 10.8
20 182.43 106.37 0.36
21 154.54 102.68 -0.11
22 205.87 81.79 1.25
23 152.2 137.83 -0.03
24 146.81 91.47 -0.39
25 114.31 46.82 -1.98
26 198.84 137.36 0.72
27 159.21 126.26 0.05
28 283.38 43.89 11.92
29 269.31 62.37 9.43
30 269.94 23.41 9.14
31 85.54 86.4 -5.98
32 166.11 106.44 0.09
33 97.32 55.64 -4.59
34 191.66 96.28 0.83
35 288.6 22.85 12.21
36 213.66 89.78 1.72
37 290.13 54.41 12.2
38 289.23 11.49 12.72
39 286.46 48.57 12.8
40 267.14 56.6 9.48
41 222.59 87.4 2.37
42 281.28 20.49 11.48
43 80.16 87.34 -6.02
44 289.07 41.95 13.32
45 79.51 38.16 -6.47
46 284.0 46.0 5.67
47 134.0 80.0 -0.47
48 88.0 84.0 -3.15
1 172.77 88.58 -0.37
2 172.87 102.33 -0.4
3 159.08 135.63 -0.38
4 164.2 101.38 -0.32
5 192.48 137.69 0.24
6 135.59 85.68 -0.91
7 113.92 87.91 -2.56
8 217.78 84.58 1.46
9 142.92 141.28 -1.06
10 142.12 89.31 -0.8
11 171.3 53.53 -0.39
12 185.68 101.49 -0.1
13 157.58 142.23 -0.37
14 225.68 82.5 1.92
15 272.3 28.68 8.59
16 138.98 128.98 -1.05
17 186.44 132.4 -0.07
18 196.85 91.74 0.19
19 284.1 50.28 11.36
20 183.37 105.86 -0.2
21 155.09 102.33 -0.65
22 207.15 80.85 0.75
23 152.72 137.73 -0.44
24 147.27 90.87 -0.92
25 113.73 44.73 -2.88
26 199.85 137.28 0.36
27 159.74 125.75 -0.37
28 290.52 38.54 12.65
29 275.19 58.48 9.57
30 275.54 17.43 9.15
31 82.88 84.91 -7.14
32 166.58 105.93 -0.29
33 95.46 53.44 -5.56
34 192.72 95.8 0.11
35 296.14 16.07 12.25
36 215.21 89.03 1.43
37 297.74 49.47 12.5
38 294.16 43.16 13.24
39 273.01 52.42 9.5
40 224.43 86.57 1.99
41 288.36 13.7 11.95
42 77.44 86.21 -7.05
43 296.94 35.97 13.88
44 76.79 34.69 -7.92
45 285.31 45.19 11.58
46 133.99 80.16 -0.78
47 87.51 83.74 -5.65
48 165.0 132.0 0.14
49 128.0 89.0 -0.7
50 273.0 57.0 5.73
51 304.0 37.0 8.45
52 197.0 142.0 0.6
53 270.0 28.0 5.21
1 172.29 87.49 -0.06
2 172.26 101.56 0.04
3 158.58 134.99 -0.16
4 163.78 100.57 -0.2
5 192.25 137.04 0.45
6 134.91 84.83 -1.48
7 112.15 86.58 -2.68
8 218.32 83.47 1.48
9 141.94 140.43 -0.95
10 141.44 88.31 -1.25
11 170.79 51.63 -0.06
12 185.13 100.62 0.25
13 156.98 141.6 -0.12
14 226.35 81.38 2.31
15 276.56 23.35 9.67
16 138.02 129.03 -1.16
17 185.94 131.74 0.28
18 196.72 90.6 0.27
19 289.85 45.34 12.31
20 182.83 105.04 0.09
21 154.42 101.6 -0.32
22 207.28 79.38 1.0
23 152.09 137.13 -0.44
24 146.41 89.65 -0.77
25 112.15 42.6 -2.72
26 199.64 136.44 0.58
27 159.26 125.21 -0.2
28 296.9 32.89 13.66
29 279.85 54.33 10.13
30 280.11 11.56 9.61
31 78.62 82.85 -7.05
32 166.23 105.18 -0.29
33 92.18 50.9 -5.61
34 192.52 94.64 0.26
35 302.31 9.51 12.92
36 215.6 87.77 1.66
37 304.15 44.56 13.5
38 300.72 37.64 14.23
39 277.72 47.87 10.05
40 225.09 85.41 2.4
41 294.16 7.15 12.88
42 73.11 84.66 -7.12
43 303.82 29.73 15.37
44 72.48 30.48 -7.65
45 291.13 40.09 12.65
46 133.47 79.15 -1.56
47 84.26 81.55 -5.93
48 165.01 131.78 -0.18
49 127.82 88.76 -1.61
50 274.03 55.94 9.68
51 305.61 35.58 14.9
52 197.1 141.7 0.5
53 271.24 26.52 8.45
54 201.0 108.0 0.06
1 172.83 85.7 -0.53
2 172.97 100.1 -0.63
3 159.05 133.86 -0.63
4 164.19 99.1 -0.57
5 193.3 135.84 -0.01
6 134.84 83.39 -1.39
7 111.39 84.66 -2.79
8 219.62 81.37 1.12
9 142.11 139.5 -1.4
10 141.45 86.48 -1.27
11 171.22 48.58 -0.41
12 186.02 99.12 -0.38
13 157.56 140.52 -0.68
14 228.14 79.23 1.99
15 282.54 16.15 9.11
16 138.03 127.77 -1.3
17 186.62 130.53 -0.16
18 197.43 89.01 -0.2
19 297.33 38.72 12.02
20 183.6 103.54 -0.45
21 154.87 100.18 -0.8
22 208.33 77.15 0.24
23 152.59 136.0 -0.99
24 146.51 87.78 -0.99
25 110.78 38.96 -2.52
26 200.76 135.29 -0.01
27 159.71 123.79 -0.65
28 305.19 25.29 13.81
29 286.25 48.73 10.04
30 286.21 3.53 8.74
31 75.36 80.16 -7.35
32 166.5 103.7 -0.49
33 89.54 46.1 -5.66
34 193.3 93.24 -0.25
35 310.27 0.62 13.23
36 217.08 85.61 1.16
37 309.54 30.11 15.45
38 284.01 41.9 9.77
39 226.98 83.26 1.83
40 302.13 -1.71 12.41
41 69.83 82.52 -7.59
42 68.55 24.96 -7.22
43 298.67 33.31 12.54
44 133.37 77.38 -1.53
45 81.53 78.65 -6.31
46 165.42 130.59 -0.55
47 127.43 87.42 -2.07
48 280.04 50.56 9.75
49 198.2 140.58 0.01
50 276.52 19.85 8.12
51 201.49 107.96 -0.04
52 132.0 90.0 -0.1
53 102.0 35.0 -1.54
1 172.37 87.08 -0.61
2 172.32 101.51 -0.38
3 158.5 135.59 -0.64
4 163.67 100.59 -0.61
5 192.87 137.66 0.07
6 133.45 84.72 -1.01
7 109.16 85.46 -2.55
8 220.26 82.38 0.88
9 141.03 141.42 -1.38
10 140.21 87.71 -1.0
11 170.78 49.33 -0.23
12 185.59 100.53 -0.36
13 156.91 142.41 -0.46
14 229.21 80.26 2.08
15 287.12 12.7 9.86
16 136.89 129.27 -1.2
17 186.41 132.27 -0.26
18 197.09 90.21 0.04
19 303.42 35.86 12.98
20 183.15 104.95 -0.44
21 154.13 101.45 -0.85
22 208.45 78.02 0.27
23 151.76 137.83 -0.7
24 145.68 89.16 -1.3
25 109.2 39.4 -2.82
26 200.41 137.03 0.12
27 159.14 125.35 -0.57
28 291.38 46.68 10.94
29 71.02 80.21 -7.86
30 166.1 105.18 -0.65
31 86.14 45.26 -6.14
32 192.87 94.52 -0.01
33 217.63 86.65 0.99
34 288.89 39.6 10.89
35 227.98 84.23 1.64
36 65.15 83.39 -8.06
37 64.05 23.03 -7.83
38 305.11 30.06 12.85
39 131.9 78.31 -0.9
40 77.86 78.86 -6.82
41 164.95 132.24 -0.72
42 126.12 88.87 -2.5
43 285.03 48.59 10.38
44 197.9 142.45 0.23
45 280.5 17.01 8.8
46 201.2 108.4 0.08
47 132.0 90.49 -0.96
48 101.79 35.32 -2.81
1 172.51 89.34 -0.89
2 172.56 103.96 -0.74
3 158.57 138.4 -1.15
4 163.78 102.97 -0.97
5 193.55 140.58 -0.49
6 133.44 86.85 -1.83
7 108.5 87.55 -3.4
8 221.06 84.56 1.23
9 140.81 144.35 -1.86
10 140.21 89.83 -1.75
11 170.96 50.54 -0.52
12 185.96 102.96 -0.82
13 157.1 145.26 -1.04
14 230.74 82.52 1.82
15 293.06 9.92 9.55
16 136.75 132.1 -1.84
17 186.64 135.09 -0.63
18 197.53 92.68 -0.33
19 183.42 107.48 -0.76
20 154.19 103.63 -1.32
21 208.82 80.09 0.82
22 151.74 140.61 -1.4
23 145.65 91.29 -1.61
24 108.26 39.87 -3.5
25 201.16 139.9 -0.47
26 159.2 127.85 -1.02
27 297.7 45.51 12.17
28 67.48 80.77 -9.24
29 166.23 107.6 -0.98
30 83.34 45.62 -7.13
31 193.34 97.07 -0.43
32 218.54 88.85 1.2
33 295.31 37.97 11.79
34 229.33 86.46 1.61
35 61.6 84.99 -9.53
36 60.78 21.69 -9.6
37 131.87 80.16 -1.83
38 74.84 79.62 -7.93
39 165.05 135.04 -1.29
40 125.4 91.03 -2.45
41 291.22 47.51 11.35
42 198.49 145.37 -0.31
43 285.55 15.01 9.9
44 201.74 110.18 -0.34
45 131.86 92.65 -1.73
46 100.43 35.35 -3.49
47 93.0 84.0 -2.62
48 297.0 39.0 7.35
1 171.75 89.12 -0.34
2 171.97 103.93 -0.55
3 157.87 138.55 -0.89
4 163.09 102.86 -0.8
5 193.11 140.67 -0.52
6 132.41 86.9 -1.52
7 106.26 87.22 -3.29
8 221.53 84.06 1.35
9 139.56 144.45 -1.97
10 139.18 89.43 -1.53
11 170.55 49.53 -0.61
12 185.33 102.98 -0.75
13 156.42 145.45 -1.03
14 231.64 81.94 2.35
15 135.61 132.12 -1.9
16 186.2 135.21 -0.81
17 197.17 92.35 -0.06
18 182.76 107.47 -0.67
19 153.25 104.03 -0.68
20 208.99 79.24 0.86
21 151.01 140.72 -0.93
22 144.32 90.68 -0.86
23 106.18 38.51 -4.17
24 200.66 139.92 -0.31
25 158.58 128.4 -1.0
26 303.83 41.49 14.26
27 62.26 78.78 -9.92
28 165.46 107.52 -0.78
29 79.25 41.71 -7.92
30 192.91 96.79 -0.12
31 219.03 88.38 1.3
32 301.17 33.68 13.36
33 230.08 85.81 1.79
34 56.08 84.03 -10.12
35 55.21 17.44 -10.38
36 130.98 80.01 -1.64
37 70.42 77.82 -8.52
38 164.24 135.14 -0.94
39 123.55 90.79 -1.94
40 296.85 43.69 12.76
41 198.18 145.45 -0.47
42 201.37 110.72 -0.03
43 131.02 92.58 -1.74
44 98.7 34.18 -4.58
45 92.7 83.94 -5.52
46 298.47 38.12 13.23
47 152.0 135.0 -0.29
1 171.94 103.79 -0.18
2 157.76 138.63 -0.64
3 163.0 102.72 -0.47
4 193.46 140.86 -0.36
5 131.7 86.67 -2.17
6 104.89 86.32 -4.16
7 222.79 83.47 3.79
8 138.57 88.94 -1.94
9 170.63 47.85 0.79
10 185.54 102.86 0.7
11 156.34 145.6 -0.7
12 233.19 81.03 4.25
13 135.05 131.7 -1.39
14 197.48 92.18 1.28
15 182.9 107.3 0.25
16 153.11 103.88 -0.65
17 210.13 78.64 3.44
18 150.55 140.92 -0.06
19 144.12 90.22 -1.41
20 201.12 140.24 -0.31
21 57.44 76.15 -13.33
22 165.41 107.38 -0.53
23 193.26 96.75 1.09
24 220.22 87.8 3.53
25 231.43 85.3 4.06
26 164.17 135.18 -0.79
27 123.03 90.56 -3.59
28 198.42 145.65 -0.86
29 130.3 92.29 -2.43
30 90.03 82.52 -7.57
1 171.28 103.24 1.4
2 156.83 138.47 1.5
3 162.16 102.37 1.35
4 192.57 140.76 1.45
5 130.7 86.09 0.15
6 102.3 84.93 -0.13
7 223.01 82.73 3.11
8 137.46 88.29 0.38
9 169.88 45.96 1.69
10 184.41 102.4 2.14
11 155.28 145.55 1.77
12 234.25 80.07 3.05
13 133.65 131.43 1.45
14 181.85 106.87 1.91
15 152.35 103.66 1.08
16 209.85 77.11 3.15
17 149.79 140.72 2.2
18 143.2 89.54 0.59
19 200.36 140.12 1.24
20 50.85 72.84 -3.72
21 164.54 106.85 1.37
22 192.67 95.86 1.84
23 220.41 87.16 3.03
24 163.16 134.87 1.39
25 197.66 145.55 1.1
26 129.12 91.7 0.12
27 86.29 80.73 -1.02
28 172.0 53.0 0.56
1 171.26 74.94 3.34
2 156.7 112.74 3.24
3 162.25 74.86 2.81
4 192.15 116.24 3.45
5 129.12 56.58 3.57
6 99.89 57.28 4.37
7 225.76 53.47 2.65
8 136.35 61.05 3.33
9 170.65 13.78 2.75
10 185.42 74.62 2.51
11 154.94 120.49 3.46
12 236.76 48.17 2.78
13 133.09 107.08 3.48
14 182.37 81.04 2.65
15 152.06 78.26 3.08
16 212.56 45.19 2.78
17 149.79 114.94 3.46
18 142.29 60.04 3.38
19 199.86 116.05 3.57
20 43.49 36.68 5.7
21 164.64 81.42 2.92
22 194.0 68.13 2.69
23 222.94 58.61 2.71
24 163.0 110.67 3.31
25 196.78 121.56 3.64
26 127.72 63.7 3.3
27 82.08 48.03 5.19
28 171.8 58.07 2.53
29 136.0 127.0 1.38
30 123.0 69.0 1.7
1 174.98 86.51 -0.31
2 160.54 122.3 -0.43
3 165.7 85.23 -0.49
4 196.14 124.26 -0.35
5 133.45 70.33 -0.75
6 104.5 68.55 -0.2
7 228.53 63.87 -0.07
8 140.47 72.46 -0.73
9 173.44 25.19 0.04
10 188.43 84.76 -0.41
11 158.9 128.71 -0.37
12 239.78 61.6 -0.16
13 136.9 115.55 -0.29
14 185.6 89.81 -0.47
15 155.67 88.22 -0.46
16 215.47 60.44 -0.04
17 153.79 123.83 -0.35
18 146.25 72.0 -0.48
19 203.95 123.57 -0.32
20 50.13 50.3 -0.79
21 168.16 89.87 -0.5
22 196.91 79.27 -0.12
23 225.8 68.45 -0.12
24 166.84 119.7 -0.4
25 200.94 128.84 -0.41
26 131.89 74.08 -0.84
27 87.96 63.15 -0.58
28 174.65 67.92 -0.33
29 137.83 127.07 -0.42
30 125.25 69.53 -0.49
31 202.0 92.0 0.19
32 188.0 117.0 0.05
33 86.0 65.0 0.14
34 136.0 58.0 0.02
1 174.55 84.53 0.21
2 159.83 120.53 0.38
3 164.92 83.42 0.41
4 195.48 122.47 0.42
5 132.7 68.22 0.11
6 104.27 66.24 0.07
7 228.37 61.94 0.15
8 139.68 70.38 0.19
9 173.28 22.68 0.28
10 187.87 82.97 0.28
11 158.27 126.97 0.33
12 239.44 59.79 0.3
13 136.52 113.62 0.1
14 184.95 87.96 0.31
15 155.05 86.15 0.27
16 215.26 58.71 0.23
17 153.18 122.14 0.33
18 145.58 69.71 0.32
19 203.34 121.81 0.41
20 49.1 47.37 0.3
21 167.41 88.0 0.35
22 196.57 77.31 0.28
23 225.58 66.43 0.17
24 166.19 117.94 0.31
25 200.35 127.18 0.26
26 131.03 71.9 0.16
27 87.11 60.68 0.41
28 174.09 65.8 0.36
29 137.37 125.33 0.07
30 124.64 67.42 0.24
31 201.86 91.89 0.48
32 187.93 117.16 0.17
33 85.84 65.12 0.47
34 135.93 58.26 0.12
35 209.0 61.0 0.16
1 174.79 84.5 0.02
2 160.24 120.48 0.01
3 165.38 83.35 -0.0
4 195.97 122.38 -0.01
5 132.84 68.24 0.02
6 104.39 66.18 -0.02
7 228.52 61.94 0.02
8 139.9 70.32 0.01
9 173.58 22.64 0.01
10 188.17 83.03 0.02
11 158.66 126.89 0.04
12 239.74 59.61 0.01
13 136.63 113.54 0.0
14 185.28 87.99 0.02
15 155.34 86.26 0.01
16 215.49 58.7 0.01
17 153.51 122.07 0.01
18 145.93 69.79 0.02
19 203.83 121.68 0.01
20 49.45 47.39 -0.01
21 167.78 87.92 0.02
22 196.85 77.29 0.01
23 225.75 66.43 0.02
24 166.53 117.88 0.02
25 200.66 126.98 -0.01
26 131.23 71.82 0.0
27 87.54 60.77 0.01
28 174.54 65.76 -0.03
29 137.47 125.22 0.0
30 124.91 67.37 0.01
31 202.38 92.08 0.0
32 188.14 117.07 -0.05
33 86.33 65.19 0.02
34 136.07 58.25 0.01
35 209.2 61.05 0.02
36 200.0 72.0 0.02
37 233.0 62.0 0.02
38 101.0 3.0 0.07
1 174.77 84.53 0.02
2 160.22 120.51 0.0
3 165.4 83.42 0.0
4 195.95 122.39 -0.02
5 132.83 68.25 -0.0
6 104.44 66.3 -0.0
7 228.52 62.03 0.02
8 139.9 70.41 -0.01
9 173.59 22.68 -0.0
10 188.17 83.09 -0.01
11 158.68 126.93 -0.05
12 239.73 59.68 0.0
13 136.63 113.56 0.0
14 185.27 88.03 0.02
15 155.33 86.3 0.01
16 215.5 58.77 0.02
17 153.53 122.09 0.01
18 145.93 69.85 -0.01
19 203.82 121.66 -0.01
20 49.46 47.41 -0.0
21 167.76 87.96 0.0
22 196.86 77.35 -0.01
23 225.75 66.48 0.02
24 166.5 117.92 -0.0
25 200.64 127.02 -0.01
26 131.22 71.87 -0.01
27 87.55 60.74 -0.03
28 174.47 65.79 0.04
29 137.46 125.27 -0.0
30 124.88 67.41 0.01
31 202.37 92.06 0.0
32 188.14 117.11 -0.06
33 86.34 65.18 -0.04
34 136.06 58.26 -0.01
35 209.19 61.16 0.05
36 200.03 72.03 -0.02
37 232.97 62.15 0.07
38 101.1 3.06 0.03
39 92.0 1.0 0.08
1 174.82 84.53 -0.04
2 160.25 120.51 -0.02
3 165.38 83.41 -0.01
4 195.97 122.4 -0.04
5 132.88 68.23 -0.03
6 104.41 66.26 -0.0
7 228.53 62.0 0.0
8 139.94 70.38 -0.03
9 173.61 22.69 0.01
10 188.21 83.05 -0.04
11 158.65 126.95 0.06
12 239.73 59.62 0.03
13 136.63 113.56 -0.0
14 185.31 88.02 -0.02
15 155.36 86.33 -0.01
16 215.51 58.79 -0.01
17 153.53 122.1 0.0
18 145.96 69.8 -0.03
19 203.84 121.68 -0.03
20 49.43 47.41 0.08
21 167.77 87.95 -0.02
22 196.88 77.36 -0.03
23 225.76 66.47 0.01
24 166.53 117.94 -0.01
25 200.65 127.05 0.0
26 131.25 71.82 -0.02
27 87.56 60.78 0.01
28 174.52 65.77 0.01
29 137.46 125.21 -0.01
30 124.93 67.38 -0.0
31 202.39 92.03 -0.03
32 188.13 117.12 -0.01
33 86.37 65.22 0.0
34 136.09 58.25 -0.01
35 209.25 61.18 -0.0
36 200.04 72.04 -0.02
37 233.0 62.09 -0.01
38 101.08 3.04 0.02
39 92.09 1.06 -0.05
40 237.0 11.0 0.03
1 174.79 84.53 -0.01
2 160.25 120.5 -0.03
3 165.38 83.43 0.01
4 195.97 122.37 -0.05
5 132.85 68.24 -0.03
6 104.42 66.25 -0.04
7 228.52 62.0 -0.01
8 139.91 70.38 -0.02
9 173.6 22.69 0.05
10 188.18 83.11 -0.02
11 158.67 126.93 -0.01
12 239.74 59.6 0.05
13 136.64 113.55 -0.02
14 185.32 88.0 -0.04
15 155.35 86.32 -0.02
16 215.52 58.77 -0.04
17 153.53 122.07 -0.02
18 145.94 69.82 -0.02
19 203.84 121.66 -0.05
20 49.43 47.37 -0.02
21 167.78 87.96 -0.03
22 196.86 77.45 -0.0
23 225.78 66.44 -0.01
24 166.54 117.91 -0.02
25 200.65 127.03 -0.0
26 131.24 71.85 -0.04
27 87.55 60.78 -0.01
28 174.51 65.79 -0.03
29 137.45 125.26 -0.01
30 124.95 67.42 -0.04
31 202.38 92.06 -0.01
32 188.11 117.1 -0.02
33 86.33 65.23 -0.0
34 136.08 58.26 -0.02
35 209.23 61.16 0.01
36 200.02 72.09 0.0
37 232.99 62.14 0.06
38 101.09 3.0 -0.06
39 92.07 0.88 -0.09
40 237.03 10.98 -0.04
1 174.78 84.54 -0.01
2 160.23 120.5 -0.01
3 165.37 83.38 -0.0
4 195.94 122.39 -0.0
5 132.83 68.24 -0.01
6 104.41 66.3 0.02
7 228.53 62.01 -0.0
8 139.9 70.4 -0.02
9 173.6 22.68 0.02
10 188.18 83.08 -0.01
11 158.66 126.94 -0.02
12 239.79 59.63 -0.01
13 136.63 113.56 -0.0
14 185.31 87.96 0.0
15 155.34 86.32 -0.0
16 215.49 58.8 -0.02
17 153.54 122.09 -0.02
18 145.93 69.8 -0.02
19 203.8 121.65 -0.01
20 49.41 47.41 0.04
21 167.75 87.96 -0.01
22 196.86 77.42 -0.01
23 225.78 66.42 -0.02
24 166.52 117.94 0.0
25 200.64 127.06 -0.01
26 131.22 71.88 -0.01
27 87.55 60.79 0.01
28 174.49 65.81 -0.02
29 137.43 125.26 0.0
30 124.88 67.43 0.03
31 202.36 92.06 0.01
32 188.11 117.1 -0.02
33 86.35 65.23 -0.01
34 136.06 58.22 0.02
35 209.21 61.19 0.03
36 200.02 72.03 -0.0
37 233.01 62.09 0.04
38 101.07 2.97 0.01
39 92.01 0.99 -0.03
40 236.98 11.03 0.04
1 174.8 84.55 -0.03
2 160.22 120.49 0.01
3 165.36 83.38 0.02
4 195.94 122.37 -0.02
5 132.84 68.26 -0.01
6 104.45 66.22 -0.04
7 228.51 62.02 0.03
8 139.9 70.4 -0.0
9 173.65 22.68 -0.04
10 188.16 83.16 -0.03
11 158.61 126.95 -0.02
12 239.76 59.54 0.04
13 136.63 113.55 -0.01
14 185.32 88.03 -0.05
15 155.33 86.34 0.0
16 215.45 58.78 0.03
17 153.53 122.13 -0.0
18 145.93 69.81 -0.02
19 203.8 121.6 -0.03
20 49.45 47.39 0.0
21 167.75 87.97 0.0
22 196.86 77.4 -0.0
23 225.74 66.46 0.04
24 166.52 117.91 -0.01
25 200.66 127.02 -0.02
26 131.23 71.86 -0.01
27 87.55 60.78 0.02
28 174.52 65.82 -0.03
29 137.45 125.25 -0.01
30 124.91 67.42 0.02
31 202.37 91.99 -0.0
32 188.09 117.11 0.02
33 86.34 65.22 -0.01
34 136.07 58.26 0.01
35 209.22 61.16 0.02
36 200.02 72.0 -0.0
37 233.01 62.12 0.06
38 101.12 3.01 -0.06
39 92.05 0.98 -0.04
40 236.98 11.04 0.03
41 96.0 22.0 -0.05
42 154.0 96.0 0.0
43 101.0 33.0 0.03
[INFO] [WallTime: 1432307335.549041] Stop TurtleBot
1 174.75 84.53 0.01
2 160.22 120.48 -0.01
3 165.39 83.42 -0.05
4 195.92 122.39 -0.0
5 132.82 68.22 -0.01
6 104.49 66.31 -0.08
7 228.53 62.02 -0.01
8 139.89 70.38 -0.01
9 173.58 22.69 0.0
10 188.16 83.12 -0.01
11 158.64 126.94 0.01
12 239.77 59.6 0.03
13 136.62 113.56 -0.0
14 185.28 87.96 0.0
15 155.33 86.38 -0.01
16 215.47 58.83 0.01
17 153.54 122.09 -0.01
18 145.91 69.79 -0.0
19 203.78 121.64 -0.01
20 49.47 47.42 0.03
21 167.74 87.97 -0.01
22 196.85 77.44 0.01
23 225.76 66.48 -0.03
24 166.51 117.91 -0.01
25 200.64 127.05 0.02
26 131.2 71.87 -0.01
27 87.56 60.74 -0.02
28 174.5 65.82 -0.03
29 137.43 125.29 0.0
30 124.91 67.42 0.01
31 202.37 92.01 -0.0
32 188.09 117.11 -0.01
33 86.34 65.2 -0.02
34 136.05 58.23 -0.0
35 209.23 61.18 -0.03
36 200.02 72.01 -0.0
37 233.01 62.22 -0.02
38 101.07 2.95 -0.04
39 91.97 0.88 -0.02
40 237.01 10.99 -0.02
41 95.98 22.03 -0.0
42 153.99 96.04 0.01
43 101.02 33.03 -0.01
1 174.77 84.53 0.0
2 160.22 120.47 -0.01
3 165.39 83.37 -0.03
4 195.92 122.4 0.01
5 132.83 68.25 -0.02
6 104.48 66.27 -0.09
7 228.52 62.08 -0.0
8 139.89 70.34 -0.02
9 173.6 22.69 0.04
10 188.15 83.12 -0.03
11 158.59 126.92 0.03
12 239.81 59.56 -0.01
13 136.62 113.62 -0.0
14 185.29 88.01 -0.0
15 155.34 86.33 -0.01
16 215.48 58.88 -0.0
17 153.53 122.08 -0.01
18 145.92 69.77 0.01
19 203.78 121.68 0.0
20 49.43 47.44 0.01
21 167.75 87.97 -0.01
22 196.87 77.42 -0.01
23 225.75 66.49 0.01
24 166.48 117.92 -0.01
25 200.67 127.09 -0.01
26 131.21 71.88 -0.01
27 87.54 60.74 0.02
28 174.53 65.82 0.02
29 137.45 125.24 -0.01
30 124.91 67.42 -0.01
31 202.36 92.02 -0.01
32 188.11 117.13 0.01
33 86.31 65.2 0.03
34 136.06 58.22 -0.01
35 209.24 61.22 -0.02
36 200.03 71.96 -0.0
37 233.02 62.16 0.03
38 101.09 2.91 -0.02
39 91.93 0.85 -0.02
40 236.98 10.98 -0.01
41 95.97 22.04 -0.01
42 154.0 96.04 -0.01
43 101.0 33.02 0.03
1 174.74 84.54 0.03
2 160.22 120.49 -0.02
3 165.37 83.4 -0.04
4 195.94 122.37 0.0
5 132.82 68.26 -0.0
6 104.39 66.25 0.05
7 228.53 62.02 -0.01
8 139.89 70.36 -0.01
9 173.57 22.69 0.06
10 188.13 83.14 0.01
11 158.68 126.96 -0.1
12 239.77 59.54 0.02
13 136.62 113.57 0.0
14 185.28 87.99 0.03
15 155.34 86.31 -0.01
16 215.5 58.86 -0.0
17 153.53 122.12 -0.02
18 145.91 69.79 -0.01
19 203.79 121.67 0.0
20 49.43 47.46 -0.02
21 167.74 87.98 -0.02
22 196.85 77.46 0.01
23 225.77 66.47 0.01
24 166.5 117.95 -0.03
25 200.64 127.06 0.02
26 131.22 71.9 0.0
27 87.52 60.77 -0.01
28 174.54 65.84 -0.02
29 137.44 125.24 0.0
30 124.91 67.42 -0.01
31 202.37 92.07 -0.01
32 188.09 117.12 0.01
33 86.31 65.26 0.01
34 136.05 58.18 -0.0
35 209.22 61.23 0.01
36 200.02 71.98 0.0
37 233.04 62.14 0.06
38 101.09 2.88 -0.03
39 92.01 0.86 -0.08
40 237.03 11.0 -0.04
41 95.94 21.95 0.01
42 153.98 95.92 -0.0
43 101.01 33.1 -0.03
44 237.0 77.0 -0.01
1 174.74 84.55 0.01
2 160.22 120.47 -0.0
3 165.36 83.42 -0.02
4 195.91 122.38 0.0
5 132.82 68.28 -0.0
6 104.47 66.33 -0.11
7 228.52 62.05 -0.02
8 139.89 70.36 -0.01
9 173.6 22.7 0.04
10 188.12 83.12 0.01
11 158.62 126.96 -0.01
12 239.8 59.56 -0.02
13 136.62 113.6 -0.01
14 185.28 87.99 -0.0
15 155.33 86.29 0.0
16 215.48 58.88 -0.0
17 153.54 122.14 -0.01
18 145.92 69.78 -0.02
19 203.77 121.67 0.0
20 49.47 47.47 0.0
21 167.72 87.99 0.01
22 196.87 77.46 -0.01
23 225.76 66.49 -0.02
24 166.49 117.94 -0.0
25 200.65 127.08 -0.01
26 131.22 71.92 -0.01
27 87.52 60.71 -0.01
28 174.49 65.8 -0.04
29 137.44 125.28 0.0
30 124.91 67.45 -0.01
31 202.35 92.03 0.0
32 188.07 117.1 0.03
33 86.31 65.19 0.0
34 136.05 58.21 0.0
35 209.22 61.25 -0.0
36 200.02 71.97 -0.02
37 233.09 62.14 -0.03
38 101.11 2.97 -0.08
39 91.93 0.85 -0.06
40 236.97 11.03 0.01
41 95.98 22.08 -0.01
42 153.97 96.02 0.01
43 100.97 33.09 0.01
44 237.0 76.95 0.03
45 241.0 72.0 0.08
1 174.79 84.53 -0.03
2 160.21 120.47 -0.02
3 165.31 83.41 0.04
4 195.94 122.37 -0.01
5 132.81 68.23 0.01
6 104.35 66.33 0.02
7 228.53 62.01 -0.02
8 139.88 70.35 -0.0
9 173.64 22.7 -0.0
10 188.14 83.13 -0.01
11 158.61 126.96 0.02
12 239.79 59.54 0.02
13 136.62 113.58 0.0
14 185.28 88.02 -0.02
15 155.33 86.36 0.01
16 215.5 58.84 0.01
17 153.5 122.13 0.03
18 145.92 69.75 -0.01
19 203.78 121.7 -0.01
20 49.46 47.46 -0.01
21 167.73 87.97 0.0
22 196.87 77.46 0.0
23 225.78 66.51 -0.01
24 166.48 117.9 0.01
25 200.66 127.1 0.02
26 131.22 71.88 -0.01
27 87.53 60.78 -0.0
28 174.52 65.81 -0.01
29 137.45 125.22 0.01
30 124.9 67.42 -0.0
31 202.35 92.02 0.0
32 188.1 117.1 -0.01
33 86.33 65.25 -0.01
34 136.04 58.16 0.02
35 209.21 61.22 -0.03
36 200.03 71.94 0.0
37 233.08 62.15 -0.0
38 101.05 2.98 -0.01
39 91.87 0.83 -0.04
40 236.95 11.08 -0.0
41 95.93 22.04 0.03
42 153.99 96.03 -0.01
43 101.06 33.2 -0.09
44 237.03 76.87 -0.03
45 241.08 71.91 -0.01
1 174.73 84.53 0.0
2 160.21 120.48 0.01
3 165.37 83.45 -0.02
4 195.93 122.4 -0.01
5 132.81 68.24 -0.01
6 104.38 66.3 0.04
7 228.52 62.0 -0.01
8 139.88 70.34 -0.01
9 173.63 22.71 0.02
10 188.13 83.12 0.0
11 158.66 126.94 -0.05
12 239.78 59.6 0.05
13 136.61 113.6 -0.0
14 185.29 87.96 -0.0
15 155.35 86.29 -0.01
16 215.51 58.87 -0.01
17 153.52 122.12 0.03
18 145.9 69.77 -0.0
19 203.78 121.7 -0.0
20 49.47 47.46 -0.03
21 167.74 88.0 0.01
22 196.86 77.48 -0.0
23 225.76 66.5 0.0
24 166.49 117.93 -0.01
25 200.65 127.1 0.02
26 131.21 71.91 -0.0
27 87.52 60.8 0.02
28 174.5 65.82 0.01
29 137.43 125.28 -0.0
30 124.89 67.43 -0.01
31 202.35 92.02 0.0
32 188.08 117.11 -0.0
33 86.32 65.25 0.02
34 136.05 58.19 -0.0
35 209.21 61.26 -0.03
36 200.0 71.96 -0.0
37 233.06 62.14 0.03
38 101.05 2.92 0.03
39 91.94 0.79 -0.14
40 236.97 11.03 0.01
41 95.95 22.03 0.04
42 153.98 96.01 -0.02
43 100.98 33.13 0.03
44 237.01 76.9 -0.1
45 241.09 71.93 -0.08
1 174.73 84.55 0.0
2 160.21 120.46 0.01
3 165.36 83.46 0.01
4 195.92 122.43 0.03
5 132.81 68.23 -0.01
6 104.43 66.32 -0.01
7 228.51 62.02 0.0
8 139.88 70.33 -0.02
9 173.65 22.73 0.03
10 188.14 83.15 -0.03
11 158.63 126.95 0.03
12 239.78 59.6 0.06
13 136.6 113.61 0.01
14 185.29 88.0 -0.05
15 155.35 86.36 -0.01
16 215.5 58.9 -0.0
17 153.55 122.12 -0.01
18 145.91 69.78 -0.01
19 203.76 121.73 0.03
20 49.48 47.54 -0.02
21 167.73 88.01 0.02
22 196.85 77.48 -0.0
23 225.75 66.55 0.02
24 166.49 117.95 0.01
25 200.63 127.11 0.05
26 131.2 71.9 -0.0
27 87.51 60.8 0.01
28 174.51 65.82 0.02
29 137.45 125.28 -0.02
30 124.89 67.41 -0.02
31 202.35 92.04 -0.01
32 188.08 117.11 -0.01
33 86.29 65.28 0.04
34 136.05 58.17 -0.0
35 209.19 61.24 -0.0
36 200.0 71.98 0.01
37 233.04 62.19 0.09
38 101.03 2.89 0.07
39 91.83 0.75 0.11
40 236.94 11.08 0.07
41 95.96 22.03 -0.02
42 153.99 96.02 -0.02
43 100.99 33.11 -0.02
44 236.99 76.95 -0.04
45 241.05 71.99 0.0
1 174.77 84.55 -0.04
2 160.2 120.49 -0.02
3 165.33 83.41 -0.01
4 195.93 122.45 0.01
5 132.81 68.25 0.0
6 104.37 66.35 0.15
7 228.52 62.01 -0.03
8 139.87 70.31 0.0
9 173.64 22.74 0.01
10 188.09 83.18 0.01
11 158.57 126.99 -0.01
12 239.83 59.54 0.01
13 136.62 113.61 -0.0
14 185.24 88.01 0.01
15 155.34 86.33 -0.02
16 215.5 58.86 -0.01
17 153.52 122.14 -0.0
18 145.91 69.76 0.01
19 203.78 121.72 -0.0
20 49.48 47.59 -0.0
21 167.74 87.98 0.0
22 196.85 77.53 0.0
23 225.78 66.53 -0.01
24 166.49 117.96 -0.01
25 200.68 127.14 0.01
26 131.2 71.93 -0.0
27 87.52 60.79 -0.03
28 174.49 65.82 0.02
29 137.44 125.24 -0.01
30 124.87 67.44 0.03
31 202.35 91.94 -0.0
32 188.08 117.15 -0.02
33 86.33 65.26 -0.01
34 136.06 58.2 -0.02
35 209.17 61.23 0.03
36 200.0 72.01 0.0
37 233.14 62.2 -0.03
38 101.05 2.97 0.05
39 91.82 0.71 0.05
40 236.96 11.06 0.03
41 95.99 22.13 -0.06
42 153.98 96.07 -0.01
43 101.05 33.23 -0.06
44 236.99 76.92 0.01
45 241.08 71.96 -0.0
1 174.73 84.57 0.03
2 160.19 120.49 0.01
3 165.36 83.44 -0.01
4 195.93 122.44 -0.01
5 132.8 68.24 0.0
6 104.36 66.3 0.11
7 228.5 61.95 0.0
8 139.86 70.31 -0.01
9 173.62 22.72 0.0
10 188.12 83.17 -0.01
11 158.58 126.96 0.02
12 239.84 59.61 -0.01
13 136.61 113.61 0.0
14 185.25 88.0 0.01
15 155.34 86.32 -0.02
16 215.49 58.91 0.01
17 153.52 122.12 0.01
18 145.9 69.78 -0.01
19 203.77 121.73 -0.0
20 49.42 47.55 0.01
21 167.76 88.02 -0.02
22 196.86 77.51 -0.01
23 225.75 66.47 0.03
24 166.49 117.95 -0.0
25 200.69 127.14 0.0
26 131.18 71.92 0.0
27 87.52 60.8 -0.02
28 174.51 65.82 -0.02
29 137.44 125.25 -0.02
30 124.89 67.43 -0.03
31 202.34 92.0 0.0
32 188.09 117.15 -0.05
33 86.34 65.28 -0.03
34 136.04 58.23 0.0
35 209.18 61.26 0.02
36 200.01 71.97 -0.01
37 233.08 62.15 0.02
38 101.11 3.01 -0.04
39 91.88 0.68 -0.01
40 237.05 10.92 -0.02
41 95.96 22.15 0.01
42 153.98 96.01 -0.02
43 101.03 33.24 0.01
44 236.99 76.92 -0.04
45 241.09 71.96 -0.07
46 68.0 151.0 -0.06
1 174.75 84.57 0.01
2 160.19 120.47 0.01
3 165.3 83.46 0.06
4 195.94 122.44 -0.03
5 132.79 68.21 0.01
6 104.43 66.3 0.01
7 228.49 62.02 -0.01
8 139.86 70.29 0.0
9 173.65 22.76 -0.04
10 188.09 83.18 0.02
11 158.56 126.96 -0.01
12 239.83 59.6 -0.06
13 136.61 113.62 0.01
14 185.25 88.04 0.01
15 155.33 86.35 -0.0
16 215.49 58.9 0.0
17 153.52 122.12 0.01
18 145.9 69.77 -0.0
19 203.78 121.73 -0.01
20 49.44 47.52 0.05
21 167.75 88.02 0.0
22 196.85 77.49 -0.0
23 225.75 66.52 -0.01
24 166.49 117.95 0.01
25 200.69 127.11 0.01
26 131.19 71.88 0.0
27 87.49 60.81 -0.03
28 174.53 65.84 -0.01
29 137.42 125.26 0.0
30 124.88 67.39 -0.02
31 202.35 91.96 0.0
32 188.07 117.14 0.01
33 86.31 65.26 -0.01
34 136.04 58.17 0.01
35 209.2 61.23 -0.0
36 200.0 71.95 -0.01
37 233.11 62.17 -0.06
38 101.06 2.87 -0.01
39 91.82 0.61 -0.04
40 237.0 11.02 -0.07
41 95.96 22.16 0.03
42 153.96 95.97 0.02
43 100.97 33.19 0.02
44 236.99 76.87 -0.07
45 241.09 71.93 -0.07
46 68.0 150.98 0.05
1 174.77 84.55 -0.0
2 160.21 120.49 -0.02
3 165.34 83.42 -0.01
4 195.93 122.42 -0.02
5 132.79 68.27 -0.0
6 104.4 66.31 0.08
7 228.48 62.06 0.02
8 139.86 70.31 -0.01
9 173.62 22.76 0.02
10 188.11 83.2 0.0
11 158.61 126.99 -0.05
12 239.82 59.62 -0.02
13 136.62 113.65 -0.01
14 185.26 88.03 -0.02
15 155.33 86.38 -0.02
16 215.5 58.9 -0.0
17 153.53 122.16 -0.0
18 145.91 69.81 -0.02
19 203.77 121.75 -0.01
20 49.45 47.54 0.02
21 167.76 88.01 -0.01
22 196.86 77.54 -0.01
23 225.76 66.56 0.0
24 166.51 117.96 -0.01
25 200.7 127.13 -0.0
26 131.19 71.94 -0.02
27 87.46 60.81 0.0
28 174.52 65.84 -0.02
29 137.42 125.24 -0.01
30 124.86 67.44 0.02
31 202.35 91.97 0.0
32 188.07 117.14 -0.02
33 86.29 65.26 0.0
34 136.04 58.17 0.01
35 209.21 61.26 -0.01
36 200.0 72.01 -0.01
37 233.08 62.22 -0.0
38 101.02 2.82 0.03
39 91.77 0.59 0.04
40 236.94 11.08 -0.03
41 95.98 22.13 0.01
42 153.97 95.92 0.0
43 101.09 33.2 0.01
44 236.94 76.88 -0.05
45 241.07 71.94 -0.08
46 67.98 151.03 -0.02
