1 87.0 110.0 -0.0
2 84.0 102.0 -0.02
3 77.0 112.0 0.01
4 77.0 98.0 -0.0
5 77.0 27.0 -0.03
6 256.0 107.0 0.06
7 154.0 82.0 0.07
8 155.0 92.0 -0.02
9 65.0 4.0 0.0
10 46.0 41.0 0.04
11 56.0 44.0 -0.0
12 270.0 113.0 -0.0
13 65.0 46.0 -0.04
1 86.96 109.82 0.08
2 83.97 101.81 0.08
3 76.96 111.79 0.08
4 76.95 97.79 0.11
5 76.97 26.73 -0.0
6 256.04 106.78 0.06
7 154.06 81.9 0.1
8 154.97 91.92 0.02
9 65.02 3.74 -0.0
10 46.0 40.77 0.09
11 56.01 43.77 0.02
12 269.99 112.79 0.08
13 64.97 45.75 0.03
14 78.0 104.0 0.05
15 79.0 117.0 0.03
16 128.0 81.0 0.0
17 87.0 96.0 0.06
18 88.0 126.0 0.06
19 256.0 133.0 0.04
20 252.0 118.0 0.03
21 86.0 34.0 0.05
1 86.95 109.76 0.08
2 83.95 101.74 0.07
3 76.96 111.72 0.06
4 76.97 97.72 0.07
5 76.98 26.64 0.0
6 256.01 106.71 0.07
7 154.08 81.78 0.05
8 154.97 91.89 0.0
9 65.05 3.64 -0.0
10 45.98 40.68 0.09
11 56.01 43.68 0.01
12 269.98 112.72 0.04
13 64.97 45.66 0.04
14 77.98 103.91 0.04
15 78.95 116.9 0.09
16 127.99 80.93 0.01
17 86.97 95.91 0.06
18 87.94 125.96 0.09
19 255.95 132.94 0.1
20 251.94 117.89 0.04
21 86.01 33.88 0.04
22 248.0 122.0 -0.05
1 86.92 109.75 0.05
2 83.92 101.73 0.06
3 76.94 111.7 0.04
4 76.92 97.7 0.07
5 76.99 26.61 -0.01
6 255.99 106.74 0.04
7 154.05 81.8 0.07
8 154.93 91.9 0.05
9 65.0 3.57 -0.0
10 46.0 40.63 0.02
11 55.99 43.63 0.02
12 269.97 112.8 0.03
13 64.95 45.65 0.03
14 77.95 103.9 0.05
15 78.92 116.89 0.05
16 127.94 80.9 0.07
17 86.95 95.89 0.06
18 87.91 125.96 0.08
19 255.99 132.95 -0.02
20 251.91 117.97 0.03
21 86.0 33.86 0.03
22 247.9 121.98 0.04
1 87.01 109.9 0.06
2 84.02 101.85 0.05
3 77.01 111.81 0.07
4 77.01 97.85 0.07
5 76.98 26.73 -0.04
6 256.04 106.84 0.06
7 154.09 81.92 0.04
8 154.96 91.96 0.06
9 65.02 3.72 0.08
10 46.02 40.77 0.07
11 56.02 43.77 0.0
12 270.01 112.88 0.08
13 64.98 45.76 0.05
14 78.01 104.07 0.05
15 79.02 117.08 0.09
16 127.96 81.0 0.1
17 87.03 96.05 0.06
18 87.99 126.05 0.11
19 256.01 133.08 0.06
20 251.97 118.12 0.06
21 86.03 34.03 0.05
22 247.95 122.13 0.07
23 92.0 127.0 0.1
1 86.99 109.8 0.05
2 83.98 101.76 0.05
3 76.99 111.73 0.06
4 77.0 97.74 0.07
5 77.0 26.65 -0.03
6 256.04 106.8 0.04
7 154.13 81.87 0.04
8 154.97 91.91 0.02
9 65.03 3.6 0.03
10 46.01 40.66 0.05
11 56.04 43.67 -0.03
12 269.99 112.79 0.08
13 65.01 45.67 -0.01
14 77.99 103.94 0.03
15 78.99 116.94 0.09
16 128.01 80.91 0.05
17 87.0 95.96 0.05
18 88.01 125.97 0.07
19 256.01 133.0 -0.05
20 251.96 118.06 0.02
21 86.01 33.9 0.05
22 247.93 122.04 0.04
23 92.03 127.01 0.05
24 269.0 118.0 -0.02
1 87.04 109.85 -0.07
2 84.03 101.85 -0.08
3 77.03 111.77 -0.08
4 77.06 97.82 -0.14
5 76.97 26.66 0.02
6 256.07 106.87 -0.07
7 154.17 81.91 -0.07
8 155.02 91.95 -0.07
9 65.13 3.75 -0.04
10 46.11 40.78 -0.12
11 56.05 43.75 -0.04
12 270.05 112.89 -0.07
13 65.04 45.74 -0.08
14 78.01 104.04 -0.06
15 79.05 117.02 -0.08
16 128.05 80.97 -0.03
17 87.06 96.05 -0.08
18 88.01 126.03 -0.07
19 256.02 133.11 -0.08
20 252.0 118.14 -0.08
21 86.1 34.03 -0.08
22 247.99 122.13 -0.08
23 92.04 127.08 -0.08
24 268.96 117.92 -0.05
1 87.03 109.67 -0.0
2 84.03 101.65 -0.0
3 77.04 111.63 0.01
4 77.03 97.63 0.02
5 76.97 26.46 -0.0
6 256.09 106.65 -0.02
7 154.18 81.75 -0.01
8 154.96 91.85 -0.01
9 65.1 3.52 -0.01
10 46.05 40.57 0.03
11 56.03 43.57 0.04
12 270.04 112.68 -0.01
13 65.0 45.53 0.01
14 78.02 103.81 0.02
15 79.05 116.81 0.0
16 128.03 80.76 0.02
17 87.06 95.8 0.0
18 88.03 125.87 0.05
19 255.93 132.89 0.05
20 251.98 117.86 -0.03
21 86.03 33.74 0.0
22 247.96 121.85 -0.03
23 92.04 126.91 0.04
24 268.94 117.69 -0.02
25 145.0 114.0 0.05
1 87.1 109.63 -0.07
2 84.11 101.63 -0.07
3 77.12 111.59 -0.1
4 77.12 97.62 -0.05
5 76.95 26.35 0.01
6 256.14 106.65 -0.04
7 154.24 81.72 -0.01
8 155.02 91.86 -0.05
9 65.1 3.48 0.0
10 46.12 40.51 0.0
11 56.08 43.5 -0.0
12 270.1 112.66 -0.04
13 65.04 45.46 -0.02
14 78.09 103.79 -0.05
15 79.15 116.76 -0.09
16 128.13 80.77 -0.11
17 87.13 95.8 -0.04
18 88.16 125.86 -0.07
19 256.03 132.88 -0.06
20 252.06 117.94 -0.07
21 86.09 33.67 -0.02
22 248.05 121.9 -0.07
23 92.15 126.9 -0.03
24 269.01 117.71 -0.05
25 145.11 114.04 -0.01
1 87.07 109.67 -0.03
2 84.08 101.69 -0.06
3 77.08 111.63 -0.03
4 77.11 97.69 -0.08
5 76.97 26.46 0.01
6 256.09 106.7 0.03
7 154.2 81.75 -0.06
8 154.95 91.86 0.01
9 65.09 3.56 -0.11
10 46.08 40.6 -0.09
11 56.08 43.63 -0.04
12 270.09 112.7 -0.01
13 65.03 45.61 -0.04
14 78.07 103.85 -0.05
15 79.09 116.83 0.01
16 128.09 80.85 -0.01
17 87.09 95.87 -0.04
18 88.13 125.91 -0.06
19 255.99 132.94 -0.07
20 251.99 117.94 -0.01
21 86.06 33.77 -0.05
22 248.0 121.89 -0.02
23 92.14 126.95 -0.08
24 268.98 117.74 -0.02
25 145.11 114.11 -0.03
1 87.01 109.64 -0.07
2 84.02 101.66 0.3
3 77.01 111.61 -0.07
4 77.06 97.64 0.32
5 76.99 26.41 2.64
6 256.09 106.7 0.61
7 154.18 81.71 0.16
8 154.95 91.84 0.11
9 65.12 3.49 2.62
10 46.06 40.5 2.7
11 270.03 112.7 1.08
12 78.04 103.82 0.16
13 79.06 116.79 -0.23
14 128.02 80.83 0.72
15 87.06 95.81 0.46
16 88.03 125.88 -0.63
17 251.97 117.91 0.92
18 86.04 33.69 2.28
19 247.95 121.88 0.97
20 92.03 126.92 -0.71
21 268.93 117.73 1.03
22 145.08 114.02 -0.09
1 87.02 109.56 -1.7
2 84.0 101.57 -1.51
3 77.02 111.38 -1.14
4 77.03 97.55 -1.92
5 76.97 26.31 -2.54
6 256.09 106.58 9.47
7 154.15 81.62 0.3
8 154.93 91.76 0.07
9 46.01 40.44 -4.22
10 270.03 112.52 11.31
11 78.02 103.73 -1.6
12 79.06 116.71 -1.31
13 128.05 80.7 -0.2
14 87.06 95.67 -1.48
15 88.02 125.8 -1.29
16 251.98 117.79 8.4
17 86.03 33.63 -1.98
18 247.99 121.76 7.96
19 92.03 126.83 -1.56
20 268.93 117.6 11.32
21 145.05 113.89 0.33
22 57.0 60.0 -6.25
1 85.59 117.54 -0.33
2 83.03 109.88 -0.47
3 75.9 119.43 -0.18
4 75.63 105.76 -0.99
5 77.53 36.76 -3.81
6 257.39 116.04 16.34
7 153.5 90.26 1.84
8 154.28 99.77 1.46
9 46.63 50.43 -6.86
10 271.94 122.34 19.03
11 76.9 111.95 -0.54
12 77.82 124.41 -0.29
13 127.73 89.02 1.11
14 86.3 103.79 -0.61
15 86.69 133.69 -0.25
16 253.3 126.87 14.46
17 86.28 43.69 -2.01
18 249.26 130.84 13.98
19 90.45 134.75 -0.23
20 270.9 127.29 19.03
21 144.27 121.54 1.95
22 54.69 54.32 -5.3
23 62.0 34.0 -0.65
1 85.68 106.95 -0.42
2 83.1 98.86 -0.44
3 76.44 109.16 -0.64
4 75.55 94.65 -1.21
5 74.53 19.77 -1.49
6 267.48 103.12 16.16
7 155.03 78.26 1.27
8 155.47 88.11 1.29
9 41.65 33.62 -4.05
10 283.62 110.25 19.3
11 77.09 100.86 -0.75
12 78.27 114.1 -0.85
13 128.45 77.23 0.98
14 86.15 92.73 -0.38
15 87.18 123.87 -0.83
16 262.19 115.33 14.61
17 84.32 27.73 -0.16
18 257.77 119.41 14.08
19 90.94 124.94 -0.78
20 282.53 115.57 19.37
21 146.09 111.17 1.15
22 50.74 37.99 -3.1
23 62.11 37.86 -2.24
24 273.0 135.0 10.19
25 244.0 132.0 6.49
26 240.0 116.0 5.98
27 217.0 87.0 3.29
28 279.0 97.0 10.28
1 85.17 108.43 -1.31
2 82.46 100.34 -0.74
3 75.61 110.67 -1.14
4 74.45 96.12 -1.31
5 73.42 19.66 -1.23
6 275.52 105.27 17.0
7 155.39 80.1 0.98
8 155.85 89.84 0.98
9 39.25 33.54 -4.6
10 293.11 112.9 20.8
11 76.21 102.38 -0.87
12 77.41 115.61 -1.33
13 128.9 78.93 0.58
14 85.56 94.19 -0.88
15 86.37 125.6 -1.44
16 269.34 117.98 15.37
17 84.11 28.6 -1.04
18 264.68 122.61 14.73
19 90.18 126.7 -1.56
20 292.09 118.39 20.85
21 146.28 112.74 0.92
22 49.06 38.34 -3.62
23 61.11 38.43 -2.94
24 275.27 135.52 16.59
25 245.27 132.59 10.54
26 240.96 116.34 9.45
27 217.4 86.88 4.46
28 280.87 97.11 17.74
29 75.0 123.0 -1.41
30 215.0 113.0 1.63
31 59.0 55.0 -1.2
1 84.83 111.11 -1.24
2 82.38 102.76 -0.94
3 75.5 113.26 -1.84
4 73.69 98.56 -0.93
5 73.09 20.7 -2.33
6 285.38 107.65 19.1
7 156.28 82.45 0.61
8 156.77 92.34 1.06
9 37.07 34.1 -6.16
10 75.91 104.81 -1.07
11 77.13 118.32 -1.41
12 129.4 81.43 0.87
13 85.47 96.66 -1.19
14 86.01 128.48 -1.4
15 278.23 121.29 17.06
16 84.06 29.93 -1.76
17 273.28 126.12 16.28
18 89.81 129.58 -1.11
19 147.16 115.24 0.75
20 47.21 39.0 -4.49
21 59.54 39.31 -3.77
22 284.54 140.43 18.94
23 251.55 136.72 11.11
24 246.62 119.1 10.38
25 220.52 88.58 4.56
26 291.01 99.31 20.24
27 74.71 124.37 -2.05
28 215.4 114.33 4.54
29 58.69 56.49 -3.04
1 83.58 112.42 -1.57
2 81.46 104.0 -1.52
3 73.86 114.61 -1.46
4 72.6 99.74 -1.11
5 71.6 21.3 -3.34
6 294.51 109.31 22.44
7 156.29 83.96 0.68
8 156.74 93.67 1.07
9 33.43 33.61 -7.36
10 74.92 106.16 -1.4
11 75.7 119.71 -1.18
12 129.35 82.82 0.52
13 84.41 97.86 -1.7
14 84.62 130.43 -1.29
15 286.48 123.64 19.68
16 82.46 30.4 -1.76
17 281.04 128.89 19.04
18 88.62 131.5 -1.22
19 146.94 116.27 0.94
20 44.61 39.09 -5.88
21 57.42 39.58 -4.82
22 293.61 144.11 22.61
23 256.2 139.41 13.38
24 251.4 121.28 11.81
25 222.25 89.3 5.93
26 73.05 126.04 -1.8
27 216.78 116.22 5.61
28 57.09 57.07 -4.85
29 77.0 126.0 -1.22
30 69.0 108.0 -1.38
31 303.0 103.0 12.63
32 229.0 78.0 3.02
33 168.0 115.0 0.29
34 235.0 118.0 3.71
1 82.96 112.42 -2.28
2 80.68 103.77 -2.03
3 73.19 114.57 -2.17
4 72.22 99.55 -2.04
5 69.68 18.3 -3.95
6 156.7 83.42 0.46
7 157.55 93.38 0.36
8 29.8 30.64 -8.33
9 74.23 105.91 -1.83
10 75.16 119.87 -2.03
11 129.8 82.81 -0.01
12 83.45 97.71 -2.15
13 83.77 131.03 -2.03
14 296.8 124.27 22.02
15 82.19 28.98 -3.16
16 291.15 129.84 21.24
17 88.07 132.13 -2.42
18 147.62 116.07 0.28
19 41.95 36.52 -7.1
20 55.16 37.19 -5.55
21 263.56 141.1 13.54
22 257.69 121.09 12.54
23 225.21 87.74 6.24
24 72.01 126.31 -2.58
25 220.1 115.85 4.93
26 54.71 55.47 -5.36
27 76.15 126.37 -1.66
28 68.4 108.44 -2.26
29 229.26 78.04 6.39
30 167.7 115.46 0.81
31 235.3 118.57 8.14
32 66.0 87.0 -2.57
33 79.0 116.0 -1.45
34 67.0 115.0 -2.2
35 304.0 118.0 12.54
36 293.0 129.0 11.14
37 256.0 133.0 6.47
1 81.72 111.63 -1.43
2 79.71 102.86 -1.31
3 71.99 113.75 -1.42
4 71.24 98.61 -0.92
5 67.86 15.66 -2.96
6 157.06 82.43 1.39
7 157.84 92.45 0.95
8 25.27 27.21 -7.45
9 73.26 105.04 -1.04
10 74.23 119.16 -1.52
11 129.82 81.84 0.98
12 82.54 96.74 -1.64
13 82.9 130.53 -1.54
14 80.53 26.66 -2.01
15 86.91 131.59 -1.67
16 147.87 115.18 0.86
17 38.26 33.42 -5.92
18 51.97 34.3 -4.38
19 271.07 141.64 16.21
20 264.35 120.61 14.96
21 228.68 85.61 7.48
22 70.79 125.52 -2.04
23 222.72 114.31 6.48
24 51.99 53.09 -4.88
25 75.5 125.7 -1.3
26 67.29 107.5 -1.71
27 232.58 75.61 7.87
28 168.33 114.46 1.1
29 239.67 117.71 9.52
30 65.64 87.0 -2.83
31 78.69 116.0 -1.56
32 66.42 114.97 -2.54
33 294.93 129.27 23.97
34 257.7 133.2 12.75
35 64.0 100.0 -0.22
36 65.0 91.0 -0.27
1 81.12 111.05 -1.94
2 79.01 101.97 -1.91
3 71.38 113.1 -1.92
4 70.73 97.67 -1.2
5 65.72 11.73 -3.32
6 157.85 81.9 0.99
7 158.36 91.79 0.79
8 21.23 23.14 -8.16
9 72.71 104.09 -1.2
10 73.55 118.58 -1.79
11 130.44 80.8 0.48
12 81.61 95.9 -2.31
13 82.33 130.27 -2.33
14 79.45 23.91 -1.83
15 86.42 131.34 -2.5
16 148.28 114.57 0.97
17 34.83 29.68 -6.52
18 49.59 31.18 -5.17
19 279.66 143.47 17.89
20 272.45 121.05 16.02
21 232.75 84.27 7.68
22 69.77 124.88 -2.5
23 226.25 114.15 6.36
24 49.31 50.22 -5.3
25 74.9 125.32 -2.16
26 66.48 106.61 -2.45
27 236.86 73.53 8.04
28 168.86 113.94 1.41
29 244.77 117.88 10.06
30 63.75 85.74 -3.21
31 77.96 115.39 -2.0
32 65.19 113.95 -3.51
33 264.57 134.37 13.89
34 64.48 99.97 -1.89
35 65.53 90.92 -2.32
36 277.0 126.0 9.26
37 249.0 132.0 5.66
38 27.0 24.0 -4.32
39 218.0 117.0 2.56
40 206.0 115.0 1.75
41 241.0 86.0 4.58
42 201.0 109.0 1.39
1 79.99 111.55 -1.73
2 78.21 102.22 -1.85
3 70.29 113.54 -1.65
4 70.1 98.12 -0.73
5 64.59 9.82 -3.47
6 158.54 82.01 1.1
7 158.84 92.21 1.15
8 17.11 20.16 -8.68
9 72.1 104.46 -1.1
10 72.49 119.21 -1.41
11 130.8 81.12 0.65
12 80.59 96.2 -2.04
13 81.0 131.36 -1.88
14 78.44 22.11 -1.72
15 84.93 132.42 -2.1
16 148.68 115.15 0.95
17 31.46 27.04 -6.87
18 47.03 28.87 -5.48
19 289.29 146.59 20.41
20 280.88 122.4 18.44
21 236.98 82.78 8.51
22 68.25 125.62 -1.84
23 229.71 114.71 7.27
24 46.45 48.43 -5.89
25 73.67 126.18 -1.72
26 65.25 106.65 -2.4
27 241.24 71.92 9.21
28 169.41 114.51 1.64
29 250.16 119.47 11.41
30 62.38 85.83 -3.13
31 76.81 115.88 -1.8
32 63.27 114.44 -3.58
33 272.18 136.67 15.95
34 63.44 100.48 -1.49
35 64.35 91.18 -1.93
36 278.62 126.66 18.39
37 249.82 132.39 11.64
38 26.21 23.5 -7.49
39 218.1 117.2 5.51
40 206.12 115.36 3.91
41 241.99 86.25 9.01
42 201.23 109.2 3.36
43 254.0 125.0 6.74
44 59.0 1.0 -1.27
45 213.0 115.0 2.39
46 259.0 147.0 6.84
47 60.0 124.0 -2.31
48 252.0 140.0 6.48
1 78.73 111.53 -2.14
2 76.77 102.18 -1.73
3 69.15 113.62 -1.93
4 69.44 98.02 -0.82
5 62.08 7.12 -3.45
6 158.92 81.94 0.97
7 159.19 92.11 1.17
8 11.8 17.04 -9.34
9 71.31 104.4 -1.46
10 71.54 119.42 -1.99
11 130.86 81.41 0.64
12 79.11 96.22 -2.02
13 79.73 131.96 -2.19
14 77.35 20.81 -2.61
15 83.63 133.04 -2.41
16 149.21 115.08 0.82
17 27.37 24.4 -7.53
18 43.8 26.84 -6.17
19 290.29 123.13 20.6
20 241.24 81.37 9.26
21 67.0 125.8 -1.82
22 233.43 114.66 7.9
23 43.01 46.73 -6.47
24 72.55 126.44 -1.91
25 63.56 106.65 -2.1
26 245.47 69.78 10.19
27 170.32 114.54 1.0
28 256.17 119.7 12.34
29 60.49 85.63 -4.14
30 75.61 116.18 -2.18
31 61.11 114.47 -3.07
32 280.28 138.25 17.49
33 62.45 100.44 -1.54
34 63.14 91.05 -2.21
35 287.99 127.47 20.53
36 255.85 133.57 12.64
37 22.07 20.82 -8.35
38 220.91 117.48 5.45
39 208.11 115.31 4.19
40 246.46 84.75 9.99
41 202.57 109.14 3.45
42 255.31 125.34 12.42
43 58.53 0.98 -3.06
44 213.34 115.32 4.48
45 260.12 147.77 13.15
46 59.38 124.1 -3.92
47 253.16 140.37 12.11
48 73.0 110.0 -1.4
49 57.0 106.0 -2.11
50 57.0 96.0 -2.48
1 77.82 111.09 -1.88
2 75.83 101.49 -1.9
3 68.35 113.14 -1.78
4 69.17 97.36 -1.32
5 60.36 3.55 -3.5
6 159.67 81.14 0.74
7 159.93 91.44 1.07
8 6.77 12.41 -9.55
9 70.59 103.72 -1.32
10 70.74 119.04 -1.84
11 131.29 80.45 0.9
12 78.06 95.55 -2.47
13 78.85 131.9 -2.14
14 76.21 18.04 -2.16
15 82.66 133.0 -2.2
16 149.61 114.53 1.44
17 23.2 20.25 -7.7
18 40.51 23.02 -6.08
19 246.45 79.28 9.69
20 66.2 125.51 -1.81
21 237.62 114.28 8.86
22 39.68 43.75 -6.59
23 71.73 126.2 -2.04
24 62.53 105.59 -1.88
25 251.28 67.3 10.76
26 171.08 114.02 1.41
27 262.85 120.53 14.29
28 58.48 84.73 -5.18
29 74.68 115.66 -1.95
30 59.48 113.83 -3.04
31 289.66 139.92 20.67
32 61.72 99.79 -1.16
33 62.06 90.17 -1.5
34 262.74 134.39 14.51
35 17.43 16.49 -8.31
36 224.15 117.13 6.15
37 210.38 114.89 4.75
38 251.83 82.59 10.7
39 204.74 108.64 3.59
40 262.06 125.81 14.26
41 57.0 -2.44 -2.97
42 215.78 114.72 5.29
43 267.3 149.79 14.98
44 57.32 123.46 -3.64
45 259.74 141.98 13.97
46 72.59 109.84 -1.56
47 56.78 105.77 -3.57
48 56.71 95.68 -4.64
49 248.0 129.0 6.15
1 76.4 111.83 -2.66
2 74.62 101.98 -2.35
3 66.94 113.73 -2.37
4 68.25 97.78 -1.79
5 58.27 1.49 -3.75
6 159.89 81.49 0.67
7 160.33 91.87 0.97
8 69.57 104.29 -1.93
9 69.28 120.02 -2.34
10 131.49 80.97 0.65
11 76.49 96.11 -2.57
12 77.25 133.31 -2.59
13 74.65 16.61 -2.01
14 80.87 134.36 -2.58
15 150.0 115.19 1.04
16 18.49 17.51 -8.05
17 36.85 20.82 -6.25
18 251.23 78.44 10.93
19 64.73 126.52 -2.16
20 241.94 115.07 9.36
21 35.87 42.1 -7.1
22 70.24 127.21 -2.42
23 61.0 106.23 -1.87
24 256.65 65.78 11.83
25 171.34 114.74 1.4
26 269.95 121.82 15.34
27 55.6 85.42 -5.66
28 73.21 116.62 -2.69
29 57.26 114.47 -3.01
30 60.58 100.38 -1.32
31 60.61 90.7 -1.12
32 270.03 136.63 15.27
33 12.6 13.7 -8.48
34 226.89 118.18 6.0
35 212.51 115.66 4.41
36 257.37 81.75 12.21
37 206.23 109.36 3.46
38 269.23 127.61 15.13
39 218.18 115.57 4.91
40 274.65 153.26 16.13
41 54.75 124.1 -4.29
42 266.66 144.96 14.8
43 71.41 110.59 -2.52
44 54.11 106.09 -3.04
45 53.64 96.27 -3.86
46 248.69 129.68 10.91
47 274.0 133.0 7.98
48 278.0 143.0 8.22
1 75.83 112.91 -3.47
2 73.96 102.92 -3.4
3 66.52 114.71 -3.33
4 67.98 98.76 -3.05
5 160.74 82.23 0.29
6 161.62 92.58 0.17
7 69.35 105.25 -3.02
8 68.77 121.16 -3.35
9 132.57 81.97 -0.1
10 75.6 97.13 -3.72
11 76.45 134.67 -3.48
12 74.42 15.8 -3.67
13 80.24 135.8 -3.72
14 151.36 115.88 0.07
15 15.12 15.41 -9.69
16 34.26 19.01 -7.93
17 258.04 77.43 10.64
18 64.26 127.65 -3.22
19 247.75 115.8 9.61
20 32.89 40.88 -8.51
21 69.54 128.35 -3.27
22 60.79 107.17 -2.86
23 263.9 64.05 12.39
24 172.79 115.45 -0.15
25 278.81 123.23 16.3
26 53.32 86.47 -5.86
27 72.61 117.73 -3.62
28 56.36 115.44 -3.18
29 60.74 101.32 -2.16
30 60.8 91.52 -2.17
31 278.8 138.75 16.33
32 8.68 11.36 -10.24
33 231.22 119.22 5.77
34 215.75 116.42 3.99
35 264.63 80.67 12.79
36 208.92 110.11 2.85
37 277.97 129.32 16.13
38 221.67 116.34 4.59
39 283.67 156.86 17.77
40 53.23 125.05 -5.64
41 275.27 147.82 15.5
42 70.93 111.62 -3.36
43 53.19 107.05 -3.5
44 51.89 97.28 -3.8
45 255.52 130.96 10.48
46 275.64 133.64 15.95
47 279.6 143.59 16.42
48 52.0 92.0 -1.96
1 73.63 112.62 -2.58
2 72.1 102.74 -2.54
3 64.45 114.6 -2.44
4 66.39 98.59 -2.32
5 160.67 82.11 1.34
6 161.59 92.54 0.86
7 67.56 105.08 -2.16
8 66.8 121.26 -2.47
9 132.43 81.69 0.4
10 73.7 96.99 -2.98
11 74.46 135.39 -2.79
12 72.36 13.74 -3.13
13 77.9 136.5 -2.77
14 151.31 115.91 0.82
15 9.47 11.63 -9.13
16 29.61 15.72 -7.98
17 263.54 75.63 13.31
18 62.47 127.85 -2.33
19 252.73 116.18 11.89
20 28.19 38.19 -8.71
21 67.68 128.54 -2.46
22 59.07 106.97 -2.17
23 270.29 61.76 15.01
24 172.8 115.5 1.47
25 287.25 124.54 19.7
26 49.6 86.4 -5.06
27 70.37 117.71 -2.73
28 54.03 115.33 -1.7
29 59.34 101.13 -1.24
30 59.53 91.0 -1.63
31 287.31 140.78 19.53
32 234.17 119.57 7.55
33 217.52 116.63 5.67
34 271.28 78.99 15.76
35 210.38 110.34 3.93
36 286.35 130.8 19.42
37 223.71 116.54 6.26
38 293.04 160.1 21.24
39 49.9 125.2 -5.06
40 283.33 150.61 18.46
41 68.75 111.46 -2.41
42 50.87 106.78 -2.01
43 49.6 96.91 -3.49
44 260.77 132.5 12.95
45 284.01 135.33 19.03
46 288.17 145.95 19.63
47 51.71 91.83 -4.0
48 240.0 76.0 4.88
49 284.0 154.0 10.38
50 290.0 143.0 11.38
1 72.26 112.13 -3.56
2 70.41 102.1 -2.89
3 63.13 114.24 -3.28
4 64.77 97.95 -2.66
5 161.38 81.7 0.88
6 161.88 92.36 0.69
7 66.19 104.41 -2.84
8 65.36 120.79 -3.13
9 132.52 81.1 0.23
10 71.69 96.13 -3.14
11 72.76 135.53 -3.24
12 70.51 10.78 -3.49
13 76.37 136.71 -3.5
14 151.57 115.61 0.55
15 25.12 11.69 -8.47
16 270.52 73.49 14.34
17 60.94 127.55 -2.94
18 259.07 116.14 12.49
19 23.38 34.97 -9.92
20 66.16 128.27 -3.1
21 57.78 106.42 -2.18
22 278.16 58.71 16.33
23 173.11 115.02 1.46
24 297.59 125.58 22.17
25 46.48 86.07 -5.8
26 68.83 117.31 -3.39
27 53.14 114.67 -2.65
28 58.49 100.47 -1.29
29 58.49 90.34 -1.28
30 297.56 142.38 22.42
31 238.13 119.69 7.78
32 220.51 116.43 5.51
33 279.64 76.78 17.3
34 212.44 109.83 3.93
35 296.56 132.02 21.93
36 227.06 116.41 6.11
37 47.03 125.06 -5.39
38 293.2 153.33 20.35
39 67.46 110.92 -3.27
40 49.57 106.26 -2.19
41 47.57 96.6 -3.29
42 267.89 132.94 13.64
43 294.0 136.73 21.04
44 49.37 91.37 -2.87
45 241.0 75.28 8.51
46 286.35 154.2 18.0
47 292.48 142.75 20.94
48 251.0 106.0 5.27
49 43.0 107.0 -1.97
50 14.0 28.0 -6.18
51 238.0 76.0 3.91
1 70.14 111.86 -3.4
2 68.86 101.71 -2.92
3 61.3 113.96 -3.05
4 63.46 97.57 -2.8
5 161.95 80.87 0.95
6 162.4 91.54 0.68
7 64.66 104.02 -2.91
8 63.64 120.89 -3.23
9 132.74 80.35 0.28
10 69.99 95.72 -2.86
11 71.21 136.04 -3.69
12 68.73 7.9 -3.44
13 74.57 137.21 -3.69
14 152.03 115.12 0.42
15 20.74 7.71 -9.01
16 278.38 70.07 16.08
17 59.53 127.53 -3.26
18 265.64 115.64 14.41
19 18.14 31.54 -10.13
20 64.57 128.22 -3.39
21 56.62 105.98 -2.69
22 287.0 54.2 18.11
23 174.17 114.63 0.9
24 43.13 85.78 -3.92
25 66.92 116.8 -3.47
26 51.75 114.46 -2.7
27 57.62 99.95 -1.26
28 57.53 89.65 -1.11
29 242.48 119.55 8.84
30 223.54 116.11 6.12
31 288.85 73.37 19.86
32 214.48 109.31 4.3
33 230.41 115.8 6.63
34 43.97 125.12 -4.82
35 65.53 110.76 -3.23
36 48.41 105.69 -2.5
37 45.21 95.97 -2.01
38 275.35 133.92 15.98
39 46.95 90.88 -1.53
40 245.7 72.69 9.5
41 296.01 156.65 20.69
42 252.03 105.91 10.94
43 42.4 106.94 -2.93
44 12.6 27.2 -10.28
45 238.61 75.6 8.12
46 38.0 94.0 -1.41
47 49.0 99.0 -1.13
48 295.0 56.0 10.66
49 63.0 86.0 -1.58
1 68.57 112.04 -4.2
2 67.4 101.81 -3.8
3 59.8 114.15 -3.72
4 62.01 97.57 -3.38
5 162.51 80.71 0.76
6 162.72 91.55 0.9
7 63.23 103.97 -3.79
8 62.12 121.1 -3.85
9 132.98 80.27 0.12
10 68.47 95.59 -3.33
11 69.37 136.82 -4.17
12 66.82 5.31 -3.74
13 72.68 138.04 -4.3
14 152.3 115.1 0.49
15 15.85 3.69 -9.19
16 286.85 67.4 18.33
17 57.8 127.99 -3.7
18 273.32 115.81 15.59
19 12.69 28.3 -11.03
20 62.79 128.69 -4.0
21 55.59 105.99 -2.52
22 296.51 50.31 20.29
23 174.82 114.57 0.68
24 40.27 86.56 -2.61
25 65.33 116.83 -4.16
26 50.51 114.48 -2.88
27 57.25 99.89 -2.14
28 57.25 89.4 -2.04
29 247.35 119.85 9.17
30 226.86 116.21 6.48
31 217.13 109.09 4.18
32 234.05 115.78 6.81
33 41.38 125.47 -4.22
34 64.03 110.79 -4.12
35 47.41 105.64 -2.62
36 44.32 96.1 -2.48
37 283.96 135.39 17.5
38 46.53 90.7 -2.52
39 250.59 70.86 10.62
40 257.92 105.88 12.03
41 40.96 106.97 -2.79
42 7.0 23.88 -11.99
43 242.95 74.34 8.75
44 37.61 93.89 -2.64
45 49.06 99.01 -2.43
46 297.06 55.18 20.26
47 62.91 86.03 -3.57
48 31.0 80.0 -3.54
49 32.0 106.0 -2.78
50 287.0 114.0 9.34
1 66.95 111.55 -4.2
2 66.1 101.51 -3.84
3 58.48 113.51 -3.64
4 60.8 97.06 -3.52
5 163.36 79.99 0.75
6 163.68 90.85 0.79
7 61.89 103.45 -3.78
8 60.61 120.63 -3.89
9 133.42 79.56 0.33
10 67.28 95.24 -3.6
11 67.67 137.27 -4.11
12 65.0 2.68 -3.86
13 71.09 138.48 -4.47
14 153.05 114.59 0.75
15 296.88 63.73 20.97
16 56.44 127.74 -3.57
17 282.49 115.46 17.62
18 7.08 23.99 -11.75
19 61.34 128.42 -3.97
20 54.46 105.43 -1.85
21 175.55 114.0 0.91
22 39.43 85.88 -2.63
23 63.64 116.24 -4.02
24 49.36 113.8 -2.56
25 56.65 99.39 -2.83
26 56.7 88.51 -3.18
27 252.75 119.79 10.56
28 230.97 115.74 7.33
29 219.92 108.38 4.72
30 238.4 115.43 7.72
31 39.11 125.22 -2.92
32 62.48 110.33 -4.07
33 46.29 105.13 -1.98
34 43.49 95.38 -2.45
35 293.73 136.78 20.15
36 45.7 89.89 -2.55
37 256.64 67.93 11.9
38 264.8 104.89 13.86
39 39.68 106.38 -2.4
40 248.3 71.28 9.48
41 36.71 93.04 -2.48
42 48.21 98.46 -2.29
43 61.47 85.05 -3.92
44 31.06 79.97 -6.23
45 31.96 106.04 -4.9
46 289.62 113.96 18.15
47 30.0 84.0 -1.52
48 291.0 110.0 11.39
49 25.0 99.0 -2.7
1 63.91 111.53 -4.44
2 63.22 101.17 -4.37
3 55.72 113.28 -4.08
4 58.23 96.46 -4.34
5 163.32 79.37 0.65
6 163.59 90.53 0.7
7 59.07 102.97 -4.37
8 57.74 120.41 -4.21
9 132.93 79.06 0.37
10 64.61 94.7 -4.32
11 64.55 137.9 -4.3
12 62.32 0.08 -4.29
13 67.82 139.22 -4.48
14 152.77 114.29 0.79
15 53.51 127.93 -4.03
16 290.91 115.56 19.72
17 58.23 128.67 -4.36
18 52.72 104.86 -2.66
19 175.51 113.73 0.95
20 37.12 85.03 -2.21
21 60.68 115.89 -4.26
22 47.3 113.42 -3.31
23 54.49 98.7 -3.75
24 54.47 87.73 -4.28
25 257.67 120.22 11.37
26 234.23 115.83 7.75
27 221.57 108.28 5.03
28 241.76 115.4 8.31
29 36.75 125.2 -3.11
30 59.53 110.09 -4.38
31 44.46 104.47 -2.78
32 41.13 94.72 -1.65
33 43.25 89.13 -1.64
34 262.32 65.35 12.77
35 271.6 104.58 15.03
36 37.69 105.77 -2.98
37 252.63 69.25 9.98
38 34.58 92.48 -2.68
39 46.0 97.78 -1.8
40 58.63 84.28 -4.71
41 26.34 78.19 -5.57
42 28.52 105.46 -4.54
43 298.35 114.17 20.63
44 29.34 83.61 -3.0
45 292.99 110.1 20.43
46 24.14 98.67 -6.04
1 61.48 111.32 -4.66
2 60.95 101.56 -4.81
3 53.43 113.41 -3.87
4 56.1 96.67 -4.87
5 163.74 79.31 0.53
6 163.93 90.59 0.82
7 56.8 103.1 -4.66
8 55.49 120.47 -4.76
9 133.17 79.01 0.32
10 62.54 95.26 -5.01
11 62.48 139.21 -4.87
12 59.59 -2.59 -4.21
13 65.49 140.45 -5.13
14 153.2 114.5 0.78
15 51.6 128.46 -4.28
16 56.17 129.11 -4.9
17 51.55 104.98 -3.06
18 176.58 114.06 0.34
19 36.01 85.29 -2.57
20 58.42 116.0 -4.67
21 45.64 113.51 -3.02
22 52.43 98.83 -3.54
23 51.7 87.63 -4.05
24 263.77 121.0 12.17
25 238.41 116.4 8.34
26 224.51 108.32 5.04
27 246.35 115.78 9.0
28 34.94 125.71 -3.62
29 57.12 110.19 -4.63
30 43.29 104.52 -2.56
31 40.53 94.84 -2.38
32 42.71 89.05 -2.43
33 269.2 62.69 13.84
34 279.74 104.45 16.61
35 36.23 105.88 -3.27
36 257.98 67.29 11.18
37 32.83 92.42 -2.38
38 45.37 97.87 -2.37
39 55.82 84.04 -4.51
40 23.48 77.44 -4.51
41 25.74 105.51 -3.7
42 27.46 83.23 -2.79
43 20.49 98.53 -4.79
44 17.0 66.0 -4.94
45 33.0 99.0 -1.4
1 58.81 112.49 -5.21
2 58.25 102.57 -5.72
3 51.26 114.48 -3.99
4 53.32 97.62 -5.48
5 164.06 80.25 0.64
6 164.44 91.59 1.07
7 54.19 104.05 -5.61
8 52.84 121.66 -4.65
9 133.3 80.3 0.23
10 59.65 96.29 -5.52
11 59.63 141.33 -4.79
12 62.54 142.58 -4.99
13 153.58 115.47 0.95
14 49.17 129.89 -4.62
15 53.34 130.46 -4.89
16 49.59 106.08 -3.37
17 176.46 115.08 1.55
18 34.67 86.2 -2.71
19 55.78 117.17 -4.96
20 43.63 114.47 -2.61
21 50.18 99.74 -3.83
22 49.64 88.47 -4.22
23 270.34 122.78 13.46
24 242.85 117.66 9.01
25 227.31 109.32 5.29
26 251.09 117.12 10.06
27 33.19 126.98 -3.41
28 54.51 111.31 -5.21
29 41.34 105.51 -2.0
30 39.22 95.67 -2.58
31 41.37 89.71 -2.61
32 276.51 61.31 15.6
33 288.43 105.37 18.91
34 34.41 106.84 -3.06
35 264.0 66.23 12.54
36 31.67 93.35 -2.92
37 43.89 98.78 -2.3
38 53.6 84.97 -5.74
39 20.57 77.71 -3.96
40 23.72 106.47 -3.08
41 26.15 83.97 -2.92
42 17.61 99.42 -3.96
43 16.5 66.5 -11.36
44 32.7 99.57 -2.89
45 16.0 82.0 -2.63
46 37.0 110.0 -1.5
47 11.0 70.0 -6.96
48 18.0 71.0 -1.85
1 56.87 113.2 -7.16
2 56.16 103.27 -7.63
3 49.62 115.28 -5.65
4 51.23 98.29 -6.65
5 164.84 80.84 0.07
6 165.55 92.26 -0.01
7 52.12 104.57 -6.85
8 50.76 122.69 -6.1
9 133.88 80.76 -0.52
10 57.55 96.83 -7.5
11 57.65 143.47 -6.68
12 60.36 144.72 -6.85
13 154.68 116.18 -0.15
14 47.4 131.16 -6.38
15 51.3 131.54 -6.57
16 48.7 106.91 -5.71
17 177.95 115.88 0.31
18 33.91 86.93 -4.14
19 53.83 118.24 -6.75
20 42.76 115.22 -4.26
21 49.09 100.43 -5.43
22 47.83 89.05 -4.97
23 278.09 124.56 13.92
24 248.3 118.83 9.05
25 230.66 110.02 5.19
26 257.02 118.35 10.22
27 31.71 128.09 -4.6
28 52.54 112.4 -6.84
29 41.01 106.26 -4.2
30 38.61 96.26 -3.77
31 40.73 90.21 -3.81
32 285.21 59.18 16.34
33 33.18 107.41 -4.43
34 271.03 64.65 12.74
35 30.78 93.76 -4.21
36 43.49 99.44 -3.87
37 51.36 85.63 -7.41
38 19.2 77.79 -4.58
39 22.38 107.03 -4.06
40 25.23 84.2 -4.49
41 15.86 100.08 -4.6
42 31.84 100.07 -3.87
43 16.11 82.37 -4.83
44 37.22 110.47 -4.24
45 18.13 71.4 -3.87
46 278.0 125.0 7.97
47 237.0 116.0 3.64
1 53.03 112.75 -6.08
2 52.1 102.52 -6.35
3 46.74 114.91 -4.57
4 47.44 97.57 -4.58
5 164.81 79.9 1.18
6 165.54 91.48 0.72
7 48.08 103.81 -4.47
8 47.44 122.29 -5.07
9 133.5 80.0 0.5
10 53.51 96.23 -6.2
11 53.94 144.48 -5.76
12 56.59 145.77 -5.86
13 154.56 115.59 0.83
14 43.75 131.48 -5.42
15 47.59 131.94 -5.98
16 45.79 106.42 -4.44
17 178.13 115.4 0.93
18 31.64 86.36 -3.09
19 50.09 117.89 -5.41
20 40.59 114.75 -3.21
21 45.96 99.73 -3.68
22 45.19 88.19 -4.43
23 285.53 124.56 16.92
24 252.98 118.39 10.97
25 233.49 109.19 6.56
26 262.39 117.85 12.25
27 29.38 128.12 -3.61
28 48.74 112.1 -4.68
29 38.94 105.64 -2.66
30 36.54 95.53 -2.77
31 38.64 89.36 -2.97
32 293.77 54.43 19.37
33 30.93 106.95 -3.42
34 277.72 60.86 15.09
35 28.38 93.16 -3.25
36 41.46 98.78 -3.08
37 47.28 84.94 -5.98
38 16.44 76.79 -3.71
39 20.25 106.52 -3.14
40 22.78 83.26 -3.15
41 13.14 99.4 -3.28
42 29.61 99.53 -3.15
43 12.93 81.26 -3.77
44 35.15 110.07 -2.78
45 16.09 70.38 -3.34
46 279.63 125.08 16.55
47 237.6 115.99 7.6
48 31.0 115.0 -1.47
49 23.0 108.0 -1.49
1 49.47 112.21 -5.89
2 48.31 101.64 -5.59
3 43.77 114.42 -4.71
4 44.43 96.79 -3.53
5 165.24 79.58 1.26
6 165.71 91.21 0.78
7 45.16 103.11 -4.34
8 44.38 122.12 -5.37
9 133.41 79.74 0.75
10 49.73 95.38 -6.34
11 50.45 145.32 -6.2
12 53.05 146.73 -6.3
13 154.79 115.35 1.02
14 40.49 131.61 -5.64
15 44.24 132.14 -6.29
16 42.86 105.75 -4.5
17 178.57 115.13 1.46
18 29.63 86.09 -2.42
19 46.73 117.38 -5.35
20 38.44 114.26 -3.5
21 43.57 99.04 -3.41
22 42.68 87.3 -4.13
23 294.32 125.62 18.56
24 258.79 118.78 11.93
25 236.6 108.87 7.58
26 268.73 118.37 13.54
27 27.02 127.75 -3.54
28 45.57 111.32 -4.5
29 36.82 104.99 -3.09
30 34.78 94.7 -2.26
31 36.84 88.41 -3.08
32 28.68 106.3 -3.23
33 285.49 58.33 16.81
34 26.41 92.42 -2.8
35 39.56 98.02 -3.1
36 43.69 84.19 -5.24
37 14.54 75.79 -3.15
38 18.35 105.83 -3.56
39 20.5 82.19 -2.62
40 11.13 98.5 -3.27
41 27.88 98.83 -2.74
42 11.11 80.27 -3.54
43 32.91 109.43 -2.35
44 14.25 69.36 -2.65
45 288.23 126.04 18.25
46 241.46 116.26 8.27
47 30.82 114.91 -3.45
48 22.89 107.85 -3.7
1 45.98 112.7 -6.38
2 44.86 102.47 -5.35
3 41.32 115.58 -6.26
4 41.99 97.67 -3.54
5 166.08 80.15 0.86
6 166.29 91.74 0.55
7 42.81 103.98 -5.26
8 41.6 123.15 -6.66
9 133.84 80.42 0.21
10 46.27 96.15 -6.22
11 46.95 147.95 -7.56
12 49.48 149.45 -7.5
13 155.29 116.36 0.72
14 37.49 133.35 -7.4
15 40.92 133.78 -7.51
16 40.5 106.84 -5.89
17 179.06 116.12 1.04
18 28.19 86.42 -3.14
19 43.82 118.41 -6.97
20 36.58 115.43 -5.03
21 41.46 99.86 -3.91
22 40.19 87.81 -4.63
23 265.23 120.4 12.82
24 240.55 109.84 7.85
25 275.65 119.82 14.93
26 25.09 129.17 -4.19
27 43.24 112.42 -6.1
28 35.6 106.06 -4.78
29 33.09 95.46 -2.66
30 35.08 88.94 -4.11
31 26.85 107.2 -3.96
32 294.68 55.49 17.9
33 24.86 93.12 -3.6
34 37.6 98.77 -3.59
35 40.75 84.76 -5.71
36 12.52 76.1 -3.18
37 16.51 106.65 -3.98
38 19.28 82.61 -3.54
39 9.03 99.3 -3.69
40 26.23 99.59 -3.47
41 8.91 80.5 -3.61
42 31.73 110.47 -3.42
43 12.29 69.36 -2.56
44 297.78 128.29 20.29
45 245.94 117.59 8.44
46 28.75 116.02 -4.25
47 20.79 108.69 -4.23
48 306.0 123.0 11.68
49 277.0 118.0 8.14
1 42.53 112.56 -7.93
2 41.8 102.28 -6.38
3 37.85 115.56 -6.58
4 40.05 97.64 -5.02
5 166.38 80.12 0.71
6 166.39 91.73 0.76
7 39.93 103.84 -6.69
8 37.57 123.34 -6.52
9 133.88 80.55 -0.03
10 42.25 96.11 -5.69
11 42.49 149.05 -8.28
12 45.02 150.69 -8.22
13 155.45 116.16 0.65
14 33.28 133.46 -8.12
15 36.58 134.32 -8.27
16 37.42 106.86 -6.71
17 179.56 116.04 0.74
18 26.43 87.35 -3.91
19 40.05 118.4 -7.51
20 33.81 115.31 -5.83
21 39.28 99.73 -5.3
22 271.69 120.88 14.13
23 244.49 109.79 8.14
24 283.3 120.43 16.11
25 22.66 129.15 -4.86
26 40.03 112.38 -7.47
27 32.81 105.85 -5.23
28 31.69 95.27 -4.33
29 33.06 88.44 -5.84
30 24.49 106.87 -4.12
31 22.9 92.82 -3.73
32 35.59 98.6 -4.9
33 37.75 84.58 -6.99
34 10.77 75.66 -4.15
35 14.22 106.36 -4.21
36 17.12 82.19 -3.7
37 7.13 98.92 -3.91
38 24.37 99.41 -3.62
39 6.88 80.04 -4.76
40 29.65 110.33 -4.49
41 11.16 69.11 -3.6
42 250.24 117.78 9.42
43 26.37 115.82 -4.88
44 18.38 108.38 -4.77
45 277.99 118.15 15.61
46 16.0 93.0 -2.1
1 38.98 112.83 -9.27
2 39.19 102.38 -8.81
3 34.5 115.8 -7.33
4 38.23 97.71 -8.22
5 167.02 79.72 0.75
6 167.13 91.68 0.65
7 36.99 104.19 -8.17
8 34.37 123.64 -7.85
9 134.18 80.0 0.13
10 39.86 96.61 -8.32
11 38.56 151.47 -9.24
12 41.15 153.21 -9.21
13 156.14 116.35 0.19
14 29.34 134.11 -9.07
15 32.64 134.86 -9.3
16 34.0 107.25 -6.86
17 180.28 116.16 1.28
18 24.84 87.3 -5.84
19 36.18 118.58 -8.07
20 31.09 115.51 -7.07
21 37.34 99.75 -8.35
22 279.68 121.56 15.42
23 249.29 109.9 8.71
24 292.5 121.32 17.57
25 20.65 129.86 -5.43
26 36.43 112.62 -7.85
27 30.47 106.02 -6.16
28 30.2 95.17 -7.48
29 30.59 88.21 -8.37
30 22.67 106.96 -5.0
31 21.17 92.67 -4.0
32 33.73 98.5 -7.7
33 8.62 74.93 -3.39
34 12.37 106.36 -4.83
35 15.51 81.57 -3.89
36 5.2 98.68 -3.89
37 22.65 99.34 -4.54
38 27.93 110.53 -6.39
39 9.11 67.95 -2.98
40 255.67 118.44 10.18
41 24.22 116.17 -5.86
42 16.3 108.39 -5.54
43 286.94 118.97 17.26
44 15.9 93.35 -3.96
45 292.0 124.0 10.12
46 16.0 113.0 -3.08
47 282.0 108.0 8.72
48 286.0 78.0 9.28
49 282.0 69.0 8.86
50 291.0 72.0 9.48
51 4.0 93.0 -1.91
52 254.0 118.0 5.88
53 298.0 60.0 10.45
54 269.0 70.0 7.21
55 248.0 105.0 5.1
56 268.0 121.0 6.99
57 283.0 116.0 8.63
58 299.0 86.0 10.7
1 33.71 113.46 -9.5
2 34.49 103.49 -9.92
3 30.66 116.31 -9.25
4 34.11 98.12 -10.09
5 167.25 80.04 0.71
6 167.4 92.15 0.47
7 32.46 104.02 -8.4
8 30.42 124.81 -9.96
9 134.07 80.27 0.04
10 33.62 153.71 -10.79
11 36.27 155.48 -10.75
12 156.19 116.73 0.24
13 24.55 134.78 -10.48
14 27.65 135.51 -10.68
15 30.21 107.47 -7.8
16 180.64 116.55 1.07
17 21.85 85.74 -7.48
18 31.88 119.16 -9.82
19 27.48 116.03 -9.11
20 33.13 99.78 -9.9
21 287.74 122.83 17.02
22 253.83 110.47 9.61
23 301.7 122.61 20.7
24 17.54 130.56 -5.98
25 31.88 113.1 -8.81
26 27.16 106.3 -7.49
27 26.52 95.09 -8.27
28 20.18 107.37 -6.5
29 18.94 92.82 -5.73
30 29.84 98.47 -9.24
31 6.51 74.78 -3.75
32 9.79 106.61 -5.13
33 13.08 81.41 -4.42
34 3.01 98.83 -4.07
35 20.57 99.55 -6.31
36 24.64 110.83 -8.46
37 7.44 67.85 -3.65
38 260.81 119.44 11.66
39 21.26 116.6 -7.7
40 13.39 108.62 -6.06
41 295.91 120.24 19.5
42 13.71 93.54 -4.23
43 294.25 124.47 18.47
44 15.74 113.21 -6.61
45 283.7 108.38 16.29
46 287.75 77.73 17.13
47 283.59 68.88 16.53
48 292.76 71.77 17.99
49 3.91 93.18 -4.35
50 255.31 118.34 10.37
51 270.61 69.68 13.34
52 249.16 105.33 9.2
53 269.48 121.34 12.89
54 284.63 116.47 16.11
55 301.13 86.28 20.11
56 297.0 129.0 9.82
57 264.0 76.0 6.29
58 273.0 126.0 7.36
59 301.0 74.0 10.36
60 289.0 90.0 8.67
61 296.0 65.0 9.86
62 295.0 106.0 9.48
1 29.06 112.06 -10.41
2 29.02 100.48 -9.93
3 26.29 115.52 -10.27
4 28.39 95.44 -9.87
5 167.81 79.58 0.88
6 167.73 91.72 1.39
7 28.22 102.55 -9.55
8 25.38 124.6 -9.94
9 134.29 80.09 0.15
10 28.22 155.31 -10.35
11 30.84 157.21 -10.3
12 156.35 116.5 1.28
13 19.18 134.58 -9.99
14 22.13 135.21 -10.33
15 26.57 106.72 -9.78
16 181.56 116.52 1.31
17 17.93 83.06 -7.48
18 26.99 118.44 -10.21
19 23.21 115.43 -10.15
20 27.46 98.03 -9.55
21 297.1 123.51 19.85
22 259.17 110.32 10.91
23 14.64 130.45 -6.93
24 27.86 111.87 -10.32
25 23.77 105.58 -9.65
26 21.43 93.91 -6.77
27 17.28 106.69 -7.95
28 16.31 92.0 -6.51
29 24.6 97.26 -8.23
30 4.41 73.83 -2.96
31 7.21 105.99 -4.61
32 11.07 80.45 -4.59
33 0.87 98.22 -3.63
34 17.3 98.69 -6.73
35 20.86 110.29 -9.43
36 5.41 66.78 -2.98
37 267.39 119.84 13.36
38 17.55 116.13 -8.05
39 10.36 107.94 -5.86
40 11.6 92.76 -4.68
41 12.49 112.66 -6.74
42 292.53 108.37 18.85
43 297.17 75.41 19.51
44 292.61 66.14 18.56
45 1.72 92.44 -3.5
46 260.96 118.5 12.16
47 277.94 67.17 15.12
48 254.28 104.82 10.57
49 276.69 121.83 15.05
50 293.49 116.77 18.44
51 299.09 128.94 19.91
52 265.3 75.35 12.47
53 274.64 125.9 15.03
54 290.86 89.23 17.52
55 297.99 64.31 19.76
56 296.84 105.76 19.37
57 5.0 98.0 -1.59
58 305.0 79.0 12.15
59 309.0 136.0 11.88
60 278.0 142.0 8.73
61 308.0 101.0 12.18
1 23.11 111.58 -13.54
2 23.44 99.7 -13.2
3 20.36 115.31 -12.67
4 22.86 94.51 -13.19
5 167.98 79.22 0.86
6 167.94 91.47 1.32
7 22.95 102.01 -13.19
8 19.48 125.03 -12.11
9 134.11 79.53 -0.09
10 22.02 156.92 -12.82
11 24.68 159.01 -12.76
12 156.5 116.43 1.21
13 13.25 134.71 -12.72
14 16.12 135.09 -12.91
15 21.32 106.53 -13.15
16 181.83 116.46 1.44
17 13.46 81.38 -10.71
18 21.04 118.02 -12.83
19 17.32 115.19 -11.58
20 22.11 97.4 -12.68
21 264.42 110.1 12.39
22 10.8 130.5 -10.79
23 21.97 111.53 -13.37
24 18.59 105.3 -12.43
25 17.29 93.36 -10.59
26 12.71 106.4 -10.91
27 12.28 91.39 -10.15
28 19.59 96.72 -11.49
29 2.54 73.28 -5.35
30 4.09 105.51 -6.71
31 8.18 79.58 -9.08
32 -1.44 97.61 -4.36
33 13.35 98.29 -10.65
34 15.15 109.95 -11.34
35 274.07 120.42 16.14
36 12.6 115.97 -10.13
37 6.59 107.54 -8.64
38 8.73 92.34 -9.35
39 8.28 112.42 -9.08
40 -0.72 91.84 -3.8
41 267.16 118.84 13.69
42 285.63 64.34 17.67
43 259.27 104.49 11.97
44 284.29 122.48 17.46
45 271.51 73.18 14.68
46 282.29 126.57 17.38
47 4.36 97.81 -6.99
48 279.74 142.14 16.09
49 286.0 120.0 9.51
50 281.0 125.0 9.42
1 168.49 79.05 1.4
2 168.83 91.3 1.16
3 134.14 79.2 0.18
4 157.45 116.69 1.29
5 182.68 116.82 1.06
6 270.95 109.91 14.06
7 282.21 121.16 17.49
8 274.2 119.34 15.08
9 294.53 61.4 19.43
10 265.59 104.27 13.32
11 293.08 123.32 19.63
12 278.96 70.81 16.17
13 291.08 127.39 19.47
14 287.78 144.56 18.31
15 287.32 120.41 18.32
16 282.33 125.4 17.8
17 274.0 116.0 8.09
18 164.0 92.0 0.71
19 257.0 120.0 6.1
1 168.51 79.35 1.4
2 168.96 91.57 0.86
3 133.74 79.33 -0.21
4 157.37 117.15 1.28
5 183.02 117.34 0.73
6 278.49 110.58 13.87
7 291.48 122.59 18.02
8 282.27 120.51 14.75
9 272.52 104.58 13.03
10 303.41 124.97 19.62
11 287.4 68.95 16.01
12 301.31 129.04 19.53
13 297.44 147.85 18.58
14 296.89 121.95 19.18
15 291.62 126.83 18.26
16 275.36 115.75 14.03
17 163.77 91.59 0.62
18 257.7 119.74 10.57
19 280.0 109.0 6.74
1 169.77 79.43 1.15
2 169.7 91.66 0.84
3 133.86 79.14 -0.22
4 158.44 117.58 0.99
5 183.58 117.79 1.43
6 286.15 110.8 17.9
7 290.49 121.38 18.56
8 279.75 104.62 16.55
9 296.29 66.55 21.01
10 283.18 116.55 17.58
11 164.4 91.66 0.52
12 263.68 120.66 12.96
13 280.88 108.64 16.75
14 292.0 105.0 12.11
1 169.76 80.36 1.02
2 169.64 92.41 0.88
3 133.23 79.73 -0.19
4 158.44 118.74 0.84
5 183.53 119.1 1.62
6 293.52 112.18 20.44
7 298.36 123.45 21.38
8 286.81 105.85 18.07
9 290.69 118.55 19.76
10 164.12 92.35 0.79
11 269.11 122.42 14.28
12 288.1 109.82 18.43
13 293.49 105.11 21.07
14 293.0 98.0 8.45
15 64.0 28.0 -4.14
16 308.0 130.0 11.19
17 257.0 123.0 4.46
18 260.0 63.0 5.02
1 170.46 77.33 1.03
2 170.39 89.67 0.75
3 133.25 76.6 -0.06
4 159.04 116.21 0.79
5 184.5 116.61 1.22
6 297.33 102.98 18.69
7 164.74 89.66 0.5
8 277.47 120.54 14.73
9 298.8 106.99 19.01
10 294.09 97.62 18.3
11 257.33 123.1 10.86
12 260.63 62.29 -2.06
13 199.0 76.0 1.4
1 170.82 77.01 0.83
2 170.56 89.31 0.6
3 133.01 76.01 -0.57
4 159.29 116.13 0.79
5 185.29 116.51 0.65
6 164.99 89.23 0.18
7 284.9 121.07 17.38
8 262.77 123.57 12.39
9 265.77 59.64 -1.91
10 199.14 76.01 2.35
1 171.58 76.13 0.75
2 171.17 88.46 0.92
3 133.08 75.21 -0.22
4 159.97 115.49 1.21
5 185.62 116.13 1.29
6 165.23 88.4 1.28
7 293.72 121.0 19.09
8 269.2 123.34 13.76
9 259.43 56.58 10.3
10 200.73 75.13 2.05
11 279.0 53.0 7.11
12 52.0 15.0 -3.64
13 191.0 118.0 1.14
14 275.0 100.0 7.54
15 252.0 111.0 5.29
16 275.0 111.0 7.45
1 171.73 76.09 0.98
2 171.25 88.52 1.37
3 132.42 74.66 0.31
4 160.19 115.99 1.23
5 186.05 116.64 1.43
6 165.26 88.39 1.62
7 276.6 124.56 13.83
8 265.04 53.69 10.44
9 201.55 74.82 1.85
10 280.25 52.45 12.94
11 51.07 14.11 -7.18
12 190.98 118.18 1.66
13 276.23 100.03 13.41
14 252.84 111.3 9.68
15 276.35 111.23 13.41
16 136.0 80.0 -0.13
17 279.0 119.0 7.11
1 172.51 77.36 0.92
2 172.45 89.83 0.63
3 133.07 76.3 -0.8
4 161.37 117.47 0.17
5 187.17 118.18 0.49
6 166.77 89.68 0.25
7 284.61 126.62 14.18
8 271.28 52.3 10.35
9 203.18 76.39 1.66
10 47.83 12.42 -8.65
11 192.34 119.7 1.11
12 283.94 100.8 13.87
13 258.61 112.72 9.67
14 284.1 112.46 13.77
15 136.19 80.32 -0.65
16 280.52 119.34 13.78
17 291.0 118.0 8.19
18 153.0 83.0 0.16
19 298.0 133.0 8.72
20 183.0 90.0 0.23
1 172.42 78.46 1.77
2 172.29 91.01 1.39
3 132.41 77.52 -0.45
4 161.21 118.82 0.6
5 187.3 119.4 1.05
6 166.55 90.89 0.75
7 291.51 128.78 18.21
8 276.24 51.26 14.1
9 203.28 77.46 2.61
10 42.83 9.9 -9.38
11 192.46 120.91 1.66
12 290.77 101.56 17.69
13 263.14 114.05 12.1
14 290.76 114.1 17.99
15 135.54 81.57 -0.15
16 287.1 121.17 17.6
17 292.07 118.44 17.92
18 152.64 83.06 0.69
19 299.32 133.61 19.75
20 182.72 90.19 1.2
21 301.0 47.0 11.05
22 146.0 78.0 0.15
23 260.0 66.0 5.68
24 195.0 82.0 0.65
25 255.0 102.0 5.4
26 289.0 115.0 10.32
27 173.0 59.0 0.61
1 173.89 78.49 0.55
2 173.51 90.8 0.32
3 132.55 77.18 -0.73
4 161.7 119.11 0.29
5 188.12 119.63 0.64
6 167.27 90.6 0.22
7 300.9 129.64 19.17
8 283.5 48.09 13.68
9 205.54 77.04 0.89
10 193.8 121.22 0.35
11 299.77 101.13 18.83
12 269.75 114.24 11.94
13 299.97 114.27 18.41
14 135.84 81.18 -0.56
15 296.24 121.54 17.91
16 301.24 118.74 18.5
17 153.35 82.62 0.08
18 183.68 90.01 0.45
19 146.23 77.9 0.01
20 261.11 65.67 9.36
21 195.73 82.06 0.23
22 256.21 102.2 8.66
23 291.14 115.02 16.68
24 173.53 58.95 0.49
25 259.0 122.0 4.41
1 174.37 78.55 0.23
2 173.8 91.04 0.31
3 132.01 77.4 -0.8
4 161.9 119.54 0.42
5 188.47 120.24 0.6
6 167.39 90.8 0.33
7 291.62 44.37 14.32
8 206.03 77.2 1.62
9 194.13 121.81 0.82
10 276.55 114.62 12.76
11 135.42 81.41 -0.79
12 153.38 82.61 0.09
13 184.02 90.13 0.44
14 146.18 77.87 0.07
15 266.64 63.71 9.94
16 195.66 82.73 1.37
17 261.39 101.9 8.87
18 301.0 115.65 17.25
19 173.62 58.41 0.8
20 260.02 123.03 8.61
21 286.0 118.0 7.68
1 174.61 79.98 0.84
2 173.95 92.51 0.63
3 131.86 78.49 -1.07
4 162.05 120.96 0.83
5 188.8 121.73 0.72
6 167.58 92.2 0.6
7 299.21 43.17 17.13
8 206.74 78.67 2.2
9 194.21 123.34 1.24
10 283.3 116.7 14.35
11 135.31 82.48 -0.93
12 153.53 83.91 0.23
13 184.24 91.53 1.1
14 146.33 79.2 0.16
15 271.83 63.67 12.03
16 196.26 84.15 1.59
17 265.92 103.4 10.58
18 174.33 59.43 1.06
19 264.43 125.25 9.87
20 287.54 118.05 14.93
1 174.81 75.42 1.01
2 174.27 88.17 0.74
3 131.16 73.94 -0.55
4 162.44 116.74 1.3
5 189.11 117.55 1.57
6 167.87 87.87 0.88
7 207.81 74.14 2.2
8 195.17 119.11 1.66
9 291.13 112.03 15.58
10 134.57 77.92 -0.19
11 153.58 79.28 0.87
12 184.7 87.21 1.25
13 146.35 74.53 0.62
14 197.23 79.74 1.52
15 271.58 98.4 11.67
16 174.63 54.39 0.95
17 269.61 120.94 11.4
18 295.5 113.37 16.17
19 272.0 91.0 6.66
20 118.0 80.0 -0.2
21 183.0 90.0 0.62
22 27.0 43.0 -7.25
1 175.59 72.78 0.27
2 174.82 85.89 0.14
3 131.0 71.63 -0.96
4 163.43 115.07 0.39
5 190.21 115.73 0.53
6 168.52 85.69 0.1
7 209.55 71.56 1.76
8 196.12 117.28 1.25
9 299.62 109.77 17.84
10 134.55 75.61 -0.75
11 154.07 76.82 0.15
12 185.55 85.13 0.51
13 146.7 72.16 -0.03
14 198.06 78.03 0.66
15 278.08 95.62 12.68
16 175.53 51.04 0.12
17 276.02 119.38 12.41
18 304.41 111.26 18.55
19 273.57 90.08 12.25
20 118.08 79.42 -1.69
21 183.18 89.29 0.65
22 25.79 42.2 -15.95
23 260.0 104.0 5.13
24 81.0 40.0 -4.08
25 281.0 100.0 7.34
26 77.0 34.0 -4.18
27 274.0 112.0 6.74
28 87.0 44.0 -3.45
1 175.78 72.73 -0.04
2 174.92 85.97 -0.15
3 130.45 71.51 -1.15
4 163.63 115.52 0.04
5 190.51 116.16 -0.07
6 168.6 85.71 -0.18
7 210.03 71.25 1.72
8 196.69 117.66 0.67
9 133.98 75.48 -0.81
10 154.12 76.8 -0.38
11 185.67 85.04 0.18
12 146.67 72.13 -0.44
13 198.61 78.13 -0.03
14 284.12 95.07 13.09
15 175.54 50.19 0.24
16 281.84 119.93 12.24
17 279.52 89.28 12.56
18 117.28 79.09 -1.8
19 183.43 89.35 0.19
20 17.85 38.86 -17.42
21 260.56 103.71 8.83
22 80.02 39.06 -6.85
23 281.72 99.87 12.85
24 75.99 32.89 -7.0
25 274.76 111.71 11.68
26 86.02 43.23 -5.44
27 298.0 45.0 6.79
28 312.0 111.0 8.99
29 284.0 104.0 6.11
30 295.0 96.0 6.45
31 243.0 64.0 2.54
1 176.16 73.56 0.04
2 175.04 86.62 -0.16
3 130.25 72.17 -1.31
4 163.97 116.51 -0.12
5 191.23 117.22 0.07
6 168.77 86.29 -0.09
7 211.74 71.71 1.17
8 197.51 118.75 0.14
9 133.93 76.14 -0.97
10 154.58 77.32 -0.49
11 186.38 85.6 -0.02
12 147.03 72.56 -0.54
13 198.64 79.76 0.56
14 292.46 95.36 13.32
15 176.21 50.07 0.03
16 289.84 121.54 12.42
17 287.57 89.21 12.57
18 116.51 78.76 -1.73
19 184.03 89.94 -0.14
20 266.34 104.62 9.07
21 76.59 36.34 -7.38
22 289.87 100.4 12.95
23 72.53 30.14 -7.63
24 282.25 112.62 11.64
25 83.46 40.99 -5.58
26 300.01 44.33 13.68
27 285.56 104.35 12.37
28 296.6 96.08 13.7
29 243.97 63.8 5.3
30 201.0 74.0 0.88
1 175.7 73.69 1.02
2 174.82 86.83 0.79
3 128.87 72.1 -0.01
4 163.57 116.62 1.18
5 190.43 117.42 1.53
6 168.3 86.46 0.74
7 211.81 71.67 2.55
8 197.35 119.06 1.8
9 132.77 76.05 0.44
10 153.57 77.31 1.08
11 185.76 85.75 1.47
12 146.02 72.49 0.99
13 198.57 79.53 1.83
14 298.68 94.95 16.31
15 175.7 49.62 1.32
16 295.88 122.49 15.58
17 293.33 88.45 15.32
18 115.17 78.77 -0.9
19 183.53 90.18 1.07
20 270.41 104.55 11.56
21 71.94 33.35 -6.75
22 295.91 100.19 15.84
23 67.74 26.78 -6.98
24 287.76 112.54 14.08
25 79.9 38.85 -4.45
26 291.41 103.79 15.02
27 303.08 95.62 16.76
28 245.96 63.01 7.14
29 201.03 73.06 2.09
1 176.59 73.5 0.2
2 175.46 86.89 -0.22
3 129.36 71.96 -2.14
4 164.58 117.05 -0.42
5 191.8 117.7 0.05
6 168.95 86.57 -0.14
7 213.74 71.43 1.72
8 198.74 119.27 0.44
9 133.49 75.86 -1.76
10 154.68 77.2 -0.88
11 186.97 85.8 0.11
12 147.09 72.43 -0.92
13 199.84 79.92 1.14
14 176.89 48.84 0.15
15 304.85 123.29 15.93
16 302.16 86.99 15.84
17 115.13 78.53 -3.24
18 184.41 90.24 0.02
19 277.25 104.29 10.93
20 68.82 30.31 -10.09
21 305.08 99.64 16.36
22 64.56 23.53 -10.29
23 295.96 112.69 13.66
24 77.77 36.5 -7.11
25 300.06 103.51 15.05
26 250.44 61.33 6.66
27 202.49 73.3 1.12
28 286.0 106.0 6.42
1 176.73 72.75 2.71
2 175.55 86.43 2.14
3 128.45 71.43 0.92
4 164.53 116.6 1.87
5 191.9 117.32 3.18
6 168.92 86.07 2.28
7 214.51 70.5 4.16
8 199.16 118.8 3.17
9 132.73 75.36 1.32
10 154.44 76.53 2.0
11 187.12 85.36 2.14
12 146.76 71.71 2.0
13 177.04 47.76 1.98
14 113.84 78.02 0.06
15 184.55 89.71 2.32
16 283.17 103.33 14.44
17 64.05 26.7 -6.4
18 59.69 19.42 -6.47
19 303.16 112.0 17.51
20 74.46 33.88 -3.76
21 253.79 58.98 9.11
22 203.15 72.48 3.16
23 287.23 105.09 14.77
24 159.0 114.0 2.27
1 176.56 67.93 4.2
2 175.23 82.25 3.66
3 127.16 66.97 2.97
4 164.13 112.96 3.82
5 191.85 113.61 4.63
6 168.78 81.92 3.85
7 215.62 65.87 5.71
8 199.23 115.03 4.75
9 131.62 70.88 3.21
10 153.67 71.68 3.81
11 187.09 81.16 3.59
12 146.02 66.64 3.75
13 176.88 41.87 3.76
14 111.71 73.13 2.51
15 184.43 85.46 3.72
16 289.59 98.71 17.03
17 57.25 16.66 -3.06
18 52.78 9.1 -3.22
19 69.61 25.4 -1.01
20 257.79 52.2 10.96
21 203.72 68.18 4.15
22 293.84 100.57 17.5
23 159.01 113.97 3.6
24 223.0 71.0 2.74
1 179.55 74.52 1.15
2 177.71 88.44 0.91
3 129.26 73.17 -0.51
4 166.47 119.27 1.42
5 195.15 119.74 1.22
6 171.24 88.08 1.06
7 218.98 72.1 3.21
8 202.5 121.25 1.69
9 133.96 77.07 -0.04
10 156.47 78.32 0.86
11 189.28 87.14 1.23
12 148.78 73.32 0.84
13 179.12 47.52 1.51
14 113.66 78.94 -1.26
15 186.89 91.53 1.09
16 299.32 105.34 15.2
17 56.8 20.78 -9.09
18 52.29 12.85 -9.35
19 70.08 30.23 -6.75
20 263.6 57.48 9.51
21 206.51 74.07 1.94
22 303.63 107.14 16.24
23 161.3 120.1 0.85
24 223.42 70.99 3.29
25 256.0 64.0 3.72
26 134.0 87.0 -0.71
27 308.0 52.0 7.94
28 256.0 42.0 3.41
1 180.12 74.96 0.32
2 178.55 88.91 0.02
3 129.25 73.38 -1.73
4 167.39 119.64 0.17
5 195.87 120.3 0.27
6 171.95 88.48 -0.26
7 220.71 72.43 2.33
8 203.71 121.66 0.75
9 134.2 77.18 -1.1
10 157.12 78.55 -0.24
11 189.92 87.68 0.26
12 149.51 73.57 -0.35
13 180.25 47.42 0.36
14 113.36 79.03 -2.11
15 187.47 92.08 0.3
16 307.44 105.79 15.93
17 52.66 17.17 -11.39
18 47.96 8.82 -11.57
19 67.31 27.55 -9.1
20 268.93 55.98 7.91
21 207.85 74.76 0.93
22 161.86 120.52 0.03
23 225.27 71.35 2.05
24 256.01 63.85 6.86
25 133.58 86.94 -1.62
26 256.04 41.84 5.75
27 309.0 105.0 7.94
28 266.0 56.0 3.49
29 169.0 106.0 -0.4
30 168.0 124.0 -0.15
1 180.58 73.94 0.52
2 178.54 87.73 0.22
3 128.34 71.99 -1.22
4 167.73 119.04 0.26
5 196.15 119.7 0.85
6 171.98 87.26 0.25
7 222.27 71.11 1.96
8 203.97 121.29 1.59
9 133.63 75.72 -0.85
10 157.23 76.97 0.02
11 190.28 86.33 0.65
12 149.49 72.11 -0.08
13 180.53 45.2 0.35
14 111.97 76.35 -1.76
15 187.82 90.79 0.66
16 46.31 10.21 -11.31
17 62.29 21.59 -9.1
18 273.57 52.79 8.55
19 208.46 73.12 1.37
20 161.99 119.99 0.33
21 226.71 70.02 2.15
22 260.28 60.67 6.8
23 132.73 84.95 -0.94
24 259.75 38.26 6.13
25 266.55 55.78 7.51
26 168.83 106.03 0.17
27 167.95 124.07 0.31
28 278.0 47.0 5.55
29 31.0 4.0 -6.84
30 275.0 4.0 4.9
31 278.0 32.0 5.6
32 279.0 19.0 5.31
33 105.0 142.0 -1.21
34 200.0 81.0 0.71
35 210.0 124.0 1.25
36 267.0 28.0 4.36
37 162.0 75.0 0.42
38 64.0 25.0 -4.33
39 181.0 126.0 0.38
40 268.0 39.0 4.52
1 180.82 74.81 0.11
2 178.61 88.63 -0.08
3 127.56 72.54 -1.69
4 167.89 120.25 -0.17
5 196.41 120.9 0.59
6 172.0 88.13 -0.19
7 223.45 71.65 1.3
8 204.98 122.56 1.02
9 133.22 76.35 -1.47
10 157.21 77.64 -0.53
11 190.55 87.23 0.16
12 149.39 72.78 -0.6
13 180.7 45.3 0.18
14 111.22 76.42 -3.16
15 188.16 91.66 0.08
16 57.6 18.09 -11.29
17 277.97 51.93 8.96
18 209.45 73.34 0.87
19 162.19 121.2 -0.26
20 227.92 70.64 1.71
21 263.84 60.26 6.79
22 132.16 84.78 -1.45
23 263.25 37.07 6.22
24 270.44 55.29 7.79
25 168.89 107.16 -0.18
26 168.19 125.29 -0.14
27 279.31 46.5 9.22
28 279.2 31.34 9.56
29 279.96 18.48 9.76
30 104.98 142.54 -4.18
31 200.33 81.05 0.36
32 210.63 124.24 1.06
33 268.29 27.37 6.7
34 162.32 75.07 -0.31
35 63.38 24.24 -9.69
36 181.19 126.24 0.11
37 269.46 38.24 6.92
38 268.0 53.0 3.81
39 275.0 4.0 4.35
1 180.88 74.61 0.45
2 178.61 88.56 0.66
3 126.67 72.53 -1.28
4 167.81 120.39 0.39
5 196.68 121.06 0.98
6 171.92 88.12 0.58
7 224.19 71.34 2.63
8 205.52 122.58 1.55
9 132.49 76.29 -0.84
10 157.01 77.47 0.21
11 190.65 87.18 0.96
12 149.19 72.63 0.07
13 180.76 44.41 1.09
14 109.7 75.84 -2.54
15 188.25 91.61 0.93
16 51.57 13.54 -11.72
17 282.73 49.63 11.07
18 209.68 73.16 1.7
19 162.07 121.34 0.48
20 228.85 70.31 2.83
21 267.51 58.53 8.33
22 131.57 84.54 -1.1
23 266.36 34.9 7.72
24 274.64 53.17 9.59
25 168.83 107.25 0.4
26 168.12 125.44 0.44
27 284.22 44.01 11.44
28 284.4 27.97 11.05
29 285.39 14.29 10.87
30 103.14 143.52 -3.91
31 200.63 81.21 1.13
32 211.21 124.16 1.64
33 271.87 24.5 8.42
34 162.19 74.84 0.31
35 58.36 20.53 -9.99
36 181.25 126.4 0.68
37 273.22 35.71 8.46
38 268.55 52.87 8.69
39 117.0 75.0 -0.93
1 180.89 72.86 0.66
2 178.68 87.01 0.66
3 125.75 70.9 -1.36
4 167.7 118.9 0.48
5 197.04 119.68 0.78
6 171.86 86.45 0.62
7 225.15 69.45 2.45
8 206.09 121.33 1.06
9 131.68 74.54 -0.71
10 156.66 75.6 0.28
11 190.82 85.59 0.9
12 148.79 70.84 0.16
13 180.98 41.72 1.13
14 107.85 73.45 -2.57
15 188.35 90.11 0.9
16 288.44 45.3 11.66
17 210.27 71.38 1.3
18 161.93 119.89 0.55
19 230.0 68.39 2.67
20 271.6 55.13 8.68
21 130.54 82.31 -0.8
22 270.06 30.78 8.5
23 279.48 49.3 9.84
24 168.74 105.97 0.46
25 168.02 123.95 0.47
26 290.12 39.26 12.24
27 289.93 23.13 11.9
28 290.84 8.77 11.73
29 100.64 143.28 -4.43
30 200.87 79.62 1.27
31 211.76 122.91 1.21
32 276.0 20.06 9.1
33 161.98 73.07 0.44
34 52.5 14.54 -10.77
35 181.3 124.97 0.63
36 277.36 31.51 9.4
37 272.83 49.27 8.99
38 116.74 74.37 -2.1
39 235.0 70.0 1.41
40 203.0 124.0 0.09
1 181.46 71.53 0.36
2 179.32 86.1 0.21
3 125.16 69.92 -1.77
4 168.22 118.43 -0.03
5 197.74 119.07 0.64
6 172.52 85.59 0.03
7 227.04 67.85 1.97
8 207.06 120.52 1.12
9 131.57 73.46 -1.28
10 157.28 74.35 -0.37
11 191.71 84.71 0.25
12 149.31 69.6 -0.4
13 182.0 39.37 0.42
14 106.94 71.68 -3.37
15 189.27 89.17 0.07
16 294.91 41.19 11.77
17 211.27 70.32 1.45
18 162.55 119.4 0.01
19 231.93 66.72 2.52
20 276.46 51.66 8.73
21 130.37 80.87 -1.36
22 275.36 26.25 8.03
23 285.14 45.51 10.14
24 169.27 104.97 -0.0
25 168.58 123.48 0.03
26 296.83 34.74 12.38
27 296.88 17.83 11.58
28 98.53 144.31 -5.3
29 201.9 78.98 0.46
30 212.86 122.19 1.55
31 281.37 15.28 8.75
32 162.6 71.75 -0.15
33 181.97 124.46 0.31
34 282.91 26.95 8.88
35 277.97 45.56 8.88
36 115.76 72.41 -2.6
37 235.24 70.09 2.91
38 202.99 124.17 0.69
39 213.0 64.0 1.31
40 293.0 38.0 6.32
1 181.34 70.27 0.61
2 179.15 85.03 0.5
3 123.97 68.7 -2.29
4 168.04 117.47 0.15
5 197.61 118.23 1.03
6 172.29 84.52 0.25
7 227.66 66.45 2.66
8 207.09 119.63 1.18
9 130.66 72.26 -0.97
10 156.67 72.98 0.07
11 191.61 83.62 0.56
12 148.7 68.31 0.03
13 182.03 37.27 0.69
14 104.65 69.57 -2.76
15 189.14 88.12 0.33
16 301.35 36.74 12.98
17 211.47 69.27 1.82
18 162.26 118.45 0.26
19 232.77 65.34 2.93
20 280.89 48.43 9.58
21 129.44 79.2 -0.9
22 279.51 22.11 8.67
23 290.34 41.72 10.79
24 169.01 103.88 0.27
25 168.33 122.57 0.32
26 303.53 30.01 13.51
27 303.08 12.71 12.4
28 95.37 144.52 -5.93
29 202.05 77.78 0.45
30 212.88 121.16 2.07
31 285.88 10.41 9.45
32 162.2 70.43 0.18
33 181.74 123.57 0.56
34 287.4 22.74 9.7
35 282.56 42.12 9.82
36 114.06 70.52 -2.71
37 236.55 68.49 3.3
38 202.96 123.3 0.82
39 212.87 64.1 1.94
40 294.25 37.43 11.29
41 194.0 114.0 0.25
1 182.21 70.05 -0.05
2 179.85 85.03 -0.07
3 123.4 68.52 -2.73
4 168.39 117.7 -0.19
5 198.64 118.52 0.31
6 172.64 84.51 -0.12
7 229.58 66.17 1.73
8 208.23 119.95 0.74
9 130.42 72.02 -1.54
10 157.28 72.57 -0.65
11 192.28 83.57 0.11
12 149.25 67.88 -0.64
13 182.66 36.18 0.32
14 103.51 68.69 -3.81
15 189.63 88.13 0.01
16 308.47 33.58 13.23
17 212.85 68.28 0.95
18 162.73 118.69 -0.22
19 234.96 65.11 1.87
20 286.59 46.24 9.33
21 129.17 78.74 -1.42
22 284.65 19.07 8.57
23 296.55 39.05 11.09
24 169.41 103.68 -0.11
25 168.82 122.81 -0.11
26 310.25 8.78 12.73
27 92.72 146.33 -7.17
28 202.49 78.0 0.68
29 214.67 121.46 1.03
30 291.41 6.82 9.53
31 162.72 70.2 -0.37
32 182.45 123.81 0.02
33 293.13 19.64 9.55
34 288.34 39.54 9.82
35 113.09 69.71 -3.33
36 238.66 68.29 2.94
37 203.72 123.6 0.72
38 214.46 63.1 0.9
39 300.7 34.53 11.56
40 194.29 113.99 0.21
41 129.0 26.0 -0.86
1 182.04 69.34 0.59
2 179.63 84.57 0.53
3 121.45 67.24 -2.06
4 168.2 117.57 0.19
5 198.65 118.3 0.75
6 172.53 84.13 0.06
7 230.59 65.18 2.37
8 208.28 119.61 1.51
9 129.56 70.9 -1.39
10 156.74 71.98 -0.08
11 192.25 83.11 0.46
12 148.72 67.32 -0.12
13 182.74 34.44 0.88
14 101.45 67.33 -3.35
15 189.5 87.6 0.6
16 213.43 67.69 0.95
17 162.51 118.56 0.21
18 236.13 64.03 2.65
19 291.56 43.3 10.32
20 128.41 77.78 -1.26
21 289.22 15.25 9.31
22 302.55 35.39 12.03
23 169.29 103.49 0.09
24 168.61 122.67 0.25
25 89.04 147.87 -7.51
26 202.62 77.42 0.94
27 215.14 120.93 1.39
28 296.46 2.35 9.99
29 162.4 69.44 0.06
30 182.28 123.66 0.32
31 298.19 15.7 11.04
32 293.62 36.27 10.7
33 110.97 68.34 -2.75
34 240.35 66.96 3.65
35 203.79 123.39 1.46
36 214.95 62.49 1.07
37 307.02 30.71 12.64
38 194.26 113.71 0.56
39 128.88 25.6 -1.28
40 149.0 62.0 -0.0
1 182.38 69.1 0.72
2 180.08 84.55 0.43
3 120.56 67.06 -2.78
4 168.37 117.74 0.21
5 199.19 118.55 0.78
6 172.61 84.1 0.15
7 231.7 64.64 3.01
8 209.18 119.87 1.15
9 128.9 70.47 -1.01
10 156.75 71.69 0.28
11 192.56 83.07 0.72
12 148.69 67.14 0.23
13 183.14 33.45 1.23
14 99.58 66.34 -3.47
15 189.95 87.59 0.38
16 214.33 67.35 1.51
17 162.72 118.74 0.19
18 237.38 63.73 3.25
19 296.99 40.9 11.52
20 127.76 77.23 -1.04
21 294.24 11.83 10.63
22 309.0 32.19 14.55
23 169.39 103.51 0.16
24 168.85 122.89 0.3
25 85.37 149.99 -8.1
26 203.41 77.14 0.88
27 216.17 121.06 1.27
28 162.49 69.12 0.34
29 182.65 123.88 0.25
30 304.15 11.86 11.75
31 299.33 33.32 11.83
32 109.62 67.89 -3.06
33 242.22 66.42 4.27
34 204.74 123.63 0.95
35 215.75 62.3 1.75
36 194.68 113.99 0.61
37 128.07 23.24 -0.41
38 149.08 61.72 0.25
1 182.87 68.65 0.04
2 180.2 84.51 0.04
3 119.24 66.19 -3.32
4 168.46 117.94 -0.19
5 199.55 118.83 0.37
6 172.64 84.06 -0.04
7 233.44 64.33 1.94
8 209.97 120.33 0.48
9 128.19 69.9 -1.54
10 156.83 71.21 -0.42
11 192.94 83.01 0.02
12 148.76 66.66 -0.43
13 183.97 32.12 0.4
14 97.81 65.33 -4.39
15 190.18 87.58 -0.06
16 214.42 67.53 1.7
17 162.81 118.94 -0.35
18 239.37 63.2 2.24
19 303.53 37.95 11.26
20 127.15 76.55 -1.97
21 300.16 7.83 9.58
22 169.46 103.49 -0.23
23 169.0 123.13 -0.36
24 81.04 152.38 -9.55
25 203.79 77.29 0.34
26 216.53 121.24 1.6
27 162.62 68.62 -0.38
28 182.77 124.14 -0.32
29 310.59 7.84 9.55
30 305.87 30.14 11.49
31 107.97 66.77 -3.78
32 244.6 65.27 3.47
33 205.41 123.98 0.3
34 216.1 62.54 1.65
35 194.96 114.24 0.15
36 127.64 21.34 -1.09
37 149.19 61.46 -0.56
38 172.0 115.0 -0.38
1 183.11 69.54 -0.54
2 180.41 85.7 -0.71
3 117.79 66.58 -2.07
4 168.6 119.4 -0.48
5 200.15 120.33 -0.51
6 172.75 85.21 -0.31
7 234.79 65.4 0.37
8 210.51 121.67 -0.2
9 127.72 70.43 -1.22
10 156.88 72.06 -0.62
11 193.3 84.31 -0.75
12 148.79 67.49 -0.62
13 184.31 32.25 -0.06
14 95.74 65.48 -2.54
15 190.31 88.82 -0.88
16 215.9 67.89 -0.01
17 162.95 120.42 -0.73
18 240.73 64.19 0.65
19 309.6 36.65 5.65
20 126.6 76.88 -1.47
21 169.55 104.48 -0.54
22 169.18 124.59 -0.63
23 76.35 156.47 -6.28
24 204.27 78.44 -0.66
25 217.92 122.59 0.03
26 162.73 69.55 -0.74
27 182.97 125.66 -0.63
28 312.26 28.37 5.59
29 106.36 67.16 -2.32
30 246.83 65.87 1.14
31 205.85 125.47 -0.37
32 217.56 62.94 -0.04
33 195.35 115.58 -0.53
34 127.52 20.98 -1.23
35 149.22 62.31 -0.59
36 172.0 115.3 -0.53
37 147.0 72.0 -0.2
1 182.34 64.27 -0.06
2 179.27 80.69 0.11
3 113.97 60.81 0.24
4 167.63 114.03 0.25
5 199.21 115.15 0.23
6 171.84 79.97 0.2
7 235.21 59.86 -0.07
8 209.8 116.75 0.19
9 125.82 65.17 0.03
10 155.68 66.48 0.12
11 192.37 79.13 -0.01
12 147.48 62.1 0.12
13 184.1 25.67 -0.25
14 91.75 59.51 0.24
15 189.27 83.74 -0.27
16 215.77 62.2 -0.24
17 161.54 115.03 0.34
18 241.42 58.95 -0.07
19 315.68 28.91 -0.46
20 124.45 71.26 -0.02
21 168.58 100.51 0.21
22 168.07 119.01 0.33
23 69.84 152.84 -0.15
24 203.51 73.5 -0.07
25 217.0 117.65 0.37
26 161.66 64.15 0.02
27 181.74 120.42 0.33
28 318.43 20.79 -0.43
29 102.61 60.2 0.24
30 247.98 59.94 0.03
31 204.88 120.25 0.33
32 217.48 57.17 -0.46
33 194.45 110.31 0.19
34 125.4 13.89 0.11
35 147.83 56.61 0.24
36 171.11 109.84 0.25
37 146.15 67.03 0.15
1 182.01 74.29 0.21
2 179.28 89.94 0.02
3 115.53 71.06 -1.08
4 167.87 123.69 -0.1
5 199.4 124.91 -0.05
6 172.01 89.74 -0.01
7 234.72 68.88 0.42
8 210.07 126.26 -0.14
9 126.23 74.88 -0.35
10 155.93 77.14 -0.14
11 192.22 88.71 0.05
12 147.81 71.64 -0.18
13 183.7 34.45 0.22
14 92.81 69.58 -0.76
15 188.97 93.15 -0.09
16 214.75 72.51 0.64
17 161.85 124.62 -0.11
18 240.86 68.03 0.45
19 314.1 38.44 1.03
20 124.73 80.85 -0.32
21 168.8 109.78 -0.08
22 168.34 128.63 -0.05
23 69.75 164.18 -0.25
24 203.22 83.4 0.21
25 217.39 126.71 -0.12
26 161.71 74.27 -0.05
27 182.11 130.11 -0.15
28 316.7 30.07 1.15
29 103.8 71.04 -0.86
30 247.5 69.58 0.54
31 205.28 129.92 -0.14
32 216.44 67.8 0.47
33 194.61 120.12 -0.04
34 125.93 23.88 -0.24
35 148.28 67.33 -0.18
36 171.33 119.63 -0.07
37 146.5 76.28 -0.19
1 182.28 69.41 -0.11
2 179.42 85.47 -0.13
3 114.53 66.25 -0.11
4 167.93 119.47 -0.16
5 199.45 120.58 -0.14
6 172.15 85.25 -0.2
7 235.16 64.4 -0.06
8 210.05 121.97 -0.1
9 125.93 69.99 -0.1
10 155.86 72.36 -0.11
11 192.43 84.25 -0.19
12 147.71 66.85 -0.15
13 183.98 28.83 -0.13
14 92.08 64.71 -0.05
15 189.06 88.69 -0.23
16 215.64 67.47 -0.48
17 161.92 120.39 -0.18
18 241.38 63.46 -0.1
19 315.3 33.1 -0.32
20 124.48 76.01 -0.08
21 168.83 105.44 -0.14
22 168.4 124.41 -0.12
23 69.67 159.64 -0.15
24 203.52 79.06 -0.18
25 217.44 122.56 -0.2
26 161.71 69.38 -0.07
27 182.07 125.72 -0.12
28 318.14 24.76 -0.44
29 103.01 65.88 -0.11
30 248.13 64.73 -0.08
31 205.29 125.62 -0.2
32 217.16 62.92 -0.47
33 194.65 115.75 -0.09
34 125.66 18.6 -0.05
35 148.2 62.59 -0.19
36 171.39 115.4 -0.13
37 146.4 71.53 -0.15
1 181.95 69.61 0.14
2 179.16 85.73 0.03
3 113.95 66.63 0.38
4 167.65 119.65 0.05
5 199.23 120.79 0.05
6 171.82 85.55 0.12
7 235.01 64.5 0.03
8 209.83 122.12 0.09
9 125.83 70.24 -0.02
10 155.68 72.65 0.06
11 192.11 84.53 0.09
12 147.47 67.26 0.06
13 183.72 29.47 0.1
14 91.94 64.98 0.07
15 188.78 88.96 0.03
16 214.9 68.13 0.17
17 161.61 120.58 0.06
18 241.2 63.64 0.04
19 314.83 33.59 0.05
20 124.44 76.33 -0.04
21 168.57 105.82 0.08
22 168.18 124.59 0.04
23 69.46 159.75 0.05
24 203.23 79.25 0.06
25 217.05 122.76 0.12
26 161.64 69.73 0.01
27 181.84 125.93 0.09
28 317.56 25.37 0.06
29 102.73 66.31 0.13
30 247.98 64.95 0.15
31 205.04 125.78 0.01
32 216.45 63.62 0.17
33 194.47 116.01 0.11
34 125.51 18.95 0.11
35 147.88 63.04 0.1
36 171.13 115.61 0.09
37 146.13 71.87 0.09
1 182.12 69.6 0.01
2 179.27 85.69 -0.02
3 114.4 66.71 -0.01
4 167.75 119.65 0.0
5 199.31 120.76 -0.0
6 171.94 85.51 0.01
7 235.1 64.55 -0.02
8 209.94 122.1 0.02
9 125.9 70.25 -0.08
10 155.76 72.6 -0.01
11 192.25 84.52 -0.01
12 147.57 67.26 -0.01
13 183.8 29.47 0.01
14 92.01 64.99 -0.01
15 188.85 88.94 0.01
16 215.18 67.99 -0.03
17 161.72 120.59 0.01
18 241.28 63.68 -0.02
19 315.03 33.5 -0.03
20 124.44 76.25 -0.05
21 168.69 105.72 -0.01
22 168.27 124.58 0.0
23 69.48 159.84 0.07
24 203.34 79.29 -0.03
25 217.24 122.72 0.01
26 161.65 69.7 -0.0
27 181.98 125.92 -0.1
28 317.82 25.28 -0.07
29 102.89 66.34 -0.01
30 248.06 64.85 0.11
31 205.12 125.77 -0.01
32 216.71 63.48 -0.03
33 194.57 115.97 0.03
34 125.66 19.3 -0.04
35 148.0 63.0 0.02
36 171.25 115.59 0.0
37 146.25 71.87 -0.0
1 182.06 69.64 0.04
2 179.25 85.72 0.05
3 114.29 66.72 0.08
4 167.71 119.67 0.03
5 199.3 120.81 0.01
6 171.94 85.54 0.01
7 235.07 64.57 0.0
8 209.94 122.14 0.01
9 125.9 70.33 -0.07
10 155.73 72.7 0.01
11 192.21 84.53 0.02
12 147.52 67.24 0.02
13 183.76 29.51 0.06
14 91.98 65.08 0.01
15 188.84 88.96 0.04
16 215.07 68.08 0.03
17 161.68 120.62 0.03
18 241.25 63.71 0.03
19 314.89 33.63 0.08
20 124.46 76.38 -0.06
21 168.66 105.8 0.02
22 168.26 124.6 -0.0
23 69.52 159.72 0.02
24 203.28 79.29 0.01
25 217.22 122.74 0.03
26 161.64 69.72 0.03
27 181.96 125.95 -0.0
28 317.66 25.41 -0.02
29 102.82 66.35 0.03
30 248.08 64.91 0.01
31 205.1 125.83 -0.02
32 216.61 63.57 0.04
33 194.58 116.05 0.02
34 125.56 19.25 0.09
35 147.97 63.0 0.04
36 171.23 115.63 0.03
37 146.21 71.88 0.02
1 182.09 69.69 0.03
2 179.25 85.73 0.06
3 114.35 66.64 0.03
4 167.75 119.68 0.01
5 199.3 120.81 -0.01
6 171.92 85.57 0.02
7 235.04 64.62 0.06
8 209.96 122.13 0.0
9 125.81 70.32 0.0
10 155.75 72.7 0.01
11 192.24 84.53 -0.01
12 147.55 67.23 -0.0
13 183.8 29.55 0.01
14 92.0 65.09 0.05
15 188.83 88.96 0.01
16 215.13 68.12 0.01
17 161.72 120.61 -0.0
18 241.25 63.72 0.08
19 314.94 33.59 -0.04
20 124.4 76.35 -0.01
21 168.66 105.81 0.02
22 168.29 124.6 0.0
23 69.53 159.68 -0.06
24 203.31 79.36 -0.01
25 217.24 122.72 0.01
26 161.67 69.73 -0.01
27 181.92 126.01 0.04
28 317.65 25.36 0.05
29 102.86 66.32 -0.02
30 248.15 64.83 0.06
31 205.07 125.83 0.03
32 216.67 63.59 0.0
33 194.58 116.05 0.02
34 125.64 19.34 -0.02
35 148.01 63.02 -0.0
36 171.26 115.64 -0.01
37 146.24 71.91 0.01
1 182.12 69.68 -0.0
2 179.31 85.73 0.02
3 114.39 66.73 -0.01
4 167.75 119.71 -0.01
5 199.3 120.8 -0.01
6 171.95 85.57 -0.02
7 235.1 64.55 -0.04
8 209.98 122.17 -0.03
9 125.82 70.37 -0.0
10 155.77 72.74 -0.02
11 192.25 84.51 -0.0
12 147.57 67.26 -0.02
13 183.84 29.52 0.0
14 92.01 65.04 -0.0
15 188.86 88.99 -0.01
16 215.16 68.15 -0.01
17 161.74 120.64 -0.02
18 241.3 63.72 -0.02
19 314.95 33.59 0.06
20 124.4 76.38 -0.01
21 168.68 105.76 -0.01
22 168.27 124.61 0.01
23 69.57 159.76 -0.03
24 203.31 79.35 0.02
25 217.26 122.71 -0.01
26 161.67 69.76 -0.01
27 182.02 125.99 -0.06
28 317.73 25.28 0.04
29 102.87 66.28 -0.02
30 248.13 64.82 -0.08
31 205.12 125.83 -0.04
32 216.68 63.58 -0.0
33 194.61 116.03 -0.0
34 125.67 19.31 0.01
35 148.04 63.05 -0.02
36 171.27 115.65 -0.02
37 146.26 71.93 -0.02
38 205.0 84.0 0.01
[INFO] [WallTime: 1432308045.759519] Stop TurtleBot
1 182.1 69.69 0.01
2 179.33 85.72 -0.0
3 114.34 66.75 0.07
4 167.74 119.68 0.01
5 199.28 120.81 0.02
6 171.94 85.55 0.0
7 235.06 64.58 0.01
8 209.97 122.19 -0.01
9 125.84 70.38 -0.01
10 155.74 72.71 0.01
11 192.24 84.56 -0.02
12 147.55 67.24 0.0
13 183.79 29.56 0.01
14 92.01 65.07 0.01
15 188.86 89.02 -0.02
16 215.13 68.09 0.0
17 161.72 120.62 -0.02
18 241.26 63.7 0.03
19 314.9 33.67 0.07
20 124.4 76.4 0.0
21 168.66 105.74 0.02
22 168.26 124.58 -0.01
23 69.54 159.78 0.0
24 203.31 79.33 0.03
25 217.26 122.76 -0.01
26 161.65 69.75 0.01
27 182.06 125.99 -0.1
28 317.72 25.37 -0.01
29 102.83 66.32 0.03
30 248.19 64.86 -0.02
31 205.07 125.83 0.04
32 216.69 63.56 -0.02
33 194.61 116.04 0.02
34 125.65 19.36 -0.03
35 148.02 63.06 -0.01
36 171.25 115.62 -0.0
37 146.23 71.93 -0.01
38 205.0 83.95 -0.0
1 182.1 69.69 -0.02
2 179.33 85.72 0.0
3 114.36 66.75 0.04
4 167.74 119.68 0.0
5 199.28 120.84 -0.01
6 171.93 85.57 0.01
7 235.07 64.57 0.03
8 209.95 122.19 0.01
9 125.81 70.33 0.02
10 155.76 72.74 0.0
11 192.25 84.55 -0.03
12 147.55 67.29 0.0
13 183.84 29.54 -0.02
14 92.04 65.12 -0.04
15 188.88 88.97 -0.06
16 215.14 68.11 0.02
17 161.7 120.6 0.01
18 241.28 63.77 0.04
19 314.94 33.62 0.01
20 124.4 76.36 -0.01
21 168.67 105.78 0.01
22 168.23 124.59 0.05
23 69.52 159.7 -0.01
24 203.32 79.34 0.01
25 217.24 122.76 0.01
26 161.67 69.72 0.01
27 181.96 125.97 -0.01
28 317.74 25.37 -0.0
29 102.88 66.35 0.0
30 248.13 64.85 0.06
31 205.09 125.85 0.0
32 216.67 63.56 0.0
33 194.6 116.07 -0.02
34 125.63 19.23 0.06
35 148.0 63.06 0.02
36 171.25 115.62 0.01
37 146.23 71.94 -0.0
38 205.01 83.95 0.0
1 182.09 69.71 0.02
2 179.3 85.71 0.03
3 114.39 66.71 0.0
4 167.75 119.71 -0.03
5 199.28 120.82 0.01
6 171.95 85.57 -0.03
7 235.07 64.65 0.02
8 209.96 122.19 -0.0
9 125.82 70.35 0.03
10 155.76 72.73 0.01
11 192.22 84.51 0.0
12 147.55 67.3 -0.0
13 183.8 29.54 0.0
14 92.05 65.1 -0.03
15 188.8 89.0 0.03
16 215.16 68.06 -0.01
17 161.7 120.6 0.0
18 241.3 63.77 0.01
19 315.01 33.63 -0.05
20 124.42 76.39 0.0
21 168.68 105.76 -0.0
22 168.26 124.63 0.01
23 69.56 159.74 -0.0
24 203.33 79.33 0.01
25 217.27 122.76 -0.02
26 161.67 69.75 0.02
27 182.01 126.0 -0.08
28 317.76 25.37 -0.03
29 102.86 66.31 -0.0
30 248.16 64.83 -0.0
31 205.09 125.84 -0.01
32 216.68 63.57 -0.02
33 194.6 116.05 0.0
34 125.59 19.25 0.07
35 148.02 63.08 0.0
36 171.24 115.62 0.01
37 146.23 71.95 0.0
38 204.99 84.05 0.02
1 182.09 69.71 0.01
2 179.3 85.72 0.02
3 114.38 66.8 0.03
4 167.73 119.71 0.01
5 199.26 120.83 -0.01
6 171.94 85.58 0.01
7 235.05 64.57 0.03
8 209.98 122.17 -0.03
9 125.81 70.37 -0.01
10 155.76 72.7 -0.0
11 192.22 84.54 -0.04
12 147.55 67.27 -0.0
13 183.85 29.52 -0.05
14 92.04 65.11 -0.0
15 188.82 88.99 0.02
16 215.15 68.08 -0.01
17 161.7 120.6 0.02
18 241.29 63.74 -0.0
19 315.01 33.62 -0.04
20 124.38 76.37 0.01
21 168.67 105.7 0.01
22 168.27 124.61 -0.0
23 69.52 159.82 0.0
24 203.35 79.36 0.01
25 217.26 122.71 -0.02
26 161.68 69.77 -0.02
27 181.97 125.97 0.04
28 317.78 25.34 -0.0
29 102.87 66.29 -0.01
30 248.2 64.86 -0.04
31 205.09 125.84 -0.02
32 216.66 63.54 0.0
33 194.58 116.07 0.01
34 125.66 19.4 0.04
35 148.02 63.05 -0.0
36 171.26 115.61 0.02
37 146.23 71.95 -0.0
38 205.01 84.04 -0.0
1 182.11 69.69 -0.02
2 179.33 85.72 0.02
3 114.37 66.77 -0.01
4 167.72 119.72 -0.02
5 199.27 120.82 -0.02
6 171.94 85.57 0.03
7 235.05 64.51 0.02
8 209.96 122.18 0.02
9 125.83 70.4 0.01
10 155.76 72.71 0.01
11 192.21 84.58 0.0
12 147.55 67.29 0.01
13 183.8 29.51 0.0
14 91.99 65.14 0.07
15 188.82 89.02 0.04
16 215.17 68.09 -0.01
17 161.7 120.63 -0.01
18 241.29 63.69 0.03
19 314.91 33.66 0.05
20 124.4 76.42 0.02
21 168.67 105.75 -0.01
22 168.26 124.62 -0.04
23 69.55 159.74 -0.05
24 203.34 79.35 0.02
25 217.25 122.79 0.01
26 161.67 69.79 0.01
27 181.97 126.0 0.01
28 317.82 25.35 0.02
29 102.86 66.33 -0.03
30 248.13 64.89 0.05
31 205.11 125.83 0.04
32 216.68 63.54 -0.02
33 194.59 116.05 -0.0
34 125.68 19.46 0.03
35 148.03 63.06 -0.0
36 171.24 115.6 0.01
37 146.23 71.95 0.0
38 205.01 84.05 0.0
1 182.07 69.71 0.01
2 179.37 85.71 0.01
3 114.4 66.77 0.02
4 167.73 119.7 0.02
5 199.28 120.83 0.01
6 171.95 85.56 -0.02
7 235.09 64.52 -0.02
8 209.96 122.15 0.0
9 125.76 70.38 0.08
10 155.77 72.71 -0.0
11 192.2 84.56 -0.0
12 147.55 67.28 0.01
13 183.81 29.51 -0.0
14 92.03 65.15 0.01
15 188.87 89.01 -0.02
16 215.15 68.11 0.0
17 161.72 120.59 0.01
18 241.31 63.7 0.0
19 314.91 33.63 -0.08
20 124.36 76.39 0.06
21 168.67 105.67 0.01
22 168.27 124.61 0.01
23 69.56 159.75 -0.05
24 203.36 79.33 0.0
25 217.25 122.76 0.01
26 161.68 69.79 -0.02
27 182.04 126.02 -0.02
28 317.71 25.43 0.0
29 102.87 66.37 0.02
30 248.21 64.81 -0.07
31 205.09 125.82 -0.0
32 216.68 63.55 -0.02
33 194.6 116.06 -0.03
34 125.68 19.36 0.02
35 148.03 63.06 -0.02
36 171.27 115.59 0.01
37 146.23 71.93 0.01
38 205.01 84.07 0.01
1 182.09 69.72 -0.01
2 179.35 85.72 0.03
3 114.39 66.73 0.02
4 167.71 119.71 0.01
5 199.27 120.84 0.06
6 171.95 85.58 -0.02
7 235.04 64.51 0.04
8 209.97 122.19 0.01
9 125.81 70.36 -0.0
10 155.76 72.73 0.01
11 192.19 84.56 0.03
12 147.56 67.29 -0.01
13 183.81 29.52 -0.0
14 92.0 65.18 0.03
15 188.85 89.03 0.05
16 215.16 68.08 -0.01
17 161.69 120.62 0.02
18 241.29 63.7 -0.01
19 314.91 33.67 -0.04
20 124.39 76.4 -0.01
21 168.68 105.71 -0.01
22 168.28 124.62 -0.02
23 69.51 159.83 0.05
24 203.37 79.29 0.01
25 217.24 122.79 -0.02
26 161.68 69.79 0.01
27 182.02 126.03 0.02
28 317.8 25.41 -0.04
29 102.87 66.38 -0.01
30 248.1 64.83 0.07
31 205.1 125.83 -0.0
32 216.66 63.55 -0.01
33 194.59 116.07 0.01
34 125.7 19.48 0.02
35 148.02 63.04 0.01
36 171.26 115.6 -0.02
37 146.24 71.97 0.0
38 205.03 84.01 -0.01
1 182.11 69.71 -0.01
2 179.34 85.75 0.04
3 114.42 66.73 -0.05
4 167.73 119.73 0.0
5 199.3 120.81 0.0
6 171.95 85.63 0.0
7 235.08 64.55 -0.03
8 209.98 122.15 -0.02
9 125.81 70.29 -0.02
10 155.77 72.75 -0.01
11 192.19 84.56 0.04
12 147.55 67.3 0.0
13 183.82 29.52 -0.06
14 92.05 65.24 -0.02
15 188.83 89.03 0.02
16 215.15 68.07 0.01
17 161.71 120.63 0.01
18 241.31 63.71 -0.02
19 314.87 33.69 0.07
20 124.4 76.33 -0.01
21 168.68 105.74 -0.0
22 168.25 124.63 0.04
23 69.54 159.83 -0.0
24 203.35 79.29 0.03
25 217.24 122.76 -0.01
26 161.68 69.78 -0.0
27 182.01 126.01 -0.01
28 317.76 25.5 0.05
29 102.88 66.35 -0.01
30 248.19 64.94 -0.06
31 205.13 125.81 -0.05
32 216.66 63.53 0.03
33 194.56 116.05 0.07
34 125.66 19.52 0.02
35 148.03 63.07 0.0
36 171.27 115.61 0.01
37 146.23 71.96 0.0
38 205.0 84.03 0.02
1 182.06 69.73 0.08
2 179.38 85.72 -0.01
3 114.39 66.78 0.01
4 167.74 119.73 0.0
5 199.3 120.84 0.03
6 171.95 85.56 -0.02
7 235.08 64.47 0.0
8 209.98 122.21 -0.01
9 125.78 70.34 -0.01
10 155.77 72.66 -0.0
11 192.2 84.57 0.03
12 147.56 67.28 -0.0
13 183.79 29.53 0.0
14 92.02 65.24 0.01
15 188.84 89.02 -0.02
16 215.17 68.06 -0.02
17 161.71 120.61 0.0
18 241.31 63.73 -0.02
19 314.87 33.63 0.04
20 124.37 76.35 0.01
21 168.67 105.71 -0.0
22 168.25 124.63 -0.0
23 69.53 159.85 -0.0
24 203.37 79.28 0.01
25 217.23 122.83 -0.0
26 161.68 69.76 -0.0
27 182.01 126.01 -0.0
28 317.74 25.5 0.04
29 102.87 66.35 0.02
30 248.15 65.02 0.01
31 205.07 125.85 0.11
32 216.67 63.52 0.01
33 194.58 116.08 0.02
34 125.66 19.42 -0.0
35 148.03 63.06 0.0
36 171.28 115.62 0.02
37 146.24 71.94 -0.01
38 205.0 84.05 0.01
1 182.11 69.71 0.0
2 179.39 85.73 0.01
3 114.4 66.78 -0.07
4 167.73 119.74 0.01
5 199.29 120.84 -0.0
6 171.95 85.61 0.01
7 235.08 64.53 0.02
8 209.98 122.17 -0.02
9 125.79 70.36 0.01
10 155.77 72.7 0.01
11 192.22 84.56 0.03
12 147.55 67.28 0.0
13 183.81 29.52 0.0
14 92.03 65.18 -0.03
15 188.85 89.03 -0.0
16 215.18 68.07 0.0
17 161.73 120.63 0.0
18 241.27 63.81 0.03
19 314.93 33.63 -0.02
20 124.4 76.39 0.0
21 168.67 105.72 -0.0
22 168.26 124.63 -0.01
23 69.54 159.94 -0.01
24 203.39 79.3 0.0
25 217.23 122.8 -0.01
26 161.69 69.78 -0.01
27 182.0 126.0 -0.06
28 317.83 25.49 -0.05
29 102.86 66.31 -0.02
30 248.22 64.91 0.02
31 205.11 125.86 0.01
32 216.69 63.54 0.0
33 194.61 116.06 0.0
34 125.66 19.57 0.03
35 148.02 63.02 0.0
36 171.29 115.6 0.01
37 146.23 71.92 0.01
38 205.03 84.1 -0.02
1 182.1 69.71 0.04
2 179.36 85.71 0.04
3 114.37 66.78 0.02
4 167.73 119.73 0.03
5 199.3 120.83 -0.0
6 171.95 85.6 -0.02
7 235.04 64.53 0.04
8 209.96 122.18 0.01
9 125.82 70.4 -0.01
10 155.77 72.69 0.0
11 192.21 84.6 0.02
12 147.56 67.32 -0.0
13 183.78 29.53 0.02
14 92.03 65.24 -0.02
15 188.83 89.02 0.03
16 215.16 68.09 0.02
17 161.72 120.61 0.02
18 241.3 63.78 0.01
19 314.91 33.68 0.05
20 124.43 76.4 -0.05
21 168.66 105.62 0.02
22 168.24 124.61 0.01
23 69.54 159.93 -0.05
24 203.38 79.29 -0.02
25 217.23 122.75 0.03
26 161.67 69.75 -0.0
27 182.0 126.0 -0.04
28 317.83 25.47 -0.02
29 102.89 66.34 -0.01
30 248.21 64.92 0.01
31 205.15 125.86 -0.04
32 216.68 63.55 0.02
33 194.61 116.06 0.02
34 125.69 19.55 0.02
35 148.04 63.09 0.0
36 171.29 115.59 0.0
37 146.24 71.99 -0.0
38 205.02 84.07 -0.0
