1 83.0 113.0 -0.0
2 82.0 92.0 0.01
3 90.0 110.0 0.01
4 87.0 97.0 0.01
5 89.0 126.0 -0.0
6 80.0 26.0 0.0
1 82.98 113.01 0.03
2 82.0 92.01 0.0
3 90.01 109.98 -0.0
4 87.01 97.0 0.01
5 88.98 125.97 0.0
6 80.0 26.03 0.01
7 83.0 118.0 0.01
8 88.0 101.0 0.01
9 84.0 107.0 0.01
10 132.0 84.0 -0.02
11 50.0 41.0 -0.0
12 274.0 116.0 0.02
13 309.0 22.0 0.0
14 67.0 2.0 0.04
1 83.0 113.01 -0.01
2 82.01 91.99 0.01
3 90.02 109.98 0.0
4 87.0 96.99 0.0
5 88.98 125.98 0.0
6 80.01 26.01 -0.01
7 83.0 118.0 0.0
8 88.0 100.98 0.01
9 84.01 106.98 0.01
10 131.99 84.02 0.0
11 49.98 41.01 0.05
12 273.99 116.02 -0.0
13 309.04 21.97 -0.01
14 67.06 2.0 -0.05
15 273.0 120.0 -0.04
16 156.0 83.0 -0.0
17 261.0 107.0 0.02
18 312.0 27.0 0.02
19 158.0 92.0 0.03
1 83.01 113.01 -0.01
2 82.0 92.0 0.01
3 90.0 109.98 0.01
4 87.01 96.99 0.0
5 88.99 125.99 -0.0
6 79.99 26.0 0.01
7 83.01 117.99 -0.01
8 88.0 100.98 0.01
9 84.0 106.98 0.01
10 132.0 83.98 0.02
11 50.0 41.0 0.03
12 274.01 116.02 0.0
13 309.04 22.03 -0.02
14 67.05 2.02 -0.03
15 272.97 120.03 0.02
16 156.03 83.03 0.0
17 261.02 107.01 -0.02
18 312.04 27.0 -0.03
19 158.01 92.03 0.01
20 95.0 127.0 0.01
1 82.99 113.02 -0.01
2 82.01 92.0 -0.0
3 90.01 110.01 -0.01
4 87.0 97.0 -0.0
5 88.97 125.98 0.02
6 80.0 25.99 0.0
7 82.99 117.99 0.0
8 88.0 100.99 -0.01
9 84.01 107.0 -0.01
10 132.0 83.95 0.0
11 50.01 41.01 0.02
12 274.0 116.03 0.02
13 309.0 22.02 0.0
14 67.05 2.05 -0.01
15 272.97 120.03 0.03
16 155.99 82.99 0.01
17 260.99 107.02 0.0
18 311.99 26.97 0.02
19 158.02 92.01 0.02
20 94.99 127.01 0.04
21 255.0 119.0 0.02
1 83.0 113.02 0.0
2 82.0 91.98 0.05
3 90.01 109.99 -0.01
4 87.01 96.98 0.01
5 88.99 126.0 -0.01
6 80.01 26.02 -0.01
7 83.01 118.01 -0.01
8 88.01 100.98 0.0
9 84.01 106.99 0.0
10 132.0 84.04 0.02
11 50.02 41.0 0.01
12 274.01 116.04 -0.0
13 309.03 22.05 -0.02
14 67.04 2.03 -0.03
15 272.97 120.05 0.01
16 156.01 83.01 -0.02
17 260.98 107.01 -0.0
18 312.02 26.98 -0.01
19 158.0 92.02 0.01
20 95.01 127.01 -0.02
21 255.02 119.0 0.01
22 58.0 45.0 0.05
23 290.0 43.0 0.01
24 260.0 133.0 -0.03
1 83.0 113.03 0.0
2 82.02 91.98 0.07
3 90.02 110.0 0.0
4 87.01 96.98 0.02
5 88.97 126.01 0.0
6 80.01 26.03 -0.0
7 82.99 118.01 0.0
8 88.02 100.97 -0.01
9 84.02 107.0 0.0
10 132.0 83.99 0.02
11 50.02 40.99 0.0
12 274.01 116.0 -0.01
13 309.02 22.04 -0.0
14 67.03 2.03 0.0
15 272.98 120.02 -0.01
16 155.99 83.0 0.01
17 260.99 107.02 -0.01
18 312.03 26.96 0.0
19 158.04 92.01 -0.06
20 95.0 127.0 0.01
21 255.01 119.02 0.01
22 58.02 45.02 -0.0
23 290.0 43.03 0.01
24 259.99 132.98 -0.04
1 83.01 113.03 -0.01
2 82.07 91.96 0.03
3 90.02 109.99 0.0
4 87.02 97.0 0.01
5 88.98 125.98 0.01
6 80.0 26.01 0.01
7 83.0 118.01 -0.01
8 88.01 100.97 0.0
9 84.01 106.99 0.0
10 132.03 83.99 -0.01
11 50.01 41.01 0.0
12 274.02 116.0 -0.01
13 309.0 22.02 -0.01
14 67.06 2.06 -0.02
15 272.98 120.02 -0.01
16 155.99 83.01 -0.0
17 260.99 107.04 -0.03
18 312.0 26.92 -0.0
19 158.03 92.02 -0.03
20 95.01 127.0 0.02
21 255.0 119.0 0.0
22 58.01 45.01 0.01
23 289.99 43.07 0.01
24 259.97 133.02 -0.02
25 68.0 43.0 -0.01
1 83.0 113.03 -0.0
2 82.1 91.98 -0.0
3 90.02 110.0 0.01
4 87.02 97.03 0.01
5 89.0 126.0 -0.01
6 80.0 26.01 0.0
7 83.01 118.01 0.0
8 88.0 100.98 0.0
9 84.01 106.99 0.01
10 132.01 84.01 0.01
11 50.0 40.99 -0.0
12 274.0 116.01 0.02
13 309.02 22.03 -0.02
14 67.05 2.06 -0.0
15 272.98 120.01 0.01
16 156.0 83.0 0.01
17 260.98 107.0 0.0
18 312.03 26.96 -0.01
19 158.01 92.02 0.01
20 95.03 127.0 -0.0
21 255.01 119.0 0.03
22 58.0 44.99 0.02
23 290.0 43.06 -0.01
24 259.96 132.99 -0.0
25 67.99 42.96 0.02
1 82.99 113.03 0.01
2 82.12 91.96 -0.0
3 90.02 109.99 0.0
4 87.04 97.01 -0.01
5 88.98 125.98 -0.02
6 80.01 26.02 -0.01
7 82.99 118.02 0.01
8 88.01 100.98 -0.0
9 84.02 107.0 -0.01
10 132.02 83.98 -0.0
11 50.0 41.0 -0.0
12 274.01 115.99 -0.01
13 309.02 22.04 0.02
14 67.04 2.09 0.02
15 272.96 120.02 -0.01
16 156.0 83.0 0.03
17 260.99 107.04 -0.01
18 312.03 26.96 0.02
19 158.01 92.02 0.05
20 95.03 127.0 -0.04
21 255.01 118.96 0.0
22 58.03 44.98 -0.0
23 290.01 43.06 -0.0
24 259.93 133.0 0.07
25 68.0 42.96 0.01
26 297.0 32.0 0.06
1 82.99 113.03 0.01
2 82.11 91.96 -0.02
3 90.02 109.99 -0.0
4 87.04 97.0 -0.0
5 88.97 125.98 0.02
6 80.0 26.01 0.0
7 82.99 118.02 0.01
8 88.01 100.98 -0.0
9 84.01 107.01 0.01
10 132.02 83.96 -0.01
11 50.01 41.01 -0.01
12 274.01 115.98 0.01
13 309.02 22.03 -0.01
14 67.05 2.08 -0.01
15 272.97 120.02 0.02
16 156.0 83.01 -0.02
17 261.01 107.03 -0.0
18 312.04 26.94 0.02
19 158.06 92.01 -0.05
20 94.99 126.99 0.04
21 255.0 118.97 0.0
22 58.0 45.0 0.03
23 290.02 43.07 -0.02
24 259.97 132.97 0.03
25 67.99 43.03 0.01
26 297.03 32.0 0.0
1 83.0 113.05 -0.01
2 82.11 91.95 -0.04
3 90.02 109.99 -0.01
4 87.03 96.99 -0.0
5 88.96 125.99 0.03
6 80.01 26.07 -0.01
7 83.0 118.02 -0.0
8 88.01 100.95 0.01
9 84.03 107.02 -0.01
10 132.01 84.0 -0.0
11 50.01 40.98 -0.01
12 274.02 116.01 -0.01
13 309.0 22.02 -0.02
14 67.02 2.09 0.03
15 272.99 120.02 0.0
16 155.99 83.0 0.0
17 261.0 107.03 -0.03
18 312.03 26.94 -0.02
19 158.02 92.02 0.04
20 94.98 127.0 0.04
21 255.02 118.95 -0.03
22 58.02 44.99 -0.03
23 290.01 43.01 0.03
24 259.96 132.98 -0.0
25 68.02 42.99 -0.02
26 297.06 31.95 -0.01
1 83.0 113.04 -0.01
2 82.08 91.95 -0.08
3 90.01 109.98 0.01
4 87.03 96.97 -0.03
5 88.99 125.98 -0.01
6 80.02 26.04 -0.02
7 83.01 118.03 -0.01
8 88.01 100.95 -0.0
9 84.02 107.01 0.0
10 132.03 83.99 0.0
11 50.01 40.99 0.01
12 274.02 116.02 -0.01
13 309.02 22.06 -0.04
14 67.04 2.07 0.0
15 273.0 120.02 -0.03
16 156.0 83.01 0.02
17 260.98 107.06 0.01
18 312.04 26.95 -0.03
19 158.03 92.01 0.03
20 95.01 127.0 0.03
21 255.0 118.99 0.01
22 58.03 45.0 -0.01
23 290.02 43.03 0.01
24 259.94 133.01 0.0
25 68.0 42.99 0.0
26 297.02 32.0 -0.01
1 82.04 91.96 2.56
2 87.01 97.0 2.54
3 80.01 26.04 3.82
4 88.01 100.94 2.53
5 84.02 107.01 2.38
6 67.02 2.07 3.31
7 255.03 118.99 5.99
1 81.99 92.3 2.31
2 87.03 97.32 2.31
3 80.03 26.02 2.87
4 88.05 101.24 2.26
5 84.04 107.33 1.66
6 67.06 2.09 2.35
7 255.01 119.31 12.87
8 91.0 131.0 -0.63
9 159.0 104.0 0.53
10 92.0 148.0 -0.59
1 84.44 110.32 -0.7
2 89.32 115.35 -0.61
3 83.74 45.53 -2.57
4 90.28 119.17 -0.61
5 85.98 125.24 -0.97
6 70.53 21.7 -2.45
7 261.6 137.14 13.72
8 90.48 127.89 -0.83
9 159.08 102.28 0.62
10 91.59 146.16 -1.34
11 84.0 129.0 -0.63
1 83.95 108.43 -0.22
2 89.06 113.51 -0.09
3 82.63 42.15 -1.45
4 89.99 117.27 0.01
5 85.36 123.92 -0.16
6 69.1 15.35 -2.36
7 268.97 136.65 15.88
8 89.99 126.63 -0.19
9 159.47 100.42 1.66
10 90.8 145.5 -0.38
11 83.64 129.72 -0.11
1 83.77 108.9 -0.97
2 88.77 114.03 -0.99
3 81.15 40.69 -1.63
4 89.72 117.71 -0.85
5 85.07 124.54 -1.2
6 67.81 13.65 -2.93
7 277.11 138.36 16.3
8 89.69 127.34 -1.14
9 159.96 101.07 1.37
10 90.31 146.64 -0.69
11 83.39 130.46 -0.94
12 82.0 135.0 -1.17
13 163.0 107.0 0.22
1 83.76 108.17 -0.89
2 89.11 113.3 -1.31
3 81.11 38.54 -2.05
4 90.15 117.04 -1.27
5 85.26 124.22 -1.4
6 66.54 9.99 -2.67
7 286.87 138.84 17.47
8 89.88 127.02 -1.63
9 161.43 100.32 0.92
10 90.53 146.44 -1.0
11 83.6 130.09 -1.22
12 82.1 134.89 -1.36
13 163.32 106.74 0.79
14 88.0 110.0 0.08
1 82.56 110.43 -0.37
2 87.59 115.59 -0.51
3 79.36 39.29 -2.07
4 88.67 119.35 -0.87
5 83.69 126.67 -0.6
6 64.65 9.83 -3.02
7 295.29 142.43 20.74
8 88.41 129.71 -1.2
9 161.43 102.54 1.36
10 89.44 149.48 -1.28
11 82.2 132.62 -0.8
12 80.57 137.67 -0.75
13 163.29 109.0 1.36
14 87.78 110.29 -0.31
15 76.0 126.0 -1.47
16 40.0 53.0 -3.84
17 77.0 117.0 -0.87
18 52.0 58.0 -2.86
19 65.0 14.0 -2.21
20 265.0 143.0 6.68
21 90.0 49.0 -0.35
1 83.24 112.32 -1.69
2 88.4 117.4 -2.04
3 79.18 39.54 -3.73
4 89.46 121.2 -2.17
5 84.49 128.76 -2.29
6 63.86 9.56 -4.52
7 307.28 145.1 22.27
8 88.71 131.75 -2.38
9 163.0 104.24 0.23
10 89.83 152.11 -2.71
11 83.0 134.69 -2.43
12 81.43 139.84 -2.38
13 164.82 110.72 0.1
14 88.62 112.1 -1.92
15 76.44 126.37 -3.35
16 39.96 53.04 -7.94
17 77.58 117.36 -2.21
18 51.94 57.98 -6.1
19 64.99 13.82 -4.45
20 266.96 143.25 12.75
21 90.41 49.13 -1.83
22 82.0 144.0 -0.96
23 76.0 108.0 -1.44
24 231.0 134.0 3.5
25 62.0 57.0 -2.6
26 73.0 141.0 -0.78
1 82.03 111.29 -1.31
2 86.75 116.53 -1.38
3 76.58 36.43 -3.33
4 87.57 120.4 -1.25
5 82.8 128.11 -1.26
6 60.87 5.33 -3.83
7 86.86 131.12 -1.26
8 162.82 103.48 0.83
9 87.92 151.6 -1.6
10 81.22 134.04 -1.07
11 79.62 139.26 -1.03
12 164.68 110.1 1.08
13 87.24 111.12 -1.5
14 74.29 125.61 -2.43
15 35.17 49.4 -8.02
16 75.92 116.39 -1.49
17 47.85 54.66 -5.93
18 62.0 9.55 -3.91
19 273.28 143.51 15.97
20 89.11 47.24 -1.82
21 81.79 143.88 -1.29
22 75.6 107.85 -2.27
23 231.63 133.85 6.84
24 61.38 56.61 -5.03
25 72.86 140.89 -1.38
26 73.0 134.0 -0.64
27 73.0 145.0 -1.19
1 81.21 110.21 -1.55
2 85.89 115.42 -1.94
3 74.71 32.98 -4.41
4 86.79 119.3 -1.82
5 81.77 127.33 -1.53
6 85.91 130.32 -1.7
7 163.13 102.58 0.81
8 86.55 151.34 -1.64
9 80.27 133.32 -1.52
10 78.64 138.55 -1.37
11 164.89 109.28 1.16
12 86.35 109.93 -1.86
13 72.72 124.88 -2.85
14 30.84 45.43 -9.01
15 74.87 115.55 -1.7
16 44.58 51.25 -7.1
17 281.33 143.72 17.45
18 88.17 44.75 -2.32
19 80.57 143.22 -1.26
20 74.32 106.93 -2.67
21 234.97 133.59 6.99
22 58.68 53.46 -5.94
23 71.74 140.36 -1.81
24 72.59 133.56 -1.74
25 72.51 144.54 -2.77
26 69.0 115.0 -1.44
27 248.0 90.0 4.58
1 80.36 106.83 -0.57
2 84.86 112.23 -1.2
3 72.6 26.97 -3.17
4 85.9 115.99 -1.16
5 81.26 124.09 -1.15
6 85.3 127.0 -1.3
7 163.79 99.45 1.55
8 86.1 148.6 -1.56
9 79.8 130.12 -1.14
10 78.38 135.51 -1.17
11 165.87 106.11 1.24
12 85.35 106.52 -0.9
13 71.55 121.69 -2.25
14 26.11 38.8 -8.51
15 74.13 112.41 -0.89
16 40.88 45.12 -6.26
17 291.02 140.91 19.93
18 86.62 39.38 -1.23
19 80.31 140.28 -1.17
20 73.05 103.76 -1.95
21 239.21 130.28 8.14
22 55.56 47.63 -5.01
23 71.18 137.3 -1.46
24 72.08 130.43 -1.25
25 71.45 141.56 -2.56
26 68.71 114.08 -1.56
27 249.03 88.4 9.77
28 67.0 108.0 -0.67
29 256.0 100.0 6.29
1 79.54 106.33 -1.37
2 83.66 111.85 -1.95
3 69.77 23.34 -3.66
4 84.65 115.66 -1.73
5 80.06 124.02 -1.92
6 83.89 126.88 -1.98
7 163.97 99.36 1.29
8 84.68 149.01 -2.47
9 78.64 130.1 -1.94
10 77.18 135.55 -1.75
11 166.19 106.02 0.8
12 84.31 106.08 -1.78
13 69.57 121.63 -2.79
14 20.64 34.86 -9.06
15 72.92 112.07 -1.17
16 36.76 41.78 -6.91
17 85.6 37.59 -2.04
18 79.19 140.38 -2.25
19 71.46 103.34 -2.86
20 242.93 130.56 8.32
21 52.38 44.9 -5.85
22 69.76 137.35 -1.85
23 70.74 130.44 -1.88
24 69.46 141.67 -3.62
25 67.34 113.77 -2.74
26 253.6 86.58 10.03
27 66.69 107.62 -3.26
28 256.92 99.27 10.5
29 83.0 98.0 -2.04
30 139.0 97.0 -0.53
31 253.0 95.0 4.22
32 273.0 150.0 6.74
1 79.4 106.35 -2.15
2 83.29 112.06 -2.66
3 68.78 21.54 -4.28
4 84.3 115.86 -2.37
5 79.55 124.49 -2.56
6 83.45 127.3 -2.67
7 165.31 99.44 0.35
8 84.04 150.13 -3.14
9 78.22 130.52 -2.55
10 76.73 136.17 -2.35
11 167.11 106.27 0.2
12 83.88 106.14 -2.4
13 68.59 122.09 -3.14
14 16.28 31.73 -10.01
15 72.85 112.26 -1.72
16 33.72 39.48 -7.84
17 85.14 36.41 -2.73
18 78.55 141.14 -2.76
19 70.29 103.51 -2.63
20 247.8 131.03 8.82
21 49.75 42.64 -6.2
22 69.36 137.87 -2.24
23 70.43 130.82 -2.38
24 67.92 142.47 -4.33
25 66.44 114.12 -3.4
26 259.57 84.86 10.5
27 65.45 107.94 -4.03
28 263.18 98.29 10.75
29 82.46 98.18 -2.76
30 138.64 97.37 0.3
31 253.46 95.18 9.44
32 274.21 150.49 13.94
33 234.0 135.0 3.48
1 78.23 107.33 -1.82
2 81.69 113.31 -2.13
3 65.88 19.51 -4.03
4 82.97 116.97 -2.28
5 78.19 125.82 -2.39
6 81.99 128.71 -2.42
7 165.48 100.45 0.96
8 82.2 152.5 -2.62
9 76.75 131.89 -2.23
10 75.45 137.78 -2.19
11 167.15 107.4 0.92
12 82.52 107.15 -2.07
13 66.87 123.43 -2.5
14 71.92 113.33 -1.26
15 29.13 37.47 -8.38
16 83.35 35.74 -2.07
17 77.0 142.98 -2.35
18 68.55 104.54 -1.31
19 252.8 132.71 9.81
20 46.05 41.22 -6.3
21 68.09 139.72 -1.82
22 69.0 132.29 -2.05
23 65.72 144.36 -4.53
24 64.59 115.36 -3.06
25 265.04 83.84 12.44
26 63.32 109.11 -4.02
27 268.41 97.7 13.45
28 80.95 99.05 -2.47
29 138.86 98.54 0.59
30 258.51 94.9 10.91
31 281.6 153.61 15.9
32 235.22 135.39 6.36
33 60.0 103.0 -3.24
34 72.0 108.0 -0.48
35 63.0 131.0 -1.47
36 264.0 148.0 6.84
1 77.52 107.1 -2.53
2 80.83 113.24 -2.97
3 64.22 16.95 -5.97
4 82.15 116.82 -3.3
5 77.27 126.04 -3.1
6 80.99 128.9 -3.14
7 166.25 100.45 0.46
8 81.22 153.17 -3.31
9 75.87 132.14 -2.65
10 74.55 138.19 -2.57
11 167.86 107.47 0.63
12 81.68 106.87 -2.87
13 65.68 123.46 -2.91
14 71.46 113.16 -1.85
15 25.18 34.4 -9.94
16 82.42 33.92 -3.65
17 76.11 143.47 -2.83
18 68.08 104.44 -1.85
19 258.29 133.15 10.98
20 42.98 38.5 -8.26
21 67.34 140.07 -2.03
22 68.3 132.43 -2.77
23 63.61 144.69 -5.7
24 63.16 115.25 -3.5
25 271.86 81.63 13.7
26 61.47 109.0 -5.53
27 275.63 96.32 14.75
28 79.8 98.48 -3.46
29 139.41 98.74 0.1
30 264.72 93.46 12.0
31 290.51 155.5 17.56
32 238.67 135.78 7.09
33 59.89 102.93 -6.69
34 72.36 107.92 -1.81
35 63.26 130.87 -3.33
36 265.7 148.1 12.09
37 229.0 133.0 2.8
1 75.8 106.46 -2.18
2 78.95 112.86 -2.65
3 60.88 12.94 -6.18
4 80.04 116.66 -2.82
5 75.2 125.77 -2.81
6 78.92 128.61 -2.81
7 166.22 100.17 0.83
8 78.64 153.61 -2.43
9 73.81 131.87 -2.45
10 72.55 138.08 -2.29
11 167.83 107.27 0.91
12 79.78 106.25 -2.35
13 63.45 123.18 -2.22
14 70.15 112.55 -1.78
15 19.62 30.41 -10.72
16 80.56 31.59 -3.35
17 73.86 143.65 -2.39
18 66.72 103.78 -1.72
19 263.64 133.25 12.5
20 38.12 34.62 -8.4
21 65.66 139.94 -1.75
22 66.18 132.18 -2.3
23 60.32 144.71 -4.2
24 60.76 114.72 -2.38
25 278.65 78.59 15.66
26 58.53 108.37 -6.05
27 282.94 94.35 17.04
28 77.84 97.61 -3.17
29 139.21 98.29 0.47
30 270.45 90.96 14.04
31 299.45 157.1 20.68
32 241.98 136.21 8.11
33 56.18 102.37 -6.68
34 71.0 107.29 -1.7
35 60.75 130.62 -2.53
36 271.75 148.85 14.08
37 229.31 132.84 5.95
38 53.0 114.0 -3.36
39 223.0 131.0 2.19
1 74.55 105.26 -2.53
2 77.41 111.98 -3.01
3 57.66 8.27 -6.29
4 78.42 115.71 -3.28
5 73.58 124.97 -3.15
6 77.35 127.74 -3.26
7 166.6 99.02 0.69
8 77.36 153.26 -3.39
9 72.53 131.13 -3.06
10 71.4 137.44 -2.87
11 168.41 106.17 0.61
12 78.42 104.85 -2.75
13 62.24 122.15 -2.82
14 69.06 111.47 -1.75
15 13.78 25.59 -10.73
16 78.65 28.39 -3.79
17 72.55 142.81 -3.14
18 65.55 102.7 -1.64
19 270.11 132.37 13.73
20 33.55 30.27 -8.75
21 64.74 139.28 -2.16
22 64.79 131.29 -2.59
23 57.04 143.9 -2.46
24 59.23 113.58 -1.9
25 286.86 74.31 17.19
26 55.44 107.18 -6.01
27 291.89 90.98 18.4
28 76.15 96.02 -3.58
29 139.37 97.11 0.45
30 278.0 87.63 14.7
31 246.2 135.52 8.4
32 70.01 106.18 -2.04
33 59.34 129.63 -2.89
34 279.34 148.88 15.25
35 232.0 131.88 6.56
36 52.38 113.59 -5.75
37 223.22 130.88 4.46
38 47.0 121.0 -2.62
1 73.62 104.64 -2.83
2 76.21 111.75 -3.36
3 77.07 115.67 -3.55
4 72.32 124.86 -3.51
5 75.98 127.64 -3.49
6 167.21 98.44 1.08
7 75.91 153.99 -3.47
8 71.27 131.07 -3.34
9 70.05 137.51 -2.89
10 168.92 105.54 1.18
11 77.41 104.31 -3.01
12 61.08 121.93 -2.9
13 68.41 110.89 -1.85
14 76.92 25.12 -3.04
15 71.3 143.07 -3.52
16 65.04 102.07 -1.52
17 277.7 132.3 15.43
18 29.11 25.92 -8.73
19 63.88 139.39 -2.49
20 63.78 131.19 -2.79
21 55.98 144.15 -2.15
22 58.42 113.18 -1.49
23 296.4 70.21 19.42
24 52.37 106.55 -3.28
25 74.57 95.43 -3.4
26 139.95 96.22 0.78
27 286.4 84.5 16.78
28 251.04 135.51 9.59
29 69.33 105.5 -2.16
30 58.05 129.54 -2.79
31 287.76 150.26 17.05
32 235.77 131.65 7.11
33 49.43 113.09 -3.86
34 226.02 130.67 5.11
35 46.9 121.43 -4.02
36 62.0 109.0 -0.44
37 260.0 86.0 6.61
38 288.0 130.0 9.41
39 269.0 121.0 7.45
1 71.89 103.87 -3.32
2 74.25 111.42 -3.81
3 74.95 115.58 -3.88
4 70.34 124.48 -3.88
5 73.92 127.49 -3.98
6 167.52 97.74 0.84
7 73.78 154.28 -4.23
8 69.35 130.64 -3.87
9 68.42 137.33 -3.84
10 169.57 104.99 0.47
11 75.57 103.3 -3.47
12 59.33 121.41 -3.51
13 67.29 109.99 -2.75
14 74.82 21.88 -3.76
15 69.26 143.02 -3.99
16 63.93 101.21 -1.79
17 285.81 132.05 16.87
18 24.05 21.12 -9.64
19 62.45 139.16 -3.29
20 62.06 130.67 -3.42
21 54.49 143.86 -3.11
22 57.37 112.43 -1.99
23 49.43 105.67 -2.1
24 72.51 94.64 -4.03
25 140.11 95.55 0.53
26 294.86 81.19 18.48
27 256.07 135.42 9.86
28 67.89 104.58 -2.83
29 56.31 129.01 -3.28
30 296.5 151.6 19.01
31 239.38 131.34 7.67
32 46.47 112.3 -2.65
33 228.63 130.34 5.04
34 44.19 120.91 -3.8
35 61.98 108.7 -1.96
36 261.36 85.18 11.12
37 290.01 129.78 17.28
38 270.48 120.59 13.22
39 37.0 115.0 -2.67
40 40.0 97.0 -3.96
1 70.02 103.79 -2.68
2 72.07 112.23 -3.01
3 72.73 116.31 -3.21
4 68.11 124.66 -2.87
5 71.7 127.6 -3.1
6 167.91 97.82 1.65
7 71.34 155.25 -3.07
8 67.14 130.82 -2.92
9 66.18 137.42 -2.79
10 169.91 105.13 1.12
11 73.53 103.18 -2.9
12 57.21 121.56 -2.24
13 65.78 109.86 -2.17
14 73.07 19.29 -3.45
15 66.87 143.28 -2.79
16 62.91 100.97 -1.9
17 294.72 132.57 20.56
18 18.7 16.84 -9.54
19 60.46 139.39 -2.32
20 60.2 130.86 -2.52
21 52.91 144.32 -2.39
22 56.28 112.36 -1.34
23 48.34 105.55 -1.46
24 70.29 94.43 -3.44
25 140.3 95.53 1.32
26 261.17 136.27 12.3
27 66.36 104.42 -2.46
28 54.22 129.24 -1.91
29 243.04 131.67 9.61
30 44.85 112.26 -1.4
31 231.26 130.57 6.9
32 41.89 120.91 -2.21
33 60.94 108.51 -1.41
34 267.41 83.41 13.18
35 299.19 130.48 21.25
36 277.57 120.74 15.84
37 36.28 114.8 -2.83
38 38.8 96.58 -4.8
39 38.0 100.0 -0.81
1 67.85 103.41 -2.47
2 69.63 112.54 -2.79
3 70.22 116.38 -2.81
4 65.61 124.53 -2.35
5 69.24 127.52 -2.8
6 168.3 97.5 2.07
7 68.88 156.11 -3.38
8 64.68 130.68 -2.53
9 63.8 137.55 -2.51
10 169.98 104.86 1.97
11 71.39 102.56 -3.0
12 55.28 121.3 -2.2
13 63.87 109.54 -1.94
14 70.68 16.25 -2.32
15 64.45 143.73 -2.77
16 61.4 100.55 -2.55
17 12.98 11.79 -8.68
18 58.49 139.67 -2.15
19 58.14 130.66 -2.21
20 50.88 144.87 -2.16
21 54.72 111.88 -0.85
22 46.84 105.13 -1.48
23 67.75 93.84 -2.98
24 140.58 95.26 1.54
25 267.05 136.69 13.53
26 64.39 104.0 -2.29
27 52.49 128.91 -1.95
28 247.35 132.13 10.63
29 43.44 111.8 -1.57
30 234.08 130.64 7.79
31 39.65 120.69 -1.03
32 59.46 108.11 -1.04
33 273.57 81.0 15.03
34 285.05 120.6 17.81
35 33.69 114.48 -1.74
36 35.32 95.33 -4.68
37 37.51 99.52 -2.01
38 51.0 105.0 -1.16
1 67.43 103.34 -4.26
2 69.09 113.3 -4.3
3 69.56 116.9 -4.78
4 65.31 124.74 -4.55
5 68.62 127.73 -4.74
6 170.26 97.32 0.61
7 68.11 157.5 -5.02
8 64.27 130.93 -4.68
9 63.44 138.11 -4.76
10 171.79 104.8 0.78
11 70.65 102.61 -5.04
12 55.11 121.45 -4.06
13 63.78 109.46 -3.56
14 69.95 13.17 -3.45
15 64.06 144.5 -4.76
16 61.11 100.3 -4.65
17 8.81 6.94 -10.4
18 58.21 140.38 -4.0
19 57.85 130.91 -4.14
20 50.65 145.73 -3.2
21 55.4 111.71 -2.31
22 47.26 104.83 -2.61
23 66.94 93.6 -5.2
24 142.12 95.12 0.38
25 275.41 137.76 12.85
26 64.07 103.73 -4.19
27 52.44 129.16 -3.92
28 254.1 132.74 9.21
29 43.69 111.74 -2.57
30 239.35 131.19 6.37
31 40.16 120.72 -3.03
32 59.86 107.8 -2.75
33 282.66 78.3 14.44
34 295.71 120.43 17.44
35 33.68 114.44 -2.88
36 34.0 94.43 -5.74
37 37.45 99.12 -2.66
38 51.6 105.49 -2.3
39 27.0 83.0 -5.7
40 29.0 110.0 -2.39
41 25.0 151.0 -6.18
1 64.77 105.13 -4.19
2 66.24 115.85 -3.82
3 66.6 118.74 -4.79
4 62.51 126.3 -4.74
5 65.72 129.39 -4.9
6 170.39 99.04 0.65
7 65.13 160.21 -5.52
8 61.45 132.45 -4.81
9 60.52 139.78 -4.76
10 171.96 106.5 0.78
11 67.68 104.73 -4.64
12 52.48 122.87 -3.81
13 61.47 111.12 -3.52
14 67.59 11.24 -4.3
15 61.09 146.38 -4.92
16 58.33 101.76 -4.41
17 55.74 142.24 -4.19
18 55.43 132.48 -4.06
19 48.34 147.56 -3.09
20 53.63 113.11 -2.06
21 45.25 106.27 -2.45
22 64.06 95.08 -5.48
23 142.04 96.74 0.44
24 281.95 140.89 14.19
25 61.52 105.37 -4.15
26 50.18 130.58 -4.05
27 258.88 135.19 10.25
28 41.63 113.2 -2.33
29 242.52 133.44 6.72
30 38.3 122.11 -3.02
31 58.12 109.33 -2.95
32 290.18 78.06 15.51
33 31.53 115.69 -2.74
34 29.7 94.79 -3.67
35 35.48 100.13 -2.65
36 49.69 106.84 -2.17
37 25.37 82.86 -11.79
38 28.46 110.28 -4.17
39 23.76 151.48 -12.22
40 36.0 110.0 -1.84
1 62.54 105.62 -5.49
2 64.28 116.77 -5.16
3 64.26 119.54 -6.04
4 60.15 127.26 -5.92
5 63.34 130.32 -6.21
6 170.68 99.8 0.33
7 62.46 162.35 -6.77
8 59.06 133.42 -5.88
9 58.23 140.95 -5.9
10 172.36 107.35 0.32
11 65.01 105.71 -5.52
12 50.19 123.77 -4.39
13 59.61 111.77 -4.86
14 65.56 9.64 -5.07
15 58.5 147.78 -6.05
16 55.87 102.25 -5.36
17 53.5 143.58 -5.33
18 53.28 133.48 -5.17
19 47.13 148.81 -4.36
20 52.54 113.71 -3.69
21 44.02 106.75 -3.52
22 60.96 96.0 -6.34
23 142.25 97.39 0.0
24 289.63 142.84 14.82
25 59.32 105.79 -5.51
26 47.77 131.57 -4.69
27 264.47 136.59 10.38
28 40.44 113.8 -3.58
29 246.25 134.63 6.73
30 36.4 122.81 -3.85
31 56.55 109.78 -4.27
32 298.47 76.2 16.78
33 30.04 116.42 -3.91
34 27.12 94.94 -3.89
35 34.16 100.55 -3.67
36 48.59 107.28 -3.06
37 19.48 82.04 -13.77
38 25.37 111.05 -4.11
39 35.37 109.84 -3.67
40 12.0 113.0 -4.88
41 19.0 113.0 -3.16
42 42.0 122.0 -2.27
43 286.0 80.0 7.48
44 290.0 139.0 8.19
45 265.0 98.0 5.12
46 265.0 133.0 5.42
1 59.41 106.81 -6.41
2 61.55 118.1 -6.36
3 60.93 121.07 -6.6
4 56.89 129.01 -6.22
5 59.89 132.04 -6.47
6 170.85 100.87 0.39
7 58.7 165.68 -7.04
8 55.7 135.23 -6.04
9 54.74 142.78 -5.82
10 172.45 108.48 0.51
11 61.81 106.87 -6.38
12 47.89 125.49 -4.46
13 57.07 113.01 -5.94
14 55.16 149.84 -6.24
15 52.59 103.52 -5.71
16 50.48 145.75 -5.39
17 50.39 135.3 -5.65
18 44.32 151.02 -3.74
19 50.81 115.01 -5.36
20 41.58 108.24 -3.25
21 57.12 97.24 -6.59
22 142.24 98.47 -0.06
23 297.39 145.42 16.41
24 56.19 107.03 -6.01
25 45.16 133.41 -5.16
26 269.93 138.47 11.69
27 38.12 115.41 -3.38
28 249.78 136.5 7.4
29 34.42 124.44 -3.9
30 54.25 111.07 -5.51
31 27.73 117.8 -3.57
32 25.26 96.12 -4.1
33 31.51 101.51 -3.45
34 46.58 108.55 -3.01
35 23.45 112.29 -4.23
36 32.79 111.31 -3.34
37 10.46 113.31 -6.19
38 18.15 113.34 -4.34
39 41.2 122.53 -3.23
40 287.22 80.17 14.71
41 291.28 139.96 16.19
42 265.56 98.33 10.92
43 265.72 133.67 10.71
44 34.0 131.0 -2.3
45 41.0 114.0 -1.96
46 24.0 89.0 -1.71
47 257.0 139.0 5.08
48 267.0 104.0 6.31
1 56.08 107.15 -7.88
2 58.52 118.65 -8.18
3 57.56 121.67 -8.09
4 53.47 129.62 -7.4
5 56.32 132.54 -7.63
6 170.98 101.63 -0.1
7 54.74 167.5 -8.38
8 52.34 135.8 -7.26
9 51.37 143.55 -7.09
10 172.62 109.32 -0.06
11 58.51 107.17 -8.19
12 45.08 126.06 -5.33
13 54.2 113.26 -7.54
14 51.62 150.73 -7.45
15 49.41 103.87 -7.15
16 47.45 146.56 -6.78
17 47.31 135.85 -6.97
18 42.13 151.85 -5.53
19 48.35 115.31 -7.23
20 40.13 108.49 -4.57
21 53.25 98.19 -8.31
22 142.16 99.18 -0.72
23 305.96 147.53 18.39
24 52.94 107.37 -7.38
25 42.3 133.99 -6.34
26 276.15 140.15 12.09
27 36.45 115.66 -4.47
28 253.57 137.76 7.5
29 32.05 124.7 -4.62
30 51.63 111.41 -7.13
31 25.83 118.22 -4.44
32 23.03 96.16 -5.24
33 30.14 101.73 -4.6
34 45.11 108.89 -5.52
35 21.11 112.56 -5.37
36 31.35 111.61 -4.67
37 6.07 113.63 -5.26
38 15.74 113.5 -5.37
39 39.21 122.82 -4.05
40 295.13 78.57 15.14
41 299.72 141.99 17.79
42 271.35 98.18 10.79
43 271.36 135.29 11.03
44 33.47 130.94 -5.31
45 40.65 113.98 -4.43
46 24.01 89.07 -4.38
47 257.71 139.32 8.83
48 268.19 103.95 10.63
49 5.0 84.0 -3.06
50 36.0 127.0 -3.42
51 273.0 128.0 5.55
52 278.0 145.0 6.29
1 51.97 106.86 -8.11
2 54.54 118.63 -9.07
3 53.67 121.57 -9.03
4 49.82 130.11 -8.52
5 52.55 133.06 -8.64
6 171.17 101.53 0.0
7 50.47 169.72 -9.2
8 48.8 136.33 -8.46
9 47.99 144.3 -8.41
10 172.92 109.31 -0.09
11 54.42 106.87 -8.58
12 42.62 126.42 -6.31
13 50.53 113.18 -7.89
14 47.91 151.64 -8.68
15 45.79 103.73 -7.67
16 44.24 147.42 -8.21
17 43.95 136.36 -8.23
18 39.58 152.75 -7.15
19 44.77 115.19 -7.65
20 37.55 108.47 -4.04
21 49.15 97.93 -8.64
22 142.08 99.24 -0.71
23 49.3 107.23 -7.9
24 39.31 134.4 -6.89
25 282.75 141.09 13.68
26 33.93 115.69 -4.16
27 257.92 138.57 8.29
28 29.82 124.81 -4.99
29 48.15 111.24 -7.55
30 23.39 118.24 -4.21
31 20.33 95.61 -4.81
32 27.53 101.33 -4.1
33 43.11 108.69 -7.46
34 18.44 112.57 -5.14
35 28.65 111.61 -4.14
36 3.58 113.46 -5.42
37 13.11 113.45 -5.31
38 37.37 123.03 -4.34
39 277.53 96.76 12.12
40 277.57 136.07 12.05
41 31.02 131.19 -5.79
42 38.33 113.99 -4.43
43 22.03 88.53 -4.2
44 262.83 140.15 9.48
45 274.37 102.54 11.83
46 4.49 84.06 -5.09
47 35.35 127.24 -5.67
48 273.91 128.39 11.63
49 279.22 145.48 12.78
50 276.0 95.0 7.28
51 248.0 128.0 4.11
52 254.0 138.0 4.44
1 47.74 107.38 -9.28
2 49.7 118.94 -9.87
3 48.87 121.89 -9.64
4 45.49 130.94 -9.41
5 48.19 133.94 -9.78
6 171.2 102.14 -0.13
7 45.67 172.3 -10.1
8 44.49 137.21 -9.48
9 43.68 145.4 -9.12
10 172.89 110.01 -0.13
11 49.8 107.27 -9.48
12 39.49 127.28 -7.14
13 46.2 113.44 -8.72
14 43.53 152.91 -9.88
15 41.92 104.3 -9.22
16 40.24 148.51 -9.4
17 39.76 137.24 -9.16
18 36.49 153.94 -9.41
19 40.63 115.49 -8.26
20 35.53 108.91 -5.96
21 141.6 99.89 -0.48
22 45.18 107.68 -8.96
23 35.62 135.32 -7.66
24 290.04 142.63 15.14
25 31.93 116.38 -4.86
26 262.45 139.83 9.09
27 27.36 125.52 -5.26
28 44.08 111.59 -8.54
29 21.36 118.75 -5.05
30 17.65 95.85 -5.44
31 25.51 101.7 -5.32
32 39.22 109.15 -8.4
33 15.62 113.09 -5.93
34 26.64 112.21 -5.18
35 10.23 113.94 -6.19
36 35.13 123.64 -5.36
37 283.91 95.79 13.69
38 283.97 137.35 13.42
39 27.97 131.9 -6.33
40 36.2 114.46 -6.26
41 19.59 88.57 -4.16
42 267.93 141.55 10.38
43 280.54 101.86 13.33
44 32.44 127.97 -5.82
45 280.2 129.28 12.86
46 286.18 147.22 14.02
47 277.76 94.35 13.03
48 249.19 128.12 7.1
49 255.22 138.27 7.9
50 298.0 83.0 8.75
51 271.0 92.0 5.73
52 289.0 125.0 7.69
1 44.35 118.46 -8.47
2 43.51 121.36 -8.64
3 40.27 130.98 -8.47
4 42.98 134.16 -9.64
5 171.15 101.93 0.52
6 40.13 173.96 -9.79
7 39.45 137.22 -9.4
8 38.92 145.9 -9.36
9 172.85 109.77 0.7
10 35.5 127.32 -6.48
11 41.66 112.66 -8.29
12 38.13 153.38 -9.67
13 35.22 148.94 -9.44
14 34.9 137.26 -9.05
15 31.24 154.33 -9.36
16 36.3 114.97 -7.35
17 32.84 108.45 -6.24
18 141.34 99.52 -0.47
19 31.7 135.35 -7.78
20 297.97 143.37 18.53
21 29.35 116.06 -4.58
22 267.43 140.32 10.79
23 24.5 125.38 -4.53
24 39.71 110.99 -8.49
25 18.63 118.48 -4.34
26 14.68 95.14 -4.72
27 22.71 101.08 -4.27
28 34.8 108.51 -7.12
29 12.56 112.75 -4.97
30 23.94 111.82 -4.38
31 7.06 113.54 -5.16
32 32.4 123.46 -5.47
33 291.24 93.83 15.88
34 291.23 137.64 15.51
35 24.79 131.8 -5.89
36 33.27 113.97 -6.0
37 17.09 87.82 -3.84
38 273.66 142.09 11.96
39 287.62 99.91 15.29
40 29.41 127.86 -5.76
41 287.17 129.32 14.69
42 293.66 148.07 16.16
43 284.65 92.48 14.93
44 253.16 127.87 8.26
45 259.58 138.46 9.11
46 299.73 82.07 17.93
47 272.11 91.38 11.84
48 290.64 124.49 14.97
49 18.0 95.0 -1.81
50 301.0 87.0 9.8
51 295.0 103.0 9.18
52 290.0 139.0 8.84
1 38.65 116.52 -10.32
2 37.93 120.04 -10.06
3 34.8 130.82 -9.38
4 37.08 134.07 -10.43
5 170.89 101.79 0.22
6 34.26 175.87 -11.04
7 33.69 137.04 -10.43
8 33.24 145.74 -10.82
9 172.46 109.7 0.32
10 31.32 127.03 -8.27
11 36.2 112.2 -10.44
12 32.36 153.6 -11.2
13 29.55 149.32 -10.96
14 29.38 137.05 -9.79
15 25.59 154.62 -10.84
16 31.24 114.24 -7.8
17 28.58 107.86 -7.54
18 140.71 99.5 -1.03
19 26.82 135.25 -8.39
20 26.22 115.56 -6.85
21 272.47 141.22 11.3
22 21.39 124.82 -5.72
23 34.22 110.32 -9.86
24 15.44 117.95 -4.92
25 11.46 94.07 -5.21
26 19.62 100.09 -4.95
27 29.64 108.08 -7.51
28 9.09 112.15 -5.49
29 20.71 111.32 -5.1
30 3.45 113.0 -5.69
31 28.91 122.82 -7.68
32 298.96 92.07 17.36
33 298.83 138.59 16.95
34 20.8 131.5 -6.76
35 29.0 113.31 -7.31
36 14.57 86.8 -4.32
37 279.23 143.11 12.55
38 295.14 98.33 16.36
39 25.63 127.5 -7.19
40 294.35 129.95 16.02
41 301.64 149.59 17.19
42 291.84 90.73 15.99
43 256.85 128.17 8.59
44 263.84 139.01 9.84
45 277.88 89.58 12.7
46 297.91 125.09 16.57
47 17.44 94.73 -4.8
48 302.44 86.72 18.3
49 296.31 102.71 16.6
50 291.43 138.99 15.61
51 309.0 143.0 9.77
52 315.0 153.0 9.64
53 272.0 95.0 5.17
54 297.0 109.0 7.78
1 33.15 120.11 -12.81
2 30.09 131.14 -12.12
3 31.6 134.21 -12.34
4 171.32 101.49 0.85
5 28.16 178.17 -12.29
6 28.37 137.14 -12.13
7 27.89 146.56 -12.97
8 173.06 109.55 0.87
9 27.51 127.13 -11.65
10 31.68 111.23 -11.47
11 26.33 153.99 -12.59
12 23.85 149.98 -12.51
13 24.34 137.23 -10.92
14 19.65 155.31 -11.89
15 27.71 113.81 -10.2
16 25.4 107.21 -9.31
17 140.57 99.11 -0.69
18 22.48 135.47 -9.88
19 23.57 115.34 -9.97
20 278.87 141.96 14.89
21 18.96 124.78 -8.88
22 29.58 109.43 -10.46
23 8.5 93.3 -4.57
24 17.54 99.54 -8.03
25 26.46 107.34 -9.33
26 18.67 111.12 -8.19
27 0.22 112.59 -5.52
28 25.63 122.76 -11.21
29 17.45 131.64 -8.67
30 26.01 112.78 -9.87
31 12.41 86.01 -4.67
32 286.22 143.94 16.43
33 22.28 127.55 -9.76
34 261.92 128.07 10.94
35 269.5 139.56 12.74
36 285.13 87.35 16.15
37 300.05 139.6 20.01
38 272.8 95.11 13.15
1 26.88 119.6 -15.26
2 24.37 131.41 -13.71
3 25.59 134.71 -14.32
4 171.27 101.44 0.31
5 22.04 180.28 -14.59
6 22.15 137.23 -13.47
7 21.08 146.28 -14.69
8 172.98 109.48 0.46
9 21.99 127.25 -13.24
10 25.18 110.48 -13.67
11 19.86 153.98 -14.57
12 17.3 150.32 -14.43
13 18.6 137.43 -12.32
14 13.68 155.5 -14.25
15 22.88 113.49 -13.54
16 20.63 106.73 -13.24
17 139.63 99.21 -0.36
18 17.56 135.74 -11.78
19 18.73 115.14 -12.64
20 285.52 142.68 15.9
21 14.91 124.76 -11.56
22 23.91 109.06 -13.43
23 14.47 99.34 -12.87
24 21.7 106.84 -13.28
25 15.24 110.82 -12.77
26 20.24 122.71 -12.92
27 13.35 131.74 -11.24
28 21.25 112.49 -13.12
29 293.65 144.76 17.28
30 17.56 127.59 -11.8
31 266.51 127.89 11.71
32 274.88 140.09 13.14
33 292.11 85.14 17.42
34 278.47 93.6 13.95
35 14.0 94.0 -7.91
36 8.0 116.0 -7.26
1 172.08 100.41 -0.01
2 173.83 108.59 0.12
3 139.74 98.06 -0.97
4 295.27 143.05 15.99
5 304.31 145.24 16.94
6 273.87 127.07 11.02
7 283.39 140.07 12.59
8 287.44 89.9 13.32
9 12.24 93.79 -12.96
10 306.0 151.0 10.03
11 284.0 124.0 7.47
1 171.52 100.26 -0.13
2 173.44 108.42 -0.21
3 139.18 97.58 -1.61
4 303.12 143.9 19.57
5 279.12 126.91 13.6
6 289.56 140.47 15.23
7 294.13 88.09 17.09
8 285.14 123.94 14.68
1 171.74 100.58 0.85
2 173.56 108.71 0.58
3 138.37 97.8 -0.91
4 287.11 127.69 16.25
5 293.72 124.75 18.1
6 301.0 138.0 12.56
7 162.0 137.0 1.17
8 290.0 120.0 10.42
9 275.0 142.0 8.49
1 171.45 101.16 0.75
2 173.24 109.39 0.43
3 137.33 98.08 -1.04
4 294.29 128.98 18.04
5 161.99 137.68 0.48
6 291.55 120.86 17.39
7 276.02 142.73 14.1
8 189.0 136.0 -0.64
9 68.0 50.0 -4.31
10 201.0 98.0 0.37
1 172.49 100.1 0.79
2 174.04 108.39 0.57
3 137.32 96.89 -0.91
4 162.84 136.73 0.73
5 284.69 142.45 15.82
6 188.76 135.89 0.69
7 67.25 49.14 -8.14
8 201.01 97.85 1.87
9 148.0 95.0 0.88
10 268.0 80.0 7.58
11 268.0 145.0 7.54
1 172.05 99.06 1.51
2 173.66 107.39 1.07
3 135.92 95.69 -0.12
4 162.41 136.32 1.45
5 291.45 142.87 18.62
6 188.27 135.5 1.62
7 62.69 44.24 -8.53
8 201.36 96.72 2.25
9 147.78 94.92 1.25
10 268.98 79.54 13.56
11 269.03 145.02 13.17
12 167.0 106.0 0.33
13 262.0 76.0 5.4
14 275.0 138.0 6.48
15 275.0 120.0 6.29
1 173.29 97.78 1.4
2 174.61 106.28 1.07
3 136.33 94.38 -0.37
4 163.59 135.37 1.41
5 189.49 134.59 1.05
6 202.94 95.54 2.88
7 148.88 93.66 0.74
8 276.75 144.81 13.62
9 167.03 105.74 1.05
10 276.31 137.7 12.95
11 276.23 119.65 12.75
12 151.0 96.0 0.77
13 282.0 130.0 7.63
1 173.62 95.14 0.71
2 174.87 103.62 0.64
3 135.47 91.64 -0.93
4 164.01 132.97 0.77
5 189.95 132.38 0.54
6 204.17 92.68 1.87
7 149.02 90.85 0.19
8 283.58 142.74 13.31
9 167.36 103.19 0.42
10 282.72 135.47 12.74
11 282.75 116.51 12.55
12 151.03 95.3 0.37
13 283.25 129.52 12.49
14 265.0 130.0 3.74
1 174.4 96.94 0.34
2 175.6 105.47 0.04
3 135.51 93.56 -1.0
4 164.79 135.48 0.37
5 190.49 134.76 0.59
6 205.78 94.14 1.12
7 149.45 92.51 -0.03
8 291.24 145.65 14.31
9 167.85 104.88 0.19
10 290.08 137.93 13.82
11 290.01 117.43 13.79
12 151.59 96.87 0.03
13 290.53 131.88 13.83
14 265.53 130.55 9.06
15 296.0 68.0 8.37
16 45.0 30.0 -5.34
17 278.0 70.0 6.53
18 159.0 138.0 0.37
19 184.0 108.0 0.41
20 257.0 85.0 4.5
1 174.41 99.16 0.21
2 175.55 107.6 0.01
3 134.52 95.63 -0.65
4 164.79 137.89 -0.01
5 190.48 137.24 0.4
6 206.14 96.12 1.12
7 149.25 94.5 -0.14
8 298.49 149.07 15.33
9 167.8 106.98 0.01
10 296.98 140.9 15.17
11 296.62 119.08 15.42
12 151.44 98.93 -0.11
13 297.41 134.75 15.25
14 269.83 133.23 9.99
15 297.57 67.43 14.95
16 43.68 28.71 -10.67
17 279.38 69.12 11.56
18 159.0 138.07 -0.23
19 184.06 107.98 0.23
20 257.8 84.63 7.64
21 306.0 154.0 8.39
22 187.0 133.0 -0.32
23 310.0 137.0 8.8
24 149.0 140.0 -0.6
25 142.0 98.0 -0.7
26 93.0 27.0 -2.67
27 259.0 121.0 3.5
28 160.0 142.0 -0.39
29 224.0 81.0 0.9
30 201.0 94.0 0.31
31 162.0 106.0 -0.29
32 98.0 76.0 -2.52
33 201.0 138.0 0.03
34 296.0 130.0 7.69
35 257.0 140.0 3.16
1 174.84 98.75 0.01
2 175.66 107.4 0.06
3 134.54 95.26 -0.95
4 165.44 137.8 -0.14
5 191.35 137.13 0.41
6 207.27 95.91 1.05
7 149.53 94.06 -0.23
8 307.34 150.1 17.58
9 168.19 106.85 -0.11
10 305.7 141.36 17.73
11 151.75 98.42 -0.2
12 306.25 134.89 17.32
13 275.89 133.31 10.83
14 38.78 23.95 -11.87
15 286.13 66.07 12.42
16 159.44 137.95 -0.15
17 184.62 107.68 0.23
18 262.63 82.58 8.0
19 187.17 133.06 -0.0
20 149.06 140.05 -0.41
21 142.17 97.99 -0.91
22 92.96 26.6 -4.79
23 259.86 120.93 7.4
24 160.13 142.08 -0.24
25 224.44 80.8 2.96
26 201.33 93.79 0.87
27 162.2 106.16 -0.18
28 97.65 75.75 -4.23
29 201.3 137.99 0.99
30 297.87 129.98 15.51
31 257.74 140.17 6.94
32 29.0 15.0 -6.15
33 305.0 137.0 10.05
1 174.63 98.23 0.22
2 175.55 106.9 0.25
3 133.61 94.5 -0.79
4 164.74 137.5 0.34
5 190.78 136.93 1.08
6 207.33 95.35 1.67
7 149.0 93.31 0.11
8 167.77 106.31 0.21
9 151.21 97.74 0.15
10 281.04 133.18 12.3
11 31.58 17.6 -12.28
12 292.36 62.63 14.33
13 158.6 137.61 0.24
14 184.27 107.28 0.57
15 266.43 80.44 9.34
16 186.62 132.79 0.62
17 148.16 139.64 0.12
18 141.11 97.3 -0.22
19 89.15 21.42 -4.03
20 263.24 120.46 8.62
21 159.47 141.69 0.19
22 225.05 79.81 3.83
23 201.32 93.21 1.33
24 161.65 105.69 0.23
25 94.77 73.51 -4.21
26 201.05 137.94 1.43
27 305.46 129.96 17.61
28 260.72 140.46 8.31
29 27.54 13.49 -12.3
30 281.0 133.0 6.41
31 176.0 76.0 -0.11
32 263.0 115.0 4.34
33 194.0 143.0 0.07
34 230.0 41.0 2.23
35 40.0 72.0 -6.76
36 198.0 97.0 0.3
37 98.0 35.0 -2.25
1 175.2 98.56 -0.11
2 176.24 107.39 -0.35
3 133.82 94.88 -1.85
4 165.69 138.19 -0.55
5 192.12 137.69 -0.13
6 208.83 95.5 1.18
7 149.55 93.59 -0.61
8 168.54 106.79 -0.53
9 151.83 98.04 -0.58
10 288.58 134.01 12.98
11 300.49 59.51 16.31
12 159.53 138.33 -0.72
13 185.29 107.75 -0.14
14 271.89 79.24 10.76
15 187.41 133.53 -0.04
16 149.03 140.4 -0.84
17 141.45 97.66 -0.8
18 88.0 19.16 -6.95
19 268.59 120.85 9.0
20 160.34 142.44 -0.62
21 228.21 79.11 3.35
22 202.64 93.41 0.84
23 162.44 106.14 -0.58
24 93.31 72.57 -6.39
25 202.62 138.76 0.1
26 266.25 141.7 8.07
27 282.78 132.94 12.5
28 176.01 75.83 -0.06
29 264.13 114.75 8.62
30 194.37 143.04 -0.16
31 230.74 40.5 4.43
32 39.56 71.35 -15.46
33 198.36 97.07 0.27
34 97.95 34.42 -5.46
35 193.0 99.0 0.23
36 85.0 66.0 -4.13
37 156.0 98.0 -0.11
38 229.0 46.0 2.53
39 234.0 57.0 2.89
40 229.0 101.0 2.0
1 174.8 95.79 0.8
2 175.79 104.74 0.92
3 132.59 92.23 -1.07
4 164.95 135.61 0.91
5 191.8 134.99 0.98
6 209.07 92.6 1.75
7 148.99 90.74 0.29
8 167.9 104.19 0.77
9 151.23 95.26 0.37
10 294.83 131.37 15.73
11 158.67 135.75 0.84
12 184.76 105.08 0.93
13 276.86 74.2 12.42
14 187.23 130.81 0.72
15 148.09 137.81 0.65
16 140.79 94.96 -0.01
17 84.22 12.29 -6.03
18 272.7 117.75 11.45
19 159.59 139.89 0.72
20 229.37 75.58 4.84
21 202.7 90.55 1.61
22 161.77 103.51 0.74
23 89.64 67.99 -5.68
24 202.42 136.26 1.3
25 269.79 139.41 10.36
26 288.81 130.31 14.86
27 175.85 72.58 0.67
28 268.1 111.56 10.93
29 193.99 140.41 1.14
30 232.6 36.06 4.72
31 31.24 64.77 -15.39
32 198.31 94.31 1.11
33 94.82 28.63 -4.72
34 192.99 98.11 1.09
35 84.06 64.53 -6.39
36 155.84 97.12 0.52
37 229.13 45.02 3.98
38 234.41 55.6 5.21
39 229.07 99.9 3.92
1 175.43 90.05 0.29
2 176.42 99.17 0.47
3 132.07 86.26 -1.07
4 165.62 130.22 0.27
5 192.51 129.59 0.63
6 210.28 86.7 1.43
7 149.13 84.84 -0.02
8 168.38 98.69 0.28
9 151.45 89.38 0.01
10 303.77 125.5 16.43
11 159.4 130.37 0.09
12 185.48 99.51 0.33
13 284.11 64.97 11.54
14 187.78 125.47 0.4
15 148.6 132.45 -0.04
16 140.79 89.1 -0.47
17 80.37 0.04 -4.05
18 279.38 111.42 10.99
19 160.16 134.54 0.1
20 232.28 68.05 3.96
21 203.75 84.71 1.48
22 162.25 98.07 0.23
23 86.19 59.49 -5.75
24 203.27 130.93 1.07
25 275.84 134.31 10.63
26 297.33 124.51 15.14
27 176.35 65.85 0.46
28 274.53 104.8 10.0
29 194.69 134.98 0.81
30 235.69 26.67 3.7
31 22.37 53.99 -15.55
32 199.09 88.69 0.67
33 91.86 17.74 -4.58
34 193.7 92.66 0.65
35 80.13 55.49 -6.46
36 156.17 91.31 0.08
37 232.18 35.75 2.73
38 237.8 46.78 4.31
39 231.6 93.64 3.28
40 280.0 120.0 5.86
41 238.0 81.0 2.46
1 175.31 91.4 0.28
2 176.35 100.56 0.36
3 131.09 87.52 -1.07
4 165.58 131.89 0.18
5 192.64 131.12 0.65
6 210.64 87.9 1.62
7 148.93 86.18 -0.25
8 168.28 100.14 0.11
9 151.29 90.68 -0.17
10 159.14 132.1 0.06
11 185.46 100.87 0.27
12 290.01 63.25 12.7
13 187.86 126.97 0.39
14 148.31 134.21 -0.05
15 140.39 90.39 -0.84
16 284.82 112.31 12.09
17 159.93 136.35 0.13
18 234.27 67.93 3.62
19 204.07 85.55 1.51
20 162.12 99.47 0.01
21 82.83 58.87 -6.54
22 203.59 132.57 1.03
23 281.16 136.32 11.41
24 304.93 125.94 16.88
25 176.32 66.56 0.37
26 279.59 105.33 11.15
27 194.86 136.53 0.69
28 237.42 25.69 3.83
29 14.09 51.73 -16.47
30 199.26 89.97 0.6
31 89.45 15.9 -5.58
32 193.82 94.1 0.58
33 76.6 54.65 -7.63
34 155.99 92.67 -0.13
35 233.14 36.55 3.07
36 239.68 46.04 4.47
37 232.91 94.44 3.45
38 280.72 119.97 11.44
39 238.14 80.82 4.37
40 268.0 79.0 4.06
41 78.0 23.0 -4.27
42 280.0 128.0 5.69
43 238.0 60.0 2.05
44 87.0 60.0 -3.37
45 265.0 121.0 4.42
1 175.75 91.43 0.07
2 176.91 100.73 0.32
3 130.98 87.51 -1.48
4 165.9 132.32 0.26
5 193.26 131.53 0.33
6 211.96 87.7 1.28
7 149.14 86.29 -0.34
8 168.71 100.29 0.05
9 151.48 90.74 -0.21
10 159.48 132.48 -0.0
11 185.84 101.1 0.39
12 297.3 59.96 13.29
13 188.27 127.42 0.59
14 148.54 134.62 -0.06
15 140.31 90.45 -0.87
16 291.76 111.96 13.2
17 160.31 136.64 0.07
18 236.71 66.39 3.54
19 205.42 85.51 0.87
20 162.52 99.67 -0.03
21 79.74 56.81 -7.06
22 204.51 132.75 0.46
23 287.6 137.28 12.58
24 176.87 66.3 0.13
25 286.03 104.5 11.95
26 195.56 136.88 0.34
27 239.95 23.21 3.3
28 199.88 90.48 0.52
29 86.64 12.2 -6.09
30 194.46 94.34 0.38
31 72.91 51.93 -8.2
32 156.28 92.68 -0.22
33 235.34 34.34 2.88
34 242.57 43.99 4.41
35 235.29 93.94 3.23
36 287.29 120.33 12.37
37 240.92 79.98 4.74
38 268.56 78.6 8.48
39 77.54 22.32 -7.89
40 281.27 128.25 11.2
41 238.58 59.58 4.43
42 86.45 59.43 -5.81
43 265.53 121.07 9.35
44 201.0 108.0 0.44
45 301.0 111.0 8.33
1 175.72 90.87 0.34
2 176.83 100.29 0.74
3 130.03 86.98 -1.47
4 165.89 132.15 0.66
5 193.51 131.33 0.77
6 212.47 87.04 2.01
7 148.77 85.72 0.01
8 168.63 99.89 0.58
9 151.23 90.31 0.08
10 159.41 132.38 0.3
11 185.88 100.64 0.79
12 188.51 127.18 0.89
13 148.42 134.67 0.27
14 139.58 89.96 -0.67
15 298.64 110.67 15.23
16 160.26 136.58 0.48
17 238.48 64.42 4.45
18 205.8 84.61 1.37
19 162.39 99.31 0.36
20 75.72 53.94 -7.32
21 204.89 132.74 0.9
22 294.33 137.39 14.44
23 176.8 65.11 0.71
24 292.29 102.51 13.92
25 195.79 136.73 0.94
26 241.67 20.46 3.79
27 200.19 89.7 0.43
28 83.32 7.68 -6.47
29 194.63 93.74 0.52
30 68.39 48.62 -9.43
31 155.98 92.12 0.18
32 236.34 32.95 3.71
33 245.1 41.26 5.61
34 236.61 92.99 3.98
35 293.69 119.29 14.31
36 243.28 78.35 5.64
37 273.05 76.48 9.92
38 73.19 17.71 -8.76
39 287.27 127.6 12.78
40 240.74 57.1 5.08
41 83.32 57.09 -6.3
42 270.57 120.27 10.42
43 201.32 108.31 0.25
44 302.84 110.95 15.75
1 175.78 90.65 -0.41
2 177.06 100.17 -0.61
3 129.22 86.69 -2.09
4 165.99 132.1 -0.5
5 193.58 131.26 -0.11
6 213.24 86.64 0.91
7 148.65 85.4 -1.1
8 168.64 99.78 -0.65
9 151.13 89.93 -1.05
10 159.35 132.31 -0.99
11 186.13 100.51 -0.46
12 188.76 127.1 -0.28
13 148.33 134.71 -1.26
14 139.2 89.65 -1.46
15 306.51 109.57 15.13
16 160.28 136.51 -0.68
17 240.71 62.73 3.37
18 206.32 84.0 0.39
19 162.35 99.17 -0.67
20 71.87 51.45 -8.22
21 205.0 132.66 0.15
22 301.64 137.7 14.51
23 176.95 64.37 -0.26
24 299.52 100.73 13.65
25 195.88 136.64 -0.04
26 243.61 18.14 2.87
27 200.37 89.26 -0.17
28 194.8 93.54 -0.12
29 63.5 45.48 -10.25
30 155.9 91.83 -0.94
31 238.48 30.49 2.78
32 247.37 38.68 5.12
33 238.86 92.06 2.98
34 301.03 118.59 14.08
35 245.83 76.84 4.99
36 277.85 74.15 9.52
37 68.68 13.5 -9.88
38 293.65 127.83 12.46
39 243.32 55.2 4.12
40 80.06 55.03 -7.45
41 275.77 119.56 9.82
42 57.0 34.0 -5.64
43 251.0 68.0 1.95
1 176.17 88.68 -0.56
2 177.69 98.33 -0.97
3 128.39 84.75 -1.72
4 166.59 130.52 -0.99
5 194.56 129.47 -0.74
6 214.56 84.31 0.61
7 148.81 83.48 -1.1
8 169.33 97.9 -1.13
9 151.36 88.02 -1.04
10 159.77 130.76 -1.4
11 186.84 98.65 -0.87
12 189.61 125.4 -0.85
13 148.73 133.25 -1.75
14 138.9 87.77 -1.21
15 160.85 135.01 -1.26
16 243.41 58.63 3.28
17 207.28 82.08 0.07
18 162.83 97.27 -1.03
19 67.63 47.0 -6.88
20 206.26 130.84 -0.66
21 177.62 61.52 -0.21
22 197.08 134.87 -0.76
23 245.7 13.47 3.36
24 200.76 87.77 -0.35
25 195.34 91.81 -0.42
26 58.02 40.25 -8.81
27 156.23 89.9 -1.06
28 240.45 25.84 3.36
29 250.93 33.13 5.26
30 241.22 88.95 2.9
31 249.63 72.69 4.89
32 284.11 69.06 9.68
33 63.34 6.59 -7.73
34 301.66 125.42 12.78
35 246.45 50.57 4.14
36 76.24 50.91 -6.07
37 282.37 116.74 9.49
38 56.07 33.61 -8.76
39 251.63 67.64 4.97
40 311.0 125.0 8.77
1 174.83 93.05 0.75
2 175.97 102.88 0.7
3 126.55 88.77 -0.95
4 164.81 135.5 0.77
5 193.31 134.72 1.1
6 213.73 89.04 1.96
7 147.36 87.46 0.11
8 167.71 102.55 0.48
9 149.74 92.09 0.33
10 157.81 135.76 0.46
11 185.29 103.23 0.77
12 187.95 130.51 1.18
13 146.72 138.36 0.07
14 137.35 91.78 -0.35
15 158.99 139.93 0.5
16 244.11 62.12 4.45
17 206.35 86.37 1.14
18 161.34 102.07 0.41
19 62.96 48.05 -6.52
20 205.17 136.36 1.3
21 176.49 65.57 0.75
22 195.68 140.19 1.4
23 246.57 15.88 3.87
24 199.77 91.96 0.72
25 194.38 96.44 0.65
26 52.37 40.42 -8.76
27 154.58 94.38 0.32
28 241.33 28.35 3.46
29 252.63 35.49 5.54
30 241.73 93.52 4.36
31 250.98 76.53 6.0
32 287.96 72.38 11.23
33 58.18 4.92 -7.41
34 247.44 53.63 4.97
35 71.92 52.34 -5.58
36 285.97 122.15 12.1
37 50.49 33.0 -8.78
38 253.1 71.29 6.06
39 131.0 92.0 -0.87
1 176.0 94.09 -0.43
2 177.25 104.04 -0.86
3 126.78 89.83 -2.84
4 165.99 136.91 -0.69
5 194.66 136.05 -0.35
6 215.68 90.15 1.04
7 148.29 88.69 -1.15
8 168.7 103.72 -0.78
9 150.77 93.29 -1.12
10 158.88 137.15 -0.93
11 186.51 104.45 -0.63
12 189.39 131.87 -0.5
13 147.56 139.49 -0.9
14 137.75 92.94 -1.62
15 160.07 141.37 -0.77
16 247.71 61.84 4.26
17 207.8 87.83 0.57
18 162.25 103.04 -0.78
19 60.11 46.2 -10.94
20 206.54 137.68 -0.05
21 177.68 66.2 -0.5
22 197.13 141.45 -0.27
23 249.9 15.07 3.71
24 200.82 93.95 -0.16
25 195.36 98.17 -0.2
26 48.35 37.6 -13.95
27 155.6 95.5 -1.06
28 244.35 27.88 3.67
29 257.15 34.36 5.8
30 245.17 94.39 3.63
31 255.6 76.42 5.99
32 295.54 71.38 12.0
33 251.29 53.29 4.68
34 69.64 50.88 -9.82
35 293.67 123.44 11.91
36 46.44 30.02 -14.08
37 257.69 71.07 6.12
38 131.04 92.21 -2.08
39 220.0 93.0 0.98
1 175.23 98.46 -0.33
2 176.08 108.3 -0.4
3 124.76 94.37 -2.55
4 165.02 141.04 -0.38
5 193.78 140.21 0.05
6 215.51 94.42 1.26
7 147.26 92.89 -0.97
8 167.83 107.96 -0.37
9 149.71 97.5 -0.92
10 157.87 141.3 -0.64
11 185.55 108.64 -0.26
12 188.6 135.96 -0.08
13 146.63 143.95 -0.79
14 136.54 97.3 -1.54
15 159.04 145.49 -0.69
16 248.59 65.45 5.36
17 207.31 91.62 0.85
18 161.41 107.51 -0.73
19 55.15 48.95 -11.8
20 205.78 142.15 0.44
21 176.76 70.75 -0.25
22 196.43 145.64 0.01
23 250.48 18.05 4.23
24 200.19 97.88 0.01
25 194.67 102.41 -0.05
26 42.16 39.59 -15.1
27 154.59 99.67 -0.94
28 244.74 31.31 4.81
29 258.28 37.52 7.22
30 246.16 98.27 4.19
31 257.18 80.01 7.21
32 299.94 74.07 13.91
33 252.46 56.51 5.79
34 65.08 53.9 -10.4
35 298.78 127.69 13.82
36 40.15 31.67 -15.04
37 259.37 74.51 7.34
38 129.56 96.45 -1.97
39 219.75 92.63 1.46
40 177.0 87.0 -0.63
41 310.0 120.0 7.71
42 148.0 128.0 -0.92
1 175.54 93.05 -1.01
2 176.36 103.27 -0.97
3 123.74 88.94 -3.31
4 165.23 136.42 -1.07
5 194.4 135.6 -0.87
6 216.78 88.88 0.21
7 147.13 87.51 -1.31
8 167.87 102.99 -1.03
9 149.64 92.17 -1.1
10 157.9 136.7 -1.35
11 185.89 103.65 -1.03
12 188.93 131.36 -0.7
13 146.64 139.43 -1.64
14 136.05 91.76 -2.34
15 159.18 140.91 -1.48
16 252.42 56.87 3.58
17 208.42 85.9 -0.14
18 161.43 102.53 -1.18
19 48.29 38.17 -11.31
20 206.59 137.66 -0.66
21 177.17 64.06 -0.96
22 196.98 141.11 -0.85
23 253.81 8.07 2.57
24 200.67 92.81 -0.63
25 195.2 97.34 -0.69
26 33.46 27.45 -14.01
27 154.51 94.18 -1.12
28 248.26 21.25 3.12
29 263.57 26.78 5.08
30 249.12 92.3 3.12
31 262.26 71.78 5.21
32 256.48 47.34 4.2
33 59.23 43.94 -10.05
34 307.09 122.12 13.44
35 31.3 18.75 -13.82
36 264.49 66.04 5.48
37 128.82 91.01 -2.31
38 221.03 87.15 0.44
39 176.98 88.05 -0.95
40 148.03 128.52 -1.58
41 257.0 73.0 2.42
42 106.0 92.0 -1.83
1 175.15 95.18 -1.01
2 175.76 105.55 -0.86
3 122.25 91.08 -3.6
4 164.74 139.14 -1.47
5 194.16 138.31 -0.89
6 217.23 90.86 -0.01
7 146.47 89.51 -1.52
8 167.64 105.28 -1.44
9 149.04 94.2 -1.37
10 157.41 139.4 -1.53
11 185.51 105.82 -1.02
12 188.63 134.01 -0.72
13 145.95 142.25 -1.48
14 135.18 93.92 -2.48
15 158.51 143.64 -1.27
16 254.73 57.2 3.87
17 208.6 87.51 -0.23
18 160.94 104.75 -1.28
19 42.38 36.26 -13.28
20 206.53 140.39 -0.77
21 176.74 65.41 -0.86
22 196.77 143.68 -1.0
23 255.47 8.26 2.49
24 200.57 94.8 -0.6
25 194.96 99.4 -0.49
26 26.04 24.45 -16.47
27 153.87 96.39 -1.33
28 250.4 20.62 3.04
29 266.7 25.85 5.77
30 251.13 94.2 3.3
31 265.44 72.33 5.75
32 259.28 47.11 4.27
33 53.81 42.49 -11.38
34 24.02 15.41 -16.46
35 267.78 66.4 6.14
36 127.65 93.12 -2.32
37 221.59 89.13 0.15
38 176.6 90.21 -0.98
39 147.22 128.76 -1.35
40 257.94 73.38 4.45
41 105.97 92.8 -4.38
42 257.0 80.0 2.79
43 112.0 97.0 -2.22
1 174.49 96.56 0.14
2 175.29 106.91 0.27
3 120.35 92.37 -3.22
4 164.0 140.63 0.1
5 193.53 139.84 0.87
6 217.01 92.34 1.9
7 145.54 90.94 -0.34
8 166.69 106.56 0.09
9 148.32 95.73 -0.35
10 156.46 140.96 -0.01
11 184.82 107.2 0.3
12 188.18 135.52 0.26
13 144.83 143.45 -0.14
14 133.41 95.24 -0.89
15 157.66 145.19 -0.01
16 256.45 56.81 6.36
17 208.27 88.62 1.67
18 160.15 106.23 0.02
19 35.34 33.72 -14.05
20 205.93 142.12 1.49
21 176.13 66.33 0.36
22 196.14 145.35 0.96
23 256.61 7.71 4.07
24 200.0 95.96 0.59
25 194.49 100.68 0.57
26 17.43 20.78 -17.97
27 153.19 97.93 -0.4
28 251.63 20.13 5.47
29 269.04 24.38 9.29
30 252.65 94.94 5.17
31 267.99 72.3 9.13
32 261.16 46.59 7.24
33 47.78 40.79 -11.54
34 270.57 66.07 9.63
35 126.24 94.47 -1.31
36 221.54 90.49 1.97
37 175.98 91.62 0.17
38 146.24 131.43 -0.13
39 259.87 73.51 7.57
40 103.61 93.65 -3.25
41 257.28 79.77 7.26
42 111.75 97.03 -3.43
43 276.0 68.0 6.48
1 174.41 95.56 -0.44
2 175.35 106.04 -0.71
3 118.66 91.35 -3.94
4 163.68 140.0 -0.78
5 193.7 139.23 -0.53
6 217.76 90.95 1.13
7 145.2 89.82 -1.56
8 166.52 105.71 -0.64
9 147.93 94.51 -1.45
10 156.29 140.35 -0.93
11 184.79 106.34 -0.39
12 188.22 134.79 -0.54
13 144.68 143.26 -1.76
14 132.82 94.1 -2.06
15 157.56 144.58 -1.1
16 259.38 53.69 6.53
17 208.84 87.08 0.78
18 159.98 105.3 -0.76
19 27.74 27.56 -16.08
20 206.44 141.64 -0.43
21 176.14 64.54 -0.39
22 196.36 144.65 -0.67
23 258.56 5.0 4.59
24 200.07 95.27 -0.1
25 194.53 99.87 -0.06
26 152.76 96.67 -1.32
27 254.31 16.22 5.39
28 273.73 19.09 9.15
29 255.38 93.34 4.89
30 272.51 68.96 8.76
31 264.67 42.6 7.0
32 41.31 35.65 -13.59
33 275.36 62.51 9.52
34 125.51 93.46 -2.44
35 222.38 89.19 1.28
36 175.89 90.61 -0.43
37 146.09 129.64 -1.8
38 263.66 70.56 7.1
39 101.55 91.91 -4.48
40 260.89 77.07 6.77
41 109.74 95.42 -4.21
42 277.41 67.01 9.98
43 282.0 41.0 4.87
44 272.0 67.0 3.73
45 271.0 15.0 3.8
46 283.0 25.0 4.85
47 266.0 45.0 3.48
48 164.0 122.0 -0.92
1 174.37 93.39 -0.22
2 175.16 104.18 -0.59
3 116.7 89.42 -4.05
4 163.35 138.33 -0.45
5 193.71 137.45 -0.14
6 218.61 88.64 1.05
7 144.74 87.89 -1.3
8 166.31 103.85 -0.48
9 147.49 92.63 -1.2
10 155.87 138.69 -0.53
11 184.75 104.4 -0.29
12 188.21 133.11 -0.36
13 144.23 141.35 -1.44
14 131.93 92.22 -2.01
15 157.25 142.92 -0.81
16 262.93 48.63 7.33
17 209.61 84.51 0.77
18 159.62 103.51 -0.63
19 19.43 19.9 -18.0
20 206.58 140.0 0.1
21 176.19 61.43 -0.35
22 196.41 142.89 -0.23
23 200.14 93.6 -0.02
24 194.56 97.95 0.0
25 152.4 94.74 -1.23
26 258.19 90.38 5.68
27 277.67 63.89 9.17
28 268.73 36.64 7.89
29 34.23 29.03 -15.01
30 280.87 57.09 10.57
31 124.11 91.51 -1.89
32 223.32 86.81 1.47
33 175.84 88.39 -0.24
34 145.56 128.35 -1.44
35 267.89 65.82 7.93
36 99.55 89.31 -4.99
37 264.97 72.58 7.47
38 107.83 92.77 -4.45
39 283.21 61.59 10.81
40 282.58 40.29 10.96
41 272.56 66.19 8.67
42 271.51 13.69 8.89
43 283.57 24.17 11.21
44 266.23 44.29 7.63
45 163.47 121.94 -0.44
46 123.0 49.0 -1.07
1 173.79 91.41 -0.05
2 174.54 102.55 -0.18
3 113.93 87.35 -4.44
4 162.85 136.78 -0.27
5 193.13 136.03 0.1
6 218.8 86.65 1.6
7 143.45 85.81 -0.78
8 165.72 102.29 -0.39
9 146.26 90.58 -0.67
10 155.35 137.08 -0.75
11 184.35 102.68 -0.02
12 187.64 131.58 -0.06
13 142.88 140.16 -0.58
14 130.35 90.29 -1.46
15 156.43 141.34 -0.59
16 266.38 43.69 7.99
17 209.5 82.06 1.22
18 158.91 101.95 -0.31
19 205.98 138.82 0.59
20 175.66 58.57 0.04
21 195.67 141.47 0.08
22 199.92 91.08 0.1
23 194.46 95.81 0.03
24 151.2 92.51 -0.58
25 260.79 87.57 6.56
26 281.99 59.54 10.65
27 272.3 31.36 9.0
28 25.5 21.12 -15.39
29 285.58 52.37 12.07
30 122.6 89.49 -2.01
31 223.58 84.81 2.2
32 175.29 86.37 -0.07
33 144.19 127.32 -0.55
34 271.4 61.74 9.06
35 96.38 86.25 -4.73
36 268.27 68.89 8.4
37 104.79 89.73 -4.5
38 288.07 56.88 12.29
39 287.66 34.27 12.14
40 276.45 61.93 9.99
41 288.84 17.35 12.37
42 269.84 39.09 8.6
43 162.89 120.22 -0.39
44 122.51 48.22 -1.95
45 204.0 82.0 0.15
1 174.12 87.34 0.01
2 174.53 98.79 0.05
3 112.11 82.84 -3.79
4 162.78 133.19 -0.03
5 193.4 132.38 0.88
6 219.83 82.72 1.84
7 143.34 81.72 -0.75
8 165.73 98.51 -0.12
9 146.21 86.57 -0.64
10 155.19 133.45 -0.33
11 184.44 98.9 0.1
12 187.71 127.89 0.42
13 142.67 136.51 -0.3
14 129.66 86.09 -1.1
15 156.31 137.71 -0.25
16 271.24 36.16 7.83
17 210.49 77.84 1.38
18 158.87 98.25 -0.15
19 206.56 135.25 1.12
20 175.92 53.37 0.07
21 195.89 137.8 0.95
22 200.1 87.8 0.56
23 194.54 92.2 0.67
24 151.07 88.27 -0.38
25 264.5 82.5 6.64
26 288.4 52.17 10.81
27 277.8 22.78 8.55
28 292.99 44.22 11.88
29 121.82 85.25 -2.04
30 224.99 80.88 2.12
31 175.57 82.26 -0.01
32 144.15 123.34 -0.44
33 276.95 54.66 8.96
34 93.68 81.12 -4.34
35 273.41 62.31 8.38
36 102.66 85.28 -3.85
37 295.62 48.8 11.97
38 295.09 25.18 11.45
39 282.52 54.74 10.11
40 296.2 7.42 12.01
41 275.32 31.06 8.28
42 162.86 116.68 -0.11
43 121.75 42.58 -1.76
44 204.11 80.81 0.58
45 230.0 83.0 1.22
46 96.0 79.0 -1.73
1 173.56 87.35 0.25
2 174.14 99.02 0.15
3 109.05 82.63 -3.86
4 162.42 133.78 0.07
5 193.14 133.11 1.04
6 220.38 82.55 1.95
7 142.41 81.83 -0.07
8 164.96 98.81 0.06
9 145.31 86.94 -0.16
10 154.51 134.14 0.0
11 184.21 99.15 0.17
12 187.51 128.54 0.36
13 141.96 137.41 -0.36
14 128.5 85.83 -1.13
15 155.71 138.42 -0.03
16 275.03 32.58 8.23
17 210.7 77.43 1.55
18 158.33 98.68 -0.15
19 206.49 135.92 1.22
20 175.52 52.43 0.19
21 195.69 138.53 1.09
22 199.96 87.61 0.62
23 194.44 92.2 0.64
24 150.26 88.51 -0.26
25 267.42 81.18 7.52
26 293.57 49.12 11.88
27 281.88 18.77 9.43
28 298.78 40.5 13.31
29 120.01 84.85 -1.39
30 225.71 80.73 2.03
31 175.03 82.24 0.24
32 143.25 121.91 -0.28
33 281.24 51.89 10.02
34 90.89 80.35 -5.03
35 277.42 59.97 9.24
36 99.72 84.43 -4.0
37 301.47 45.31 13.56
38 300.66 20.6 12.14
39 287.41 51.76 11.13
40 279.34 27.27 9.09
41 162.38 117.28 0.01
42 120.37 41.14 -1.56
43 204.12 80.53 0.61
44 229.92 83.13 2.26
45 95.43 78.9 -4.55
46 166.0 130.0 -0.27
47 144.0 127.0 -0.74
48 197.0 98.0 -0.13
49 84.0 81.0 -3.42
1 174.11 87.32 -0.04
2 174.53 99.15 -0.06
3 107.64 82.46 -4.21
4 162.71 134.29 -0.09
5 194.17 133.49 0.47
6 221.72 82.28 1.72
7 142.45 81.83 -0.12
8 165.52 99.02 -0.28
9 145.4 86.98 -0.27
10 154.68 134.65 -0.1
11 184.47 99.3 0.06
12 188.03 128.82 0.14
13 142.07 137.93 -0.52
14 128.37 85.92 -1.49
15 155.91 138.94 -0.2
16 279.58 29.24 8.73
17 211.91 76.55 1.18
18 158.67 98.77 -0.39
19 207.66 136.35 0.55
20 175.88 51.54 0.15
21 196.74 138.98 0.6
22 200.6 87.76 0.67
23 195.12 92.27 0.6
24 150.5 88.42 -0.51
25 271.92 79.98 7.04
26 300.27 45.48 12.6
27 287.26 14.24 9.71
28 306.42 36.15 13.87
29 119.66 84.97 -1.77
30 227.18 80.55 1.93
31 175.54 82.17 -0.05
32 143.4 122.17 -0.43
33 287.01 48.65 10.3
34 88.78 79.63 -5.17
35 282.74 57.41 9.95
36 98.17 83.88 -4.24
37 307.73 15.49 12.7
38 293.53 48.47 11.61
39 284.47 23.41 9.58
40 162.61 117.3 -0.14
41 119.64 39.73 -1.85
42 204.69 80.19 0.56
43 231.34 82.81 2.35
44 93.57 78.13 -5.03
45 165.94 130.16 -0.07
46 143.63 127.2 -0.39
47 196.89 98.04 0.71
48 83.54 81.19 -5.12
49 136.0 84.0 -0.09
50 156.0 129.0 0.14
51 286.0 47.0 5.82
1 173.82 87.01 -0.19
2 174.29 99.05 -0.18
3 105.14 81.5 -4.7
4 162.32 134.45 -0.18
5 194.16 133.69 0.48
6 222.5 81.89 1.19
7 142.34 81.65 -1.03
8 164.93 98.88 -0.28
9 145.13 86.85 -0.98
10 154.31 134.77 -0.52
11 184.39 99.19 -0.06
12 187.83 129.01 0.28
13 141.53 137.85 -0.76
14 127.23 85.78 -1.8
15 155.46 139.12 -0.34
16 284.45 24.92 8.33
17 212.4 75.9 0.87
18 158.11 98.82 -0.6
19 207.68 136.63 0.75
20 175.78 50.43 -0.12
21 196.73 139.29 0.58
22 200.65 87.56 0.44
23 195.17 91.99 0.38
24 149.99 88.21 -1.0
25 306.95 41.57 12.52
26 292.56 9.35 9.16
27 118.5 84.49 -2.11
28 227.87 80.11 1.73
29 175.28 81.89 -0.18
30 142.99 123.33 -0.91
31 292.41 45.35 10.65
32 85.53 78.4 -5.66
33 288.01 54.37 9.97
34 95.62 82.36 -4.76
35 299.94 44.63 11.53
36 289.62 18.91 9.28
37 162.34 117.43 -0.22
38 118.68 38.18 -2.12
39 204.73 79.91 0.57
40 232.37 82.21 2.41
41 90.49 76.6 -5.78
42 165.63 130.27 -0.1
43 143.25 128.14 -0.87
44 196.94 97.83 0.51
45 80.29 80.15 -5.56
46 135.94 84.15 -1.22
47 155.89 129.15 -0.42
48 287.27 46.44 9.92
1 174.12 88.05 -0.59
2 174.52 100.22 -0.5
3 102.94 82.75 -5.46
4 162.57 135.9 -0.65
5 194.65 135.27 0.07
6 223.52 82.91 1.41
7 142.32 82.65 -1.32
8 165.21 100.16 -0.75
9 145.13 87.76 -1.21
10 154.47 136.29 -1.1
11 184.56 100.43 -0.22
12 188.15 130.51 -0.04
13 141.42 139.49 -1.01
14 126.81 86.76 -2.22
15 155.64 140.58 -0.88
16 289.44 22.21 8.79
17 213.21 76.66 0.74
18 158.24 100.02 -0.92
19 208.22 137.74 0.66
20 176.2 50.55 -0.49
21 197.3 140.73 0.2
22 201.35 88.21 -0.04
23 195.78 92.86 -0.05
24 149.99 89.12 -0.99
25 298.19 5.55 9.5
26 117.8 85.54 -2.65
27 229.26 80.95 1.79
28 175.53 82.89 -0.57
29 142.93 124.8 -1.09
30 298.5 42.82 11.0
31 82.99 79.03 -6.68
32 293.78 52.33 10.56
33 93.48 83.16 -5.52
34 306.5 42.11 12.8
35 295.06 15.63 9.75
36 162.46 118.91 -0.56
37 117.68 37.44 -2.37
38 205.37 80.95 0.03
39 233.81 82.8 2.6
40 87.92 76.89 -6.63
41 165.82 131.66 -0.43
42 143.15 129.75 -1.03
43 197.65 99.12 -0.02
44 77.76 81.14 -6.67
45 135.94 85.14 -1.52
46 156.0 130.46 -0.82
47 293.0 44.14 10.41
48 91.0 79.0 -2.94
49 142.0 77.0 -0.37
50 186.0 108.0 -0.02
1 173.65 88.92 -0.7
2 174.11 101.31 -0.62
3 100.04 83.37 -6.28
4 162.13 137.31 -0.86
5 194.65 136.63 -0.06
6 224.0 83.6 1.54
7 141.32 83.38 -1.19
8 164.69 101.26 -0.81
9 144.16 88.5 -0.96
10 153.72 137.72 -0.69
11 184.41 101.46 -0.46
12 188.17 131.78 -0.52
13 140.75 141.03 -1.46
14 125.35 87.65 -2.11
15 155.07 142.07 -0.83
16 294.07 18.94 9.31
17 213.4 77.12 1.02
18 157.56 101.19 -0.63
19 208.55 139.34 0.19
20 175.79 50.57 -0.28
21 197.35 142.24 -0.01
22 201.28 89.11 -0.27
23 195.7 93.87 -0.22
24 149.05 89.97 -0.93
25 116.27 86.41 -2.72
26 229.95 81.69 1.91
27 175.1 83.73 -0.73
28 142.03 125.48 -1.34
29 304.36 39.88 12.14
30 79.4 79.45 -7.61
31 299.3 50.07 11.27
32 90.45 84.24 -6.16
33 300.3 11.74 10.47
34 162.15 119.85 -1.09
35 116.44 37.4 -2.69
36 205.44 81.58 0.02
37 235.26 82.98 2.39
38 84.27 76.74 -7.33
39 165.51 132.96 -0.95
40 142.36 130.42 -1.3
41 197.59 100.03 -0.17
42 74.19 81.86 -7.6
43 134.72 85.79 -1.12
44 155.46 131.89 -0.74
45 298.44 41.48 11.29
46 90.58 79.17 -6.11
47 142.03 77.19 -1.23
48 186.1 108.35 -0.51
49 201.0 111.0 -0.2
50 93.0 164.0 -3.84
51 233.0 41.0 0.7
1 173.58 89.41 -0.14
2 174.08 102.0 -0.05
3 97.11 83.46 -7.33
4 161.83 138.31 -0.71
5 194.73 137.62 -0.11
6 140.96 83.84 -1.45
7 164.47 102.05 -0.46
8 143.88 88.99 -1.29
9 153.18 138.79 -0.02
10 184.37 102.2 -0.02
11 140.21 142.24 -1.37
12 124.57 88.19 -2.24
13 154.59 143.12 -0.49
14 214.28 76.92 1.96
15 157.33 101.86 -0.39
16 208.82 140.59 0.08
17 197.49 143.31 -0.27
18 201.39 89.75 0.53
19 195.78 94.56 0.54
20 148.98 90.4 -1.0
21 115.15 86.5 -2.63
22 231.26 82.19 2.98
23 175.04 84.17 -0.11
24 141.68 126.36 -1.37
25 75.64 79.78 -8.92
26 161.82 120.51 -0.81
27 115.19 36.22 -3.03
28 205.47 82.15 1.38
29 236.57 83.32 3.74
30 141.91 131.34 -1.29
31 197.68 100.63 0.5
32 70.44 82.93 -9.16
33 134.39 86.39 -1.73
34 304.88 38.45 13.98
35 141.61 77.46 -1.31
36 185.99 109.03 -0.06
37 201.04 111.13 0.32
38 92.31 164.43 -6.12
39 233.35 40.88 3.11
1 173.39 102.88 -1.51
2 161.2 139.5 -2.36
3 194.61 138.84 -2.57
4 139.83 84.62 -0.91
5 163.85 102.9 -1.27
6 142.96 89.64 -1.21
7 183.93 102.97 -1.27
8 122.91 88.7 -2.26
9 156.84 102.88 -1.48
10 208.82 141.59 -3.13
11 200.99 90.54 0.12
12 147.99 90.85 -0.99
13 174.26 84.92 -0.14
14 140.59 127.93 -2.41
15 70.68 79.73 -6.38
16 140.95 132.81 -2.51
17 65.28 84.52 -6.51
18 133.36 87.18 -1.65
19 185.56 109.83 -1.13
20 88.58 166.91 -5.55
1 174.77 84.86 -3.22
2 161.96 108.18 -3.54
3 195.62 107.59 -4.18
4 140.52 65.58 -3.04
5 165.3 84.87 -3.5
6 143.53 70.99 -3.13
7 185.25 85.26 -3.39
8 122.77 70.45 -3.16
9 157.83 84.45 -3.34
10 209.86 117.56 -4.51
11 203.4 72.75 -3.44
12 148.91 73.18 -3.11
13 176.02 67.7 -2.87
14 141.03 109.76 -3.2
15 66.1 58.55 -3.6
16 141.47 114.12 -3.32
17 60.79 67.15 -3.89
18 133.58 68.23 -3.28
19 186.75 92.09 -3.22
20 87.81 139.95 -4.91
21 175.0 23.0 -1.74
22 137.0 122.0 -0.35
23 213.0 58.0 -1.05
1 171.83 84.0 -0.64
2 158.47 121.2 0.25
3 191.46 121.68 0.4
4 138.7 64.22 -2.54
5 162.17 84.66 -0.71
6 141.54 68.57 -2.13
7 182.37 84.92 -0.71
8 120.56 68.1 -2.01
9 155.06 85.82 -1.14
10 205.19 125.58 0.62
11 200.25 74.68 -0.42
12 146.79 70.98 -1.94
13 173.79 65.98 -1.43
14 138.0 108.24 -0.26
15 64.11 59.01 -3.47
16 138.24 113.17 -0.01
17 58.49 66.42 -3.15
18 131.57 65.93 -2.31
19 184.02 91.72 -0.62
20 82.38 147.03 1.52
21 174.63 26.2 -2.75
22 136.57 123.85 0.37
23 212.3 61.22 -0.52
24 184.0 113.0 0.23
25 150.0 114.0 0.27
26 132.0 68.0 -0.78
27 137.0 53.0 -1.52
28 191.0 76.0 -0.3
1 171.66 80.46 -0.42
2 158.3 117.68 -0.02
3 191.38 117.87 0.06
4 137.63 60.8 -1.06
5 161.87 81.2 -0.51
6 140.57 65.37 -0.94
7 182.01 81.19 -0.6
8 119.88 64.81 -1.24
9 154.6 82.4 -0.72
10 205.2 121.75 0.19
11 200.0 70.32 -0.14
12 146.15 67.63 -0.96
13 173.42 62.13 -0.78
14 137.78 105.07 -0.46
15 62.66 56.8 -1.57
16 138.06 110.0 -0.33
17 57.0 64.3 -1.32
18 130.46 62.66 -0.97
19 183.64 87.97 -0.49
20 82.44 143.7 0.73
21 173.78 22.1 -1.45
22 136.52 120.49 0.05
23 212.19 56.78 -0.48
24 183.98 113.02 -0.04
25 149.89 113.78 -0.15
26 132.17 67.69 -0.73
27 137.23 52.98 -1.16
28 191.01 76.33 -0.45
1 171.73 75.29 0.05
2 158.75 113.43 -0.59
3 191.85 113.17 -0.54
4 137.0 55.54 0.54
5 161.8 76.1 0.04
6 140.07 60.2 0.51
7 182.03 75.8 -0.05
8 118.98 59.26 0.77
9 154.49 77.66 0.06
10 205.79 117.77 -0.79
11 199.96 64.91 0.06
12 145.55 62.0 0.71
13 173.18 56.42 0.36
14 137.94 101.18 -0.43
15 61.45 53.12 0.9
16 138.29 106.19 -0.56
17 56.12 61.44 0.68
18 129.76 57.25 1.22
19 183.75 82.73 -0.11
20 83.32 140.34 -1.11
21 172.36 14.29 1.52
22 136.89 116.38 -0.55
23 212.01 50.01 0.05
24 184.29 108.3 -0.47
25 150.37 109.29 -0.68
26 131.73 62.47 0.71
27 136.41 47.24 0.76
28 190.97 70.94 -0.13
29 132.0 50.0 1.07
1 171.18 72.94 0.43
2 158.4 111.0 -0.21
3 191.52 110.39 -0.17
4 136.16 53.84 1.17
5 161.3 73.98 0.4
6 139.42 58.3 0.87
7 181.37 73.56 0.49
8 118.5 57.93 0.71
9 153.79 75.56 0.62
10 205.45 113.94 -0.35
11 199.82 60.76 0.18
12 144.92 60.3 0.96
13 172.38 53.85 0.99
14 137.35 98.89 0.11
15 60.63 52.15 1.23
16 137.79 103.92 -0.06
17 55.4 60.81 1.0
18 129.22 55.67 1.41
19 183.13 80.36 0.39
20 83.32 138.41 -1.03
21 171.67 12.52 1.64
22 136.65 114.09 -0.25
23 211.54 48.25 0.38
24 183.98 105.67 -0.15
25 149.85 107.2 -0.12
26 131.3 60.81 0.97
27 135.5 46.44 1.29
28 190.45 68.6 0.35
29 131.52 49.35 1.33
1 171.55 76.36 -0.19
2 158.22 113.61 0.07
3 191.38 113.48 0.08
4 137.15 56.86 -0.44
5 161.65 77.29 -0.21
6 140.18 61.38 -0.49
7 181.74 77.11 -0.19
8 119.06 60.65 -0.47
9 154.32 78.64 -0.3
10 205.2 117.11 0.14
11 199.99 65.9 -0.06
12 145.7 63.77 -0.31
13 173.3 57.85 -0.56
14 137.43 101.5 -0.08
15 61.69 53.64 -0.49
16 137.76 106.58 -0.0
17 56.28 61.69 -0.47
18 130.52 58.62 -0.48
19 183.41 83.84 -0.15
20 82.79 139.81 0.23
21 173.35 17.36 -0.99
22 136.46 116.36 0.08
23 211.97 52.95 -0.23
24 183.87 108.67 0.01
25 149.73 109.63 0.07
26 132.05 63.62 -0.43
27 136.67 49.45 -0.34
28 190.77 72.77 -0.14
29 132.6 52.19 -0.33
30 110.0 58.0 -0.31
31 149.0 116.0 0.2
32 70.0 39.0 -0.93
1 171.71 78.2 -0.11
2 158.17 115.67 0.08
3 191.34 115.91 0.05
4 137.55 58.47 -0.33
5 161.76 79.17 -0.1
6 140.53 62.72 -0.3
7 181.96 79.07 -0.18
8 119.5 62.59 -0.5
9 154.51 80.34 -0.1
10 205.08 119.45 0.15
11 200.01 68.39 0.0
12 146.15 65.44 -0.32
13 173.48 59.69 -0.16
14 137.49 102.84 -0.04
15 62.22 54.33 -0.49
16 137.72 108.02 0.06
17 56.68 62.08 -0.36
18 130.88 60.2 -0.42
19 183.59 85.92 -0.13
20 82.17 141.38 0.49
21 173.66 18.86 -0.35
22 136.34 118.3 0.12
23 211.9 55.8 0.01
24 183.81 111.06 0.04
25 149.68 111.68 0.1
26 132.48 65.19 -0.3
27 137.12 51.06 -0.43
28 190.82 74.95 -0.01
29 133.14 53.75 -0.47
30 110.3 58.83 -0.45
31 148.93 116.72 0.18
32 70.49 39.77 -0.48
1 171.44 75.21 0.16
2 158.29 113.17 -0.03
3 191.43 112.88 -0.05
4 136.74 55.79 0.44
5 161.56 76.34 0.1
6 139.75 59.9 0.42
7 181.66 76.04 0.12
8 118.73 59.74 0.21
9 154.26 77.74 0.14
10 205.31 116.34 -0.09
11 199.95 64.28 0.02
12 145.52 62.56 0.28
13 172.88 56.37 0.34
14 137.41 100.76 0.05
15 61.36 53.1 0.34
16 137.78 105.79 -0.02
17 55.95 61.02 0.34
18 130.05 57.5 0.32
19 183.34 82.83 0.11
20 82.88 139.67 -0.29
21 172.57 15.08 0.55
22 136.52 115.93 -0.07
23 211.81 51.39 0.06
24 183.88 108.16 -0.02
25 149.81 109.25 -0.03
26 131.67 62.4 0.46
27 136.37 48.92 0.28
28 190.69 71.42 0.08
29 132.29 51.45 0.28
30 109.86 56.32 0.14
31 149.16 114.29 -0.04
32 69.33 37.83 0.51
33 157.0 109.0 0.01
34 195.0 69.0 -0.04
35 205.0 56.0 -0.06
1 171.42 75.75 0.03
2 158.3 113.32 -0.01
3 191.45 113.06 -0.01
4 136.86 56.31 -0.06
5 161.59 76.72 -0.02
6 139.87 60.33 -0.08
7 181.68 76.48 0.02
8 118.77 60.25 -0.06
9 154.31 78.18 -0.03
10 205.33 116.41 0.02
11 199.97 64.93 -0.0
12 145.62 63.14 -0.05
13 173.1 57.15 -0.11
14 137.43 100.77 -0.02
15 61.51 53.75 -0.06
16 137.78 105.83 0.01
17 56.1 61.62 -0.1
18 130.07 57.88 -0.12
19 183.39 83.33 -0.03
20 82.86 139.53 0.01
21 172.86 16.23 -0.13
22 136.48 116.06 0.03
23 211.82 52.31 0.02
24 183.89 108.34 -0.05
25 149.8 109.36 -0.02
26 131.78 62.74 -0.06
27 136.44 49.42 -0.03
28 190.72 71.93 0.0
29 132.33 51.82 -0.05
30 109.93 56.93 0.01
31 149.16 114.4 -0.01
32 69.63 38.4 -0.17
33 157.03 108.17 0.02
34 194.96 67.78 -0.01
35 204.88 54.64 0.01
36 237.0 16.0 -0.26
37 240.0 67.0 -0.07
[INFO] [WallTime: 1432307690.000489] Stop TurtleBot
1 171.48 76.77 -0.07
2 158.22 114.36 0.04
3 191.38 114.4 0.04
4 137.24 57.26 -0.25
5 161.68 77.74 -0.07
6 140.25 61.24 -0.26
7 181.81 77.56 -0.05
8 119.01 60.89 -0.19
9 154.42 79.16 -0.07
10 205.27 117.83 0.07
11 200.0 66.39 -0.0
12 145.87 64.21 -0.15
13 173.35 58.18 -0.24
14 137.44 101.77 -0.01
15 61.8 54.15 -0.19
16 137.75 106.9 0.03
17 56.36 61.6 -0.23
18 130.44 58.74 -0.33
19 183.48 84.4 -0.05
20 82.52 140.38 0.2
21 173.3 17.24 -0.31
22 136.42 117.08 0.05
23 211.87 53.78 0.01
24 183.84 109.46 0.02
25 149.76 110.41 0.03
26 132.23 63.7 -0.32
27 136.7 50.21 -0.17
28 190.79 73.23 -0.02
29 132.65 52.66 -0.24
30 109.91 57.72 -0.03
31 149.07 115.45 0.03
32 69.9 38.83 -0.19
33 156.98 109.21 0.06
34 194.98 69.16 -0.01
35 204.97 56.21 -0.02
36 237.12 16.52 -0.23
37 239.99 67.38 -0.01
1 171.4 75.78 0.04
2 158.29 113.48 -0.03
3 191.42 113.4 0.0
4 136.89 56.31 0.19
5 161.6 76.83 0.03
6 139.89 60.22 0.18
7 181.72 76.57 0.07
8 118.77 60.33 0.06
9 154.32 78.26 0.05
10 205.31 116.79 -0.02
11 199.97 64.94 0.03
12 145.64 63.15 0.13
13 173.14 57.07 0.07
14 137.42 100.88 0.01
15 61.54 54.01 0.13
16 137.77 105.95 0.0
17 56.13 61.19 0.07
18 130.03 57.87 0.16
19 183.4 83.37 0.04
20 82.78 139.8 -0.02
21 172.83 15.79 0.19
22 136.48 116.34 -0.02
23 211.85 52.29 -0.01
24 183.88 108.54 0.01
25 149.81 109.56 -0.04
26 131.8 62.72 0.2
27 136.47 49.63 0.12
28 190.73 72.02 0.04
29 132.33 51.95 0.16
30 109.92 56.96 -0.07
31 149.15 114.61 -0.05
32 69.51 38.29 0.2
33 157.05 108.34 -0.01
34 194.95 67.81 0.02
35 204.92 54.66 -0.0
36 236.84 14.8 0.11
37 240.0 65.87 0.0
1 171.43 75.74 0.03
2 158.28 113.37 -0.01
3 191.42 113.26 -0.01
4 136.88 56.31 0.05
5 161.6 76.78 0.01
6 139.88 60.21 0.05
7 181.73 76.53 0.03
8 118.75 60.25 0.02
9 154.32 78.25 0.02
10 205.3 116.64 0.04
11 199.98 64.89 0.0
12 145.64 63.16 0.05
13 173.13 57.09 -0.07
14 137.42 100.84 -0.0
15 61.56 54.07 0.02
16 137.79 105.91 -0.02
17 56.11 60.88 0.0
18 130.0 57.85 0.04
19 183.4 83.31 0.02
20 82.82 139.63 0.08
21 172.9 15.9 0.04
22 136.49 116.24 -0.0
23 211.82 52.35 0.01
24 183.85 108.45 0.0
25 149.8 109.46 -0.01
26 131.8 62.74 0.06
27 136.46 49.62 0.02
28 190.74 71.94 0.0
29 132.34 51.93 0.02
30 109.84 56.89 -0.01
31 149.14 114.52 -0.01
32 69.53 38.31 0.04
33 157.07 108.22 -0.02
34 194.96 67.73 -0.0
35 204.9 54.69 0.01
36 236.85 15.05 -0.0
37 239.94 65.86 0.03
38 241.0 6.0 -0.04
1 171.42 76.11 0.04
2 158.26 113.74 0.02
3 191.42 113.71 -0.0
4 137.04 56.64 -0.12
5 161.62 77.22 -0.03
6 140.04 60.53 -0.13
7 181.76 76.97 -0.05
8 118.85 60.55 -0.1
9 154.36 78.56 -0.03
10 205.3 116.99 -0.0
11 200.0 65.46 -0.01
12 145.74 63.54 -0.07
13 173.21 57.37 -0.16
14 137.43 101.24 -0.0
15 61.6 54.15 -0.01
16 137.76 106.33 0.02
17 56.17 61.46 -0.03
18 130.17 58.21 -0.16
19 183.44 83.72 -0.06
20 82.8 139.96 0.12
21 173.0 16.48 -0.04
22 136.46 116.5 0.02
23 211.84 52.94 0.02
24 183.83 108.89 0.02
25 149.77 109.85 0.03
26 131.98 63.07 -0.13
27 136.57 49.89 -0.11
28 190.77 72.53 -0.04
29 132.48 52.25 -0.13
30 109.79 57.23 0.02
31 149.13 114.91 -0.01
32 69.68 38.48 -0.13
33 157.04 108.58 0.02
34 194.97 68.34 -0.01
35 204.91 55.33 0.03
36 236.88 15.67 0.02
37 239.99 66.51 -0.03
38 240.98 5.96 0.0
1 171.44 75.98 0.01
2 158.27 113.67 -0.0
3 191.41 113.63 -0.0
4 136.99 56.53 -0.02
5 161.59 77.09 -0.01
6 139.99 60.44 -0.01
7 181.78 76.83 -0.0
8 118.78 60.39 0.01
9 154.35 78.39 0.01
10 205.32 116.86 0.0
11 199.98 65.29 0.0
12 145.73 63.46 -0.01
13 173.14 57.29 -0.04
14 137.44 101.13 -0.02
15 61.6 54.22 0.02
16 137.77 106.22 0.01
17 56.13 61.38 0.03
18 130.08 58.09 -0.0
19 183.42 83.63 0.01
20 82.8 139.84 0.1
21 172.94 16.3 0.05
22 136.46 116.44 0.02
23 211.85 52.7 0.02
24 183.88 108.8 -0.03
25 149.77 109.79 0.01
26 131.92 62.96 -0.01
27 136.51 49.8 -0.03
28 190.76 72.34 -0.01
29 132.41 52.17 -0.01
30 109.83 57.13 0.04
31 149.1 114.85 0.03
32 69.62 38.43 -0.01
33 157.03 108.51 0.01
34 194.95 68.18 0.0
35 204.9 55.15 0.02
36 236.94 15.37 -0.04
37 239.95 66.3 -0.02
38 241.04 5.56 -0.0
1 171.4 75.83 0.04
2 158.27 113.51 0.0
3 191.41 113.43 0.01
4 136.93 56.37 0.05
5 161.6 76.88 -0.02
6 139.93 60.3 0.05
7 181.74 76.63 0.03
8 118.76 60.32 0.04
9 154.33 78.3 0.01
10 205.3 116.76 0.0
11 199.98 65.09 0.02
12 145.69 63.26 0.03
13 173.04 57.22 0.09
14 137.42 100.91 0.01
15 61.57 54.25 0.01
16 137.76 106.01 0.01
17 56.14 61.41 -0.02
18 130.03 57.87 0.05
19 183.4 83.43 0.01
20 82.94 139.71 -0.04
21 172.98 16.05 -0.01
22 136.47 116.35 0.01
23 211.88 52.4 0.01
24 183.87 108.58 0.0
25 149.81 109.63 -0.03
26 131.86 62.79 0.06
27 136.47 49.69 0.03
28 190.73 72.17 0.02
29 132.35 52.02 0.05
30 109.84 57.16 0.02
31 149.15 114.7 -0.04
32 69.6 38.41 0.04
33 157.04 108.36 -0.0
34 194.96 67.91 0.01
35 204.95 54.83 0.02
36 236.88 15.04 0.06
37 239.96 66.04 -0.04
38 240.94 5.3 0.14
1 171.42 75.89 0.04
2 158.26 113.51 0.03
3 191.41 113.48 0.02
4 136.95 56.45 0.02
5 161.59 76.93 0.02
6 139.95 60.36 0.01
7 181.74 76.69 -0.01
8 118.77 60.38 0.01
9 154.33 78.29 0.03
10 205.3 116.74 0.02
11 199.99 65.13 -0.0
12 145.7 63.29 -0.0
13 173.1 57.25 -0.01
14 137.44 100.92 -0.0
15 61.57 54.13 -0.02
16 137.78 106.03 0.01
17 56.13 61.14 -0.0
18 130.05 57.93 0.02
19 183.39 83.48 0.0
20 82.85 139.73 0.04
21 172.98 16.22 0.0
22 136.48 116.37 0.0
23 211.86 52.51 0.02
24 183.85 108.65 0.02
25 149.81 109.62 -0.01
26 131.88 62.85 0.03
27 136.47 49.72 0.02
28 190.75 72.23 0.01
29 132.38 52.1 0.01
30 109.84 57.13 -0.02
31 149.15 114.68 -0.01
32 69.6 38.74 0.01
33 157.04 108.38 0.01
34 194.97 67.98 -0.0
35 204.94 54.86 -0.01
36 236.91 15.2 -0.01
37 239.91 66.18 0.06
38 241.02 5.37 0.03
1 171.41 75.95 0.06
2 158.28 113.6 -0.01
3 191.41 113.54 -0.01
4 136.98 56.51 -0.04
5 161.59 77.04 -0.01
6 139.99 60.44 -0.04
7 181.75 76.77 -0.01
8 118.78 60.36 -0.02
9 154.35 78.36 -0.02
10 205.34 116.77 -0.02
11 199.98 65.27 -0.01
12 145.72 63.4 -0.0
13 173.09 57.3 0.0
14 137.43 101.02 0.01
15 61.54 53.94 0.02
16 137.79 106.11 0.01
17 56.11 61.38 0.03
18 130.08 58.0 -0.03
19 183.41 83.58 -0.03
20 82.92 139.75 0.01
21 172.97 16.31 0.0
22 136.5 116.42 -0.02
23 211.89 52.62 0.01
24 183.84 108.74 0.03
25 149.77 109.69 0.03
26 131.91 62.93 -0.03
27 136.5 49.77 -0.02
28 190.76 72.32 -0.02
29 132.39 52.16 -0.02
30 109.8 57.14 -0.01
31 149.11 114.77 0.04
32 69.64 38.77 0.02
33 157.05 108.47 -0.0
34 194.97 68.14 -0.01
35 204.93 55.0 -0.0
36 236.91 15.27 -0.03
37 239.94 66.26 -0.04
38 241.08 5.45 -0.03
1 171.46 75.94 -0.02
2 158.28 113.58 0.01
3 191.42 113.55 -0.01
4 136.97 56.53 -0.02
5 161.6 77.03 -0.01
6 139.97 60.47 -0.02
7 181.76 76.77 -0.02
8 118.78 60.39 -0.03
9 154.36 78.36 -0.02
10 205.3 116.81 0.02
11 199.98 65.23 -0.01
12 145.72 63.37 -0.01
13 173.09 57.33 -0.03
14 137.44 101.02 0.0
15 61.57 54.03 0.01
16 137.79 106.12 0.01
17 56.15 61.55 -0.01
18 130.07 58.03 -0.02
19 183.42 83.59 -0.03
20 82.93 139.74 0.04
21 172.98 16.27 -0.03
22 136.48 116.44 -0.0
23 211.88 52.57 0.02
24 183.85 108.76 0.0
25 149.8 109.66 -0.0
26 131.91 62.94 -0.02
27 136.49 49.79 0.01
28 190.74 72.3 -0.01
29 132.39 52.2 -0.02
30 109.85 57.14 -0.02
31 149.14 114.77 0.01
32 69.67 38.85 -0.01
33 157.04 108.43 0.01
34 194.95 68.12 -0.0
35 204.92 54.98 -0.0
36 236.88 15.32 0.02
37 239.94 66.29 0.04
38 241.04 5.46 -0.01
1 171.46 75.92 -0.01
2 158.28 113.56 -0.02
3 191.4 113.53 0.0
4 136.94 56.5 0.03
5 161.6 77.01 -0.01
6 139.95 60.45 0.02
7 181.74 76.73 -0.02
8 118.76 60.35 -0.0
9 154.33 78.36 -0.01
10 205.29 116.71 0.02
11 199.99 65.15 -0.0
12 145.7 63.38 0.01
13 173.08 57.28 0.02
14 137.44 100.99 0.01
15 61.54 54.28 -0.03
16 137.79 106.09 0.01
17 56.14 61.96 -0.03
18 130.06 57.98 0.01
19 183.4 83.53 -0.03
20 83.03 139.67 -0.01
21 172.96 16.22 0.06
22 136.48 116.37 0.0
23 211.89 52.55 0.0
24 183.86 108.73 -0.03
25 149.78 109.64 -0.01
26 131.89 62.91 0.01
27 136.49 49.78 0.02
28 190.76 72.24 -0.03
29 132.38 52.15 0.0
30 109.86 57.02 -0.03
31 149.14 114.7 -0.01
32 69.68 38.85 0.01
33 157.03 108.44 0.0
34 194.97 68.04 -0.01
35 204.94 54.94 0.0
36 236.87 15.29 0.04
37 239.88 66.3 0.05
38 241.03 5.34 0.05
1 171.44 75.92 -0.01
2 158.3 113.53 -0.01
3 191.4 113.5 0.02
4 136.96 56.51 0.01
5 161.59 76.98 0.0
6 139.96 60.44 0.01
7 181.71 76.71 0.0
8 118.76 60.41 -0.0
9 154.33 78.36 -0.0
10 205.32 116.74 0.02
11 199.99 65.14 -0.0
12 145.71 63.31 0.01
13 173.09 57.26 0.03
14 137.43 100.95 0.01
15 61.55 54.29 -0.01
16 137.79 106.07 0.0
17 56.12 61.85 0.0
18 130.05 57.99 0.02
19 183.37 83.54 0.02
20 82.96 139.61 0.07
21 173.0 16.24 0.02
22 136.49 116.37 -0.01
23 211.89 52.5 0.01
24 183.87 108.68 0.0
25 149.81 109.61 -0.01
26 131.88 62.93 0.02
27 136.49 49.78 0.01
28 190.75 72.24 -0.01
29 132.37 52.14 0.02
30 109.88 57.13 -0.02
31 149.16 114.7 -0.0
32 69.68 38.76 -0.04
33 157.06 108.43 -0.01
34 194.97 68.04 -0.01
35 204.93 54.88 0.01
36 236.88 15.25 -0.01
37 239.92 66.23 0.06
38 241.05 5.25 0.02
39 224.0 60.0 -0.06
