1 77.0 102.0 0.0
2 77.0 110.0 -0.01
3 73.0 118.0 -0.01
4 69.0 107.0 -0.01
5 80.0 127.0 0.01
6 70.0 25.0 0.0
7 123.0 83.0 -0.0
1 77.01 102.01 -0.01
2 77.02 110.01 -0.01
3 73.01 118.01 -0.02
4 69.01 107.0 -0.01
5 80.01 127.0 0.01
6 70.0 25.0 0.0
7 123.01 82.98 -0.0
8 71.0 99.0 -0.01
9 296.0 29.0 -0.03
10 81.0 96.0 -0.01
1 77.0 102.02 0.01
2 77.01 110.01 0.01
3 72.99 118.02 0.02
4 69.01 107.02 -0.01
5 79.99 126.99 0.01
6 69.99 25.01 0.01
7 122.99 82.92 0.02
8 71.0 99.03 -0.01
9 296.01 29.01 -0.02
10 80.98 96.03 0.01
11 58.0 45.0 0.02
12 58.0 2.0 -0.0
13 296.0 24.0 0.02
14 152.0 92.0 0.0
15 48.0 44.0 0.01
16 149.0 83.0 -0.01
17 260.0 121.0 0.02
18 248.0 108.0 0.01
1 77.0 102.01 0.01
2 77.01 110.01 -0.0
3 73.01 118.02 -0.0
4 69.01 107.01 -0.02
5 80.0 127.01 0.01
6 70.01 25.02 -0.0
7 123.02 82.96 -0.01
8 71.0 99.02 -0.0
9 295.99 29.02 0.01
10 80.98 96.01 0.02
11 58.0 45.02 0.0
12 58.01 1.98 -0.0
13 296.01 24.01 -0.0
14 152.01 91.99 -0.05
15 48.0 43.98 -0.0
16 148.98 83.0 -0.0
17 260.03 120.99 0.0
18 248.01 108.01 0.01
19 38.0 41.0 0.05
1 77.0 102.01 -0.0
2 77.01 110.02 -0.01
3 73.01 118.02 -0.0
4 69.0 107.02 0.0
5 80.0 126.98 0.0
6 70.01 25.0 -0.0
7 123.01 82.95 -0.01
8 71.0 99.02 -0.0
9 296.01 29.04 0.01
10 80.99 96.01 0.0
11 58.02 45.04 0.01
12 58.04 2.0 -0.02
13 296.03 24.01 0.01
14 151.97 92.01 -0.01
15 47.98 43.98 0.01
16 148.99 83.01 -0.03
17 260.03 120.99 0.0
18 247.97 108.0 0.02
19 38.03 40.97 0.0
1 77.0 102.0 -0.01
2 77.02 110.0 -0.01
3 73.0 118.0 0.01
4 69.0 107.0 -0.01
5 80.02 126.99 -0.01
6 70.01 25.0 0.01
7 123.01 82.98 -0.01
8 71.0 99.01 -0.02
9 296.04 29.04 -0.01
10 80.98 96.02 -0.0
11 58.02 45.02 0.01
12 58.0 1.94 -0.01
13 296.04 24.03 0.0
14 151.97 91.99 0.02
15 48.0 43.99 -0.02
16 148.99 82.98 -0.02
17 260.01 120.99 0.01
18 248.01 108.06 0.01
19 38.05 40.99 -0.0
1 77.0 101.99 0.0
2 77.0 110.01 0.0
3 73.02 118.01 -0.02
4 68.99 107.01 0.0
5 80.02 126.99 -0.01
6 70.0 25.01 0.01
7 122.99 82.95 -0.0
8 70.99 99.0 -0.01
9 296.01 29.06 0.04
10 80.99 96.0 -0.0
11 58.02 45.07 0.03
12 58.02 1.98 -0.06
13 296.03 24.03 0.01
14 152.0 92.01 -0.02
15 47.99 44.0 0.01
16 148.97 83.0 0.0
17 260.02 120.99 -0.01
18 248.01 108.03 0.0
19 38.03 40.99 0.01
20 261.0 115.0 0.01
21 281.0 34.0 0.0
22 243.0 119.0 -0.01
1 77.0 102.0 0.0
2 77.01 110.01 0.01
3 73.01 117.99 0.02
4 69.0 107.0 0.0
5 80.04 127.01 -0.03
6 70.01 25.03 0.02
7 122.99 82.98 -0.0
8 71.0 99.0 -0.0
9 296.0 29.07 0.01
10 80.99 96.02 -0.0
11 58.01 45.02 0.02
12 58.0 1.96 -0.02
13 296.02 24.04 0.01
14 151.97 92.02 0.0
15 47.98 43.99 0.02
16 148.96 83.0 0.04
17 260.02 120.97 0.0
18 247.99 108.04 0.02
19 38.03 41.01 0.0
20 261.01 115.03 0.01
21 280.97 33.95 0.05
22 243.0 119.0 -0.02
1 77.01 101.99 -0.0
2 77.01 110.01 0.01
3 73.01 118.01 0.0
4 68.99 107.0 0.0
5 80.0 127.0 0.02
6 70.03 25.02 0.0
7 123.01 82.98 -0.03
8 71.0 99.01 -0.01
9 296.0 29.08 0.02
10 81.0 96.01 -0.01
11 58.04 45.03 -0.01
12 58.02 1.99 -0.02
13 296.02 24.04 0.0
14 151.96 92.0 -0.03
15 47.99 44.03 0.0
16 148.98 82.99 0.02
17 260.03 120.94 0.0
18 248.02 108.04 0.02
19 38.01 41.02 0.04
20 261.01 115.0 0.01
21 280.98 33.94 0.04
22 243.01 119.02 0.01
1 77.0 102.0 0.01
2 77.02 110.02 -0.01
3 73.01 118.02 -0.01
4 69.0 107.02 -0.0
5 80.01 127.01 -0.01
6 70.02 25.03 0.01
7 122.98 82.99 0.04
8 70.99 99.02 0.0
9 296.03 29.1 -0.02
10 80.98 96.02 0.01
11 58.04 45.07 0.0
12 57.97 1.99 0.04
13 296.04 24.06 -0.01
14 151.96 92.03 -0.01
15 47.99 44.02 0.01
16 149.0 82.99 0.01
17 260.04 120.94 0.02
18 248.02 108.04 0.01
19 38.04 40.99 0.01
20 261.02 114.98 0.02
21 281.0 33.96 0.01
22 243.01 118.98 -0.02
1 77.01 102.01 1.89
2 68.99 107.02 2.04
3 80.02 127.02 1.08
4 70.04 25.04 3.33
5 123.0 82.98 1.91
6 71.0 99.01 2.02
7 296.02 29.09 3.9
8 81.0 96.01 2.13
9 58.02 2.0 3.24
10 151.96 92.01 1.89
11 148.97 83.0 2.25
12 260.05 120.92 6.64
13 248.02 108.06 5.44
14 261.03 114.95 6.37
15 281.01 33.94 3.75
16 242.99 119.02 5.48
1 77.11 104.56 0.47
2 69.34 110.09 0.12
3 79.94 128.36 -0.15
4 70.21 25.28 1.54
5 123.06 83.75 1.59
6 71.14 102.07 0.0
7 296.02 29.53 20.75
8 81.05 99.45 0.9
9 58.06 2.14 0.75
10 152.05 94.09 1.65
11 149.07 84.26 2.13
12 260.02 122.91 14.82
13 248.13 109.61 12.1
14 261.0 116.92 14.53
15 281.06 34.19 18.49
16 243.1 120.76 10.94
17 80.0 132.0 -1.29
18 74.0 137.0 -1.38
19 62.0 68.0 -2.9
1 78.51 118.62 -1.05
2 70.58 123.55 -1.47
3 80.74 143.01 -1.32
4 73.11 43.46 -2.14
5 124.66 98.75 0.75
6 72.44 115.61 -2.26
7 82.67 112.99 -1.01
8 60.69 19.87 -3.08
9 153.7 107.35 0.94
10 151.1 98.56 0.7
11 268.25 138.87 16.27
12 254.75 123.85 13.7
13 268.88 133.8 16.35
14 288.14 49.81 27.18
15 249.34 135.26 11.91
16 79.59 127.83 -1.09
17 73.62 132.68 -1.32
18 61.26 63.6 -3.46
19 74.0 137.0 -0.43
20 48.0 58.0 -1.43
21 40.0 55.0 -2.45
22 249.0 140.0 6.93
23 50.0 11.0 -1.31
24 260.0 154.0 7.88
1 77.51 117.43 -0.13
2 69.39 122.53 -0.55
3 79.62 142.72 -0.41
4 71.46 40.42 -2.12
5 124.66 97.68 1.63
6 70.95 114.4 -0.79
7 81.79 111.67 -0.36
8 58.48 15.28 -2.56
9 153.87 106.25 1.77
10 151.34 97.48 1.39
11 276.5 139.07 19.24
12 261.75 123.25 15.9
13 277.16 133.72 19.35
14 255.41 135.31 14.06
15 78.63 126.96 -0.26
16 72.5 132.04 -0.49
17 58.69 60.4 -2.89
18 73.81 137.36 -0.6
19 47.67 58.38 -3.51
20 39.38 55.24 -4.79
21 250.21 140.44 13.56
22 49.62 11.28 -2.92
23 261.42 154.44 15.23
1 77.48 117.34 -0.73
2 69.13 122.54 -1.06
3 79.46 143.02 -1.44
4 70.61 38.77 -2.31
5 125.61 97.63 1.09
6 70.2 114.36 -0.58
7 81.63 111.61 -1.02
8 57.18 12.81 -3.12
9 154.87 106.36 1.39
10 151.88 97.59 1.59
11 287.0 140.63 20.93
12 270.42 123.65 17.12
13 287.67 135.08 21.1
14 263.11 136.39 14.98
15 78.53 127.02 -0.87
16 72.35 132.11 -0.96
17 57.49 58.95 -3.62
18 73.64 137.43 -1.41
19 46.02 56.78 -4.18
20 37.02 53.34 -5.58
21 257.63 141.63 14.27
22 48.23 8.78 -3.57
23 269.83 156.81 16.69
24 67.0 139.0 -1.1
1 77.22 117.48 -0.3
2 68.56 122.78 -0.53
3 78.85 143.71 -0.73
4 69.38 36.82 -2.09
5 126.3 97.6 1.5
6 69.91 114.58 0.03
7 81.23 111.74 -0.59
8 55.38 10.12 -2.8
9 155.73 106.34 1.82
10 152.84 97.55 1.86
11 279.48 123.63 20.16
12 271.04 137.43 17.79
13 78.18 127.14 -0.34
14 71.76 132.4 -0.14
15 55.53 57.38 -3.49
16 72.84 138.01 -0.35
17 43.59 55.0 -4.04
18 33.67 51.15 -5.26
19 265.29 142.86 16.92
20 46.22 5.68 -3.51
21 278.68 159.34 19.81
22 66.63 139.35 -0.87
23 83.0 147.0 0.21
24 252.0 156.0 7.3
1 76.87 118.13 -1.37
2 68.16 123.51 -1.57
3 78.2 145.22 -1.44
4 68.15 35.84 -3.32
5 127.03 98.32 0.53
6 69.8 115.24 -0.7
7 80.68 112.47 -1.86
8 53.75 8.07 -4.08
9 156.47 106.88 1.14
10 153.71 98.3 1.12
11 290.13 124.48 21.71
12 280.26 139.25 18.89
13 77.79 128.04 -1.41
14 71.48 133.42 -1.29
15 53.66 56.53 -4.74
16 72.38 139.17 -1.2
17 41.38 53.8 -5.54
18 30.74 49.58 -6.93
19 274.13 144.97 17.55
20 44.35 3.65 -4.5
21 288.86 162.69 21.24
22 66.0 140.44 -2.39
23 83.26 147.49 -1.6
24 252.98 156.31 12.37
25 64.0 109.0 -1.31
26 64.0 133.0 -1.98
1 76.63 118.21 -2.04
2 67.81 123.56 -2.39
3 77.84 145.64 -2.24
4 66.95 34.55 -4.14
5 127.83 98.46 0.04
6 69.82 115.33 -1.22
7 80.37 112.58 -2.59
8 52.18 6.21 -4.81
9 157.64 106.7 0.53
10 154.86 98.12 0.57
11 290.83 139.46 21.38
12 77.6 128.21 -2.25
13 71.43 133.54 -2.23
14 51.71 55.4 -5.42
15 72.35 139.37 -2.14
16 39.22 52.61 -6.81
17 27.73 48.06 -8.21
18 284.01 145.68 19.59
19 42.35 1.47 -2.63
20 65.55 140.65 -3.36
21 82.83 148.06 -2.42
22 260.47 157.73 13.14
23 63.9 108.62 -2.16
24 63.75 132.62 -3.41
25 61.0 122.0 -1.15
26 224.0 103.0 3.63
1 75.28 117.16 -1.75
2 66.16 122.66 -1.78
3 76.29 145.16 -2.01
4 64.45 31.1 -3.37
5 127.56 97.54 0.6
6 68.9 114.28 -0.89
7 78.63 111.6 -2.12
8 49.3 1.73 -3.85
9 157.68 105.83 1.3
10 154.94 97.18 0.65
11 76.0 127.34 -1.68
12 69.78 132.7 -1.52
13 48.38 52.31 -4.91
14 70.74 138.65 -1.74
15 35.19 49.01 -6.54
16 22.7 44.01 -7.7
17 293.8 146.71 22.89
18 62.92 140.07 -2.79
19 80.92 147.54 -1.93
20 266.89 159.19 15.45
21 62.36 107.65 -1.95
22 61.34 131.78 -2.98
23 60.58 121.33 -2.72
24 224.48 102.36 6.77
25 63.0 114.0 -0.9
26 72.0 121.0 -0.86
1 74.74 117.03 -2.34
2 65.61 122.34 -1.99
3 75.81 145.69 -2.3
4 62.56 27.76 -4.32
5 128.22 97.57 0.24
6 68.9 114.1 -1.59
7 77.88 111.56 -2.8
8 158.74 105.69 0.76
9 155.52 97.01 0.78
10 75.48 127.35 -2.32
11 69.43 132.78 -2.15
12 46.03 49.63 -5.79
13 70.42 138.91 -2.16
14 32.15 46.08 -7.66
15 18.71 40.59 -8.67
16 62.3 140.34 -3.61
17 80.55 148.15 -2.39
18 275.77 161.89 17.44
19 61.88 107.61 -2.53
20 60.33 131.82 -3.43
21 59.9 120.91 -3.49
22 228.58 100.93 6.78
23 63.25 114.12 -1.8
24 72.21 121.2 -2.01
25 225.0 130.0 3.67
1 72.96 116.81 -1.69
2 63.97 121.87 -0.97
3 73.92 146.25 -1.87
4 60.36 25.59 -3.88
5 128.06 97.32 0.54
6 67.56 113.86 -1.23
7 75.76 111.47 -2.01
8 159.01 105.61 1.01
9 155.62 96.83 1.42
10 73.88 127.21 -2.08
11 67.86 132.78 -1.89
12 42.54 47.21 -5.59
13 68.64 138.95 -1.78
14 27.95 43.37 -7.51
15 13.86 37.56 -8.76
16 59.82 140.25 -2.99
17 78.57 148.62 -2.05
18 284.44 164.65 20.34
19 59.89 107.28 -1.82
20 57.87 131.77 -2.8
21 57.39 120.85 -3.01
22 231.92 99.74 7.91
23 61.66 113.92 -0.81
24 70.68 121.0 -1.49
25 225.6 129.89 6.85
26 54.0 103.0 -2.68
27 55.0 126.0 -2.54
28 74.0 37.0 -0.79
1 72.21 116.77 -2.81
2 63.48 122.01 -1.97
3 72.99 146.85 -2.89
4 57.97 22.58 -4.06
5 128.43 97.64 0.23
6 67.14 113.85 -2.58
7 74.92 111.45 -3.28
8 159.55 105.64 0.63
9 156.4 96.82 0.99
10 72.84 127.39 -2.57
11 66.95 133.23 -2.59
12 39.57 45.05 -6.32
13 67.75 139.42 -2.51
14 24.1 40.7 -8.15
15 9.23 34.64 -9.03
16 58.18 140.61 -2.78
17 77.64 149.31 -3.06
18 58.97 107.35 -1.92
19 56.43 132.04 -2.69
20 55.89 121.02 -2.65
21 236.18 98.65 8.35
22 61.24 113.98 -1.46
23 69.9 121.07 -2.36
24 229.27 130.27 7.01
25 53.43 102.9 -5.9
26 54.4 125.86 -3.17
27 73.94 36.61 -2.27
28 65.0 127.0 -1.47
29 243.0 87.0 4.78
30 254.0 143.0 6.32
31 244.0 99.0 4.92
1 70.98 116.64 -1.82
2 62.76 121.83 -1.38
3 71.74 147.34 -2.25
4 56.02 19.97 -4.24
5 128.65 97.27 0.76
6 66.1 113.74 -1.64
7 73.5 111.38 -2.23
8 160.16 105.46 1.23
9 157.29 96.53 1.18
10 71.6 127.36 -2.04
11 65.65 133.3 -1.98
12 36.33 42.37 -6.37
13 66.55 139.62 -1.93
14 19.76 37.5 -7.91
15 3.92 30.93 -7.64
16 56.49 140.67 -1.12
17 76.3 149.78 -2.37
18 57.91 107.12 -0.68
19 54.78 131.93 -1.02
20 54.12 120.81 -0.97
21 240.87 97.01 9.62
22 60.7 113.81 -0.78
23 68.96 120.94 -1.67
24 233.33 130.34 8.52
25 50.48 102.79 -4.56
26 52.24 125.78 -1.24
27 72.98 34.87 -2.62
28 64.66 126.79 -1.53
29 244.04 86.0 9.86
30 255.27 142.97 13.27
31 245.04 98.32 10.0
32 49.0 114.0 -1.09
1 69.41 117.13 -2.56
2 61.6 122.33 -2.05
3 70.09 148.6 -3.5
4 53.6 17.63 -5.24
5 128.82 97.88 0.32
6 64.59 114.13 -2.29
7 71.59 111.69 -3.03
8 160.55 105.88 0.77
9 157.73 96.98 0.71
10 70.24 127.82 -3.19
11 64.35 133.89 -3.1
12 32.74 40.28 -7.49
13 65.23 140.5 -3.18
14 15.3 34.93 -9.07
15 55.5 141.4 -1.8
16 74.57 151.15 -3.29
17 57.16 107.44 -0.93
18 53.84 132.46 -2.18
19 53.32 121.17 -2.34
20 245.81 96.29 9.67
21 59.9 114.17 -1.07
22 67.56 121.42 -2.59
23 237.63 131.26 8.59
24 47.52 103.32 -5.47
25 51.3 126.29 -2.66
26 71.54 33.66 -3.07
27 63.55 127.43 -2.86
28 249.24 84.63 10.31
29 261.98 145.02 14.23
30 250.15 97.41 10.59
31 48.96 113.76 -4.02
32 50.0 108.0 -3.37
1 68.6 117.62 -2.78
2 60.79 123.07 -2.25
3 68.6 150.13 -3.39
4 50.8 14.92 -5.22
5 129.23 98.74 0.38
6 63.99 114.85 -2.68
7 70.53 112.35 -3.0
8 161.3 106.44 0.61
9 158.37 97.48 0.66
10 68.58 128.47 -3.06
11 62.85 134.75 -3.1
12 29.19 38.12 -8.03
13 63.74 141.6 -3.16
14 10.81 32.57 -9.21
15 54.78 142.52 -1.85
16 73.13 152.79 -3.46
17 57.11 107.73 -1.23
18 53.31 133.23 -2.48
19 52.54 121.86 -2.0
20 251.26 95.08 11.08
21 59.73 114.89 -1.48
22 66.62 122.12 -2.81
23 242.47 132.25 9.58
24 44.38 104.11 -4.89
25 50.39 126.87 -2.3
26 70.24 32.43 -3.71
27 62.23 128.05 -2.9
28 254.83 82.7 12.16
29 269.74 147.06 16.29
30 256.0 96.26 12.57
31 46.6 114.58 -3.21
32 48.53 108.19 -3.12
33 49.0 115.0 -0.58
34 40.0 118.0 -1.53
35 252.0 149.0 6.6
1 66.65 117.65 -2.34
2 59.43 122.95 -2.4
3 66.31 150.91 -2.88
4 47.76 11.58 -5.45
5 129.21 98.56 0.84
6 62.09 114.77 -2.29
7 68.35 112.0 -2.27
8 161.46 106.31 1.44
9 158.66 97.25 0.79
10 66.78 128.42 -2.95
11 61.03 134.81 -2.73
12 24.55 34.58 -8.18
13 61.71 141.95 -2.62
14 53.5 142.69 -1.57
15 70.92 153.64 -3.09
16 56.2 107.38 -0.86
17 51.49 133.22 -1.79
18 50.81 121.76 -0.93
19 256.71 93.3 12.94
20 58.82 114.78 -1.96
21 64.75 122.02 -2.5
22 247.23 132.56 11.24
23 41.31 104.09 -3.79
24 48.5 126.95 -1.11
25 68.34 30.35 -3.27
26 60.49 128.02 -2.81
27 261.03 80.1 14.12
28 278.18 148.54 18.64
29 261.88 94.18 15.51
30 44.57 114.51 -2.13
31 46.14 107.96 -1.58
32 48.9 115.13 -1.28
33 39.69 118.11 -2.81
34 253.23 149.49 12.58
35 230.0 136.0 4.07
36 218.0 132.0 3.01
1 66.2 117.12 -3.62
2 58.94 122.29 -3.59
3 65.52 151.15 -3.95
4 45.24 7.81 -6.02
5 130.09 97.82 0.49
6 61.63 114.18 -3.41
7 67.81 111.24 -3.33
8 162.75 105.55 0.83
9 159.36 96.48 1.05
10 65.82 127.71 -3.81
11 60.19 134.24 -3.61
12 20.52 30.95 -9.43
13 61.05 141.59 -3.68
14 53.53 142.44 -2.92
15 69.93 153.86 -4.04
16 56.34 106.59 -2.05
17 51.14 132.6 -2.68
18 50.7 121.23 -1.77
19 264.29 90.38 14.23
20 58.61 114.19 -3.24
21 64.22 121.36 -3.71
22 253.95 132.17 11.93
23 39.36 104.51 -3.13
24 48.34 126.64 -2.01
25 66.5 27.3 -3.75
26 59.6 127.26 -3.53
27 269.09 76.27 15.52
28 288.59 149.5 20.7
29 270.58 91.3 16.82
30 43.56 113.89 -2.07
31 45.75 107.24 -2.18
32 48.68 114.49 -2.0
33 38.58 117.4 -3.62
34 260.39 150.17 13.64
35 231.18 135.65 7.17
36 219.25 131.68 4.86
37 35.0 111.0 -1.8
38 36.0 123.0 -1.68
1 63.41 116.63 -3.52
2 56.08 121.63 -3.67
3 62.6 151.44 -3.77
4 129.82 97.04 0.51
5 58.93 113.59 -3.4
6 65.24 110.45 -3.45
7 162.79 105.04 0.93
8 159.44 95.83 1.21
9 63.16 127.39 -3.86
10 57.7 133.81 -3.64
11 14.87 26.76 -9.39
12 58.35 141.38 -3.68
13 51.41 142.21 -3.23
14 67.27 154.26 -3.87
15 54.86 105.81 -3.43
16 49.06 132.1 -2.81
17 49.35 120.54 -2.05
18 271.25 87.55 16.31
19 56.02 113.57 -3.38
20 61.4 120.8 -3.69
21 259.65 132.01 13.75
22 37.01 104.77 -2.84
23 46.73 126.05 -2.28
24 64.56 24.77 -3.9
25 57.0 126.73 -3.62
26 276.75 72.38 17.74
27 298.97 151.18 24.68
28 278.91 88.42 18.93
29 41.99 113.3 -1.9
30 44.22 106.53 -1.98
31 47.25 113.83 -1.94
32 36.15 116.66 -3.09
33 267.08 151.13 15.58
34 234.52 135.68 8.1
35 221.42 131.41 5.63
36 34.3 110.71 -3.54
37 35.31 122.67 -2.84
38 29.0 96.0 -4.25
39 27.0 115.0 -3.03
40 42.0 129.0 -1.69
41 272.0 84.0 8.34
42 243.0 87.0 4.71
43 35.0 139.0 -1.96
1 61.7 116.45 -4.53
2 54.45 120.73 -4.58
3 60.81 152.15 -4.63
4 130.14 96.26 0.13
5 57.33 113.31 -4.52
6 63.57 110.38 -4.26
7 163.4 104.52 0.39
8 160.02 95.36 0.89
9 61.11 127.12 -4.51
10 55.69 133.57 -4.17
11 9.92 21.95 -10.37
12 56.5 141.39 -4.21
13 49.88 142.28 -3.89
14 65.3 154.98 -4.91
15 53.34 105.22 -4.13
16 47.69 131.65 -3.21
17 48.21 120.13 -2.1
18 280.12 84.25 16.91
19 54.5 113.2 -4.43
20 59.62 120.16 -4.56
21 266.94 132.34 14.76
22 35.52 103.91 -2.55
23 45.65 125.61 -2.55
24 62.5 21.39 -4.36
25 55.22 126.47 -4.45
26 286.27 67.68 18.48
27 289.17 85.13 20.12
28 40.55 112.73 -1.93
29 42.55 105.85 -1.88
30 45.71 113.34 -1.88
31 34.34 116.22 -2.64
32 275.48 152.94 16.67
33 239.05 136.27 8.7
34 224.53 131.49 5.96
35 32.56 110.01 -2.94
36 33.58 122.34 -2.93
37 28.0 95.7 -7.22
38 26.31 114.86 -3.74
39 41.42 128.78 -2.66
40 273.14 83.64 16.23
41 243.63 86.9 8.9
42 34.16 138.88 -2.94
43 28.0 100.0 -1.57
44 56.0 100.0 -2.36
45 42.0 118.0 -1.35
1 59.66 116.53 -4.66
2 52.36 120.77 -3.65
3 58.32 153.02 -4.53
4 130.56 95.97 0.53
5 55.38 113.4 -4.62
6 61.62 110.62 -4.58
7 163.81 104.41 1.15
8 160.93 95.06 1.12
9 59.0 127.33 -4.37
10 53.75 133.78 -4.13
11 4.47 17.25 -8.79
12 54.36 141.9 -4.21
13 47.76 142.82 -3.66
14 62.75 155.95 -4.68
15 51.47 104.89 -3.81
16 45.86 131.83 -2.48
17 47.02 120.14 -1.46
18 289.35 80.86 19.62
19 52.6 113.26 -4.03
20 57.52 120.26 -4.52
21 275.16 132.51 16.84
22 34.17 103.71 -1.93
23 44.17 125.71 -1.91
24 60.31 18.34 -3.21
25 53.2 126.33 -4.09
26 296.62 62.76 21.06
27 39.98 112.8 -1.78
28 42.17 105.58 -1.85
29 45.18 113.37 -1.74
30 32.98 116.25 -1.88
31 284.26 155.06 19.51
32 243.77 136.72 9.76
33 227.67 131.48 6.89
34 30.74 109.89 -1.84
35 32.36 122.34 -2.78
36 24.34 94.69 -7.18
37 23.77 114.75 -2.11
38 40.03 128.8 -2.03
39 281.87 80.41 18.56
40 248.61 84.25 10.5
41 32.72 139.15 -3.27
42 27.85 100.46 -2.14
43 55.92 100.48 -4.38
44 41.79 118.39 -1.56
45 19.0 85.0 -4.34
46 18.0 151.0 -5.51
47 307.0 66.0 12.93
48 17.0 119.0 -1.65
49 285.0 142.0 10.43
50 242.0 90.0 5.3
51 220.0 132.0 3.32
1 57.34 118.53 -6.92
2 49.97 122.75 -4.86
3 56.29 156.28 -6.62
4 130.9 98.1 -0.44
5 53.03 115.36 -6.63
6 59.39 112.67 -7.05
7 164.39 106.4 0.23
8 161.55 97.0 0.14
9 56.75 129.51 -6.42
10 51.62 136.01 -5.88
11 52.4 144.02 -6.42
12 46.14 145.11 -5.83
13 60.51 159.19 -6.58
14 49.33 106.75 -4.87
15 44.61 133.83 -4.54
16 46.23 122.07 -3.94
17 299.71 79.98 22.19
18 50.21 115.17 -5.13
19 55.28 122.28 -6.79
20 284.28 135.45 18.21
21 33.28 105.29 -3.85
22 43.22 127.72 -3.94
23 58.41 17.45 -5.26
24 50.99 128.54 -5.46
25 39.1 114.73 -3.58
26 41.26 107.29 -3.58
27 44.29 115.3 -3.51
28 32.1 118.18 -3.76
29 294.89 159.58 21.03
30 249.26 139.84 9.26
31 231.63 134.1 6.5
32 29.95 111.74 -3.8
33 30.99 124.29 -4.25
34 20.65 95.56 -9.44
35 22.98 116.65 -3.92
36 38.94 130.74 -3.85
37 291.85 79.56 20.01
38 254.38 84.66 10.75
39 31.46 141.34 -4.7
40 26.73 102.1 -3.86
41 53.8 102.43 -6.85
42 40.85 120.32 -3.42
43 18.73 85.56 -11.6
44 17.39 151.87 -12.86
45 17.39 119.66 -5.99
46 287.48 142.78 18.61
47 243.57 90.16 8.12
48 221.06 132.64 4.26
49 296.0 139.0 10.69
50 19.0 90.0 -7.04
51 154.0 133.0 -0.18
52 292.0 121.0 10.2
53 271.0 124.0 7.26
54 260.0 143.0 5.88
1 54.06 119.26 -6.14
2 48.06 123.54 -4.44
3 53.36 158.57 -5.62
4 130.91 99.04 0.35
5 49.73 116.07 -4.98
6 55.94 113.59 -6.09
7 164.9 107.23 0.58
8 161.94 97.67 0.72
9 53.78 130.36 -5.81
10 48.83 136.87 -4.59
11 49.44 145.44 -5.42
12 43.52 146.73 -4.98
13 57.58 161.56 -5.54
14 46.94 107.6 -3.88
15 42.67 134.72 -3.46
16 45.0 122.75 -4.1
17 47.8 115.89 -3.75
18 52.12 122.97 -6.12
19 293.8 136.74 22.82
20 31.67 105.8 -3.17
21 41.67 128.56 -3.12
22 56.36 16.55 -5.68
23 48.46 129.39 -4.33
24 37.46 115.49 -2.61
25 39.6 108.09 -2.53
26 42.7 116.0 -2.7
27 30.57 118.84 -3.06
28 254.46 141.48 11.65
29 235.12 135.3 8.35
30 28.46 112.52 -3.15
31 29.17 124.92 -3.63
32 15.76 95.31 -8.24
33 21.3 117.36 -3.31
34 37.47 131.53 -3.1
35 260.14 83.31 13.39
36 29.17 142.56 -3.52
37 25.18 102.58 -3.21
38 50.61 103.37 -6.29
39 39.61 121.07 -2.81
40 14.62 120.36 -4.09
41 297.37 144.77 23.16
42 247.96 89.31 10.41
43 223.66 133.67 5.66
44 297.91 138.85 23.52
45 153.95 132.84 0.76
46 293.94 120.66 22.53
47 272.09 123.84 16.46
48 260.8 142.81 14.07
49 14.0 99.0 -1.22
50 297.0 136.0 13.28
51 10.0 112.0 -1.98
52 16.0 88.0 -0.49
53 254.0 136.0 7.37
1 49.66 116.93 -5.95
2 44.54 121.35 -4.14
3 49.28 157.61 -5.87
4 130.47 96.75 0.16
5 45.7 113.78 -4.04
6 51.6 110.9 -6.34
7 164.59 105.22 0.72
8 161.78 95.57 0.68
9 49.68 127.93 -5.88
10 45.44 134.55 -4.74
11 45.65 144.3 -5.78
12 39.89 145.62 -5.24
13 53.5 160.67 -5.89
14 43.88 104.9 -4.21
15 39.72 132.49 -3.55
16 41.69 120.52 -3.92
17 44.6 113.67 -3.46
18 47.73 120.67 -4.99
19 29.07 103.23 -3.23
20 38.85 126.34 -3.08
21 45.04 127.04 -4.1
22 35.14 113.14 -2.76
23 37.34 105.36 -3.04
24 40.4 113.72 -3.18
25 27.86 116.46 -2.87
26 259.72 140.34 12.74
27 238.67 133.48 9.07
28 25.74 110.13 -3.14
29 26.2 122.63 -3.15
30 9.46 91.74 -5.83
31 18.43 115.03 -3.07
32 34.67 129.28 -2.55
33 266.6 78.1 14.51
34 26.26 140.66 -3.18
35 22.59 99.94 -3.24
36 46.07 100.81 -5.61
37 36.99 118.73 -2.4
38 10.68 118.0 -3.14
39 252.65 85.15 11.28
40 225.68 131.72 5.95
41 153.79 130.63 0.56
42 280.05 121.57 18.24
43 267.67 141.93 15.27
44 13.08 97.91 -3.99
45 299.51 135.24 23.14
46 8.9 111.11 -4.19
47 16.1 87.26 -3.67
48 255.27 135.62 12.32
49 30.0 121.0 -2.13
50 241.0 98.0 3.74
51 16.0 93.0 -3.54
52 305.0 142.0 12.15
53 179.0 131.0 0.03
1 47.17 117.17 -6.44
2 43.27 121.68 -5.89
3 46.72 159.71 -7.31
4 131.25 97.16 -0.38
5 44.41 114.11 -4.62
6 49.27 111.24 -7.98
7 165.53 105.42 0.48
8 162.74 95.66 0.28
9 47.13 129.13 -6.4
10 43.55 135.33 -6.18
11 42.83 145.62 -6.53
12 37.38 146.79 -6.22
13 51.01 162.84 -7.44
14 42.6 105.15 -4.95
15 38.62 133.3 -5.22
16 40.55 121.0 -5.61
17 43.63 114.0 -4.35
18 45.61 121.02 -5.84
19 28.19 103.28 -3.98
20 38.3 127.05 -5.22
21 43.69 127.7 -5.77
22 34.55 113.55 -3.48
23 36.66 105.59 -4.11
24 39.62 114.07 -4.21
25 27.25 117.0 -3.82
26 267.35 141.8 13.12
27 244.38 134.36 9.09
28 24.87 110.51 -3.95
29 25.42 123.2 -4.4
30 7.12 91.66 -4.74
31 17.61 115.43 -4.01
32 34.15 129.95 -4.31
33 275.1 74.96 15.54
34 25.3 141.54 -4.27
35 21.7 100.06 -3.96
36 43.86 101.16 -6.21
37 36.68 119.11 -4.34
38 10.22 118.32 -4.3
39 259.51 82.85 12.04
40 229.66 132.5 5.71
41 154.67 131.09 0.21
42 290.49 121.53 19.94
43 276.23 143.77 16.73
44 12.47 98.19 -4.77
45 7.71 111.39 -4.82
46 15.18 87.07 -3.64
47 262.57 137.09 12.94
48 29.83 121.33 -3.64
49 241.82 98.19 8.37
50 15.61 93.29 -4.24
51 178.98 131.27 0.48
52 27.0 126.0 -2.22
53 10.0 110.0 -1.67
54 277.0 146.0 8.72
1 43.28 115.82 -4.79
2 39.9 120.64 -5.66
3 42.59 159.97 -7.66
4 130.86 95.4 0.22
5 41.49 112.87 -3.8
6 165.52 104.2 1.14
7 162.71 94.37 0.51
8 43.38 128.05 -5.99
9 40.16 134.22 -6.49
10 38.94 145.14 -6.85
11 33.86 146.17 -6.9
12 46.8 163.22 -7.67
13 39.46 103.64 -4.49
14 35.73 132.25 -5.24
15 37.38 119.74 -4.8
16 40.91 112.78 -3.75
17 42.32 119.76 -5.51
18 25.58 101.7 -3.29
19 35.45 125.88 -4.71
20 40.49 126.6 -5.76
21 32.33 112.23 -3.2
22 34.25 104.12 -4.24
23 37.02 112.82 -3.67
24 24.65 115.48 -3.13
25 274.08 141.86 15.32
26 248.96 133.69 10.65
27 22.37 109.03 -3.34
28 22.6 121.69 -3.64
29 3.64 89.73 -4.01
30 15.11 113.99 -3.44
31 31.81 128.79 -4.2
32 283.21 70.16 18.29
33 22.53 140.67 -4.2
34 19.07 98.35 -3.18
35 40.04 99.79 -5.66
36 34.33 117.78 -3.99
37 7.29 116.89 -3.59
38 265.65 78.72 13.93
39 232.49 131.62 6.81
40 154.56 130.01 0.98
41 284.89 144.34 19.31
42 8.92 96.19 -3.65
43 4.26 109.95 -4.13
44 12.25 85.08 -2.21
45 269.21 137.2 15.15
46 27.63 119.87 -3.0
47 246.07 95.42 9.77
48 12.37 91.37 -3.16
49 179.0 130.26 1.47
50 26.63 125.68 -3.88
51 9.6 109.64 -3.8
52 278.69 145.88 16.81
53 21.0 131.0 -2.53
54 15.0 119.0 -1.99
55 229.0 123.0 2.99
56 249.0 100.0 5.63
57 241.0 134.0 5.18
58 267.0 142.0 7.87
59 247.0 124.0 5.48
60 186.0 106.0 0.89
61 295.0 141.0 11.67
1 40.74 116.03 -5.5
2 37.32 120.87 -6.66
3 39.0 161.77 -8.72
4 131.16 96.18 -0.14
5 39.88 113.15 -5.11
6 166.63 104.79 0.65
7 163.14 94.86 0.75
8 40.65 128.53 -8.01
9 37.15 134.65 -6.87
10 35.98 145.95 -8.4
11 30.93 146.96 -8.45
12 43.2 165.29 -8.74
13 33.37 132.65 -6.07
14 34.92 120.01 -5.08
15 39.37 113.09 -5.06
16 39.73 120.07 -7.13
17 24.28 101.72 -3.92
18 33.07 126.31 -5.18
19 37.84 127.09 -6.79
20 31.2 112.47 -4.57
21 32.55 104.04 -5.96
22 35.5 113.02 -4.86
23 23.54 115.79 -3.52
24 282.69 144.13 16.91
25 255.07 135.45 11.49
26 21.03 109.26 -3.8
27 21.17 122.13 -4.04
28 2.43 89.66 -4.75
29 13.7 114.28 -3.7
30 29.94 129.35 -5.13
31 293.33 67.52 20.24
32 21.1 141.38 -5.0
33 17.83 98.3 -3.86
34 32.41 117.94 -4.43
35 6.11 117.06 -4.13
36 273.5 76.83 15.46
37 236.46 132.87 7.27
38 155.56 130.79 0.29
39 295.53 147.22 21.21
40 7.76 96.09 -4.31
41 2.99 110.17 -4.6
42 11.73 85.13 -3.56
43 277.68 139.3 16.77
44 26.39 120.36 -3.63
45 251.59 95.03 10.64
46 11.48 91.39 -4.13
47 180.43 131.05 0.73
48 24.88 126.12 -4.26
49 8.42 109.8 -4.24
50 288.11 148.5 18.35
51 21.09 130.97 -4.87
52 15.19 118.96 -3.83
53 229.76 122.89 5.82
54 250.47 99.56 10.47
55 242.51 134.08 9.02
56 268.7 141.75 15.01
57 248.48 123.82 10.09
58 186.58 106.01 1.13
59 297.7 141.25 22.27
60 245.0 93.0 5.51
61 232.0 133.0 3.85
62 262.0 83.0 6.9
63 259.0 90.0 6.54
1 37.66 116.39 -6.88
2 33.27 120.8 -5.27
3 34.17 163.49 -8.77
4 131.08 95.82 0.53
5 36.99 113.4 -6.58
6 166.75 104.91 1.06
7 163.34 94.78 1.57
8 36.33 128.57 -6.99
9 33.08 134.62 -6.35
10 31.32 146.37 -8.09
11 26.18 147.39 -8.38
12 38.33 167.02 -8.72
13 29.88 132.65 -5.83
14 32.08 119.82 -4.8
15 36.46 113.22 -6.63
16 35.77 120.16 -6.35
17 22.02 101.22 -4.18
18 30.22 126.27 -4.99
19 33.72 126.99 -5.42
20 28.51 112.2 -5.78
21 32.7 112.81 -6.28
22 21.27 115.51 -3.39
23 291.44 146.0 19.78
24 261.02 136.54 13.7
25 18.77 108.92 -3.44
26 18.51 121.82 -3.35
27 -0.45 88.78 -4.66
28 11.47 113.94 -3.27
29 27.17 129.36 -5.12
30 18.01 141.67 -4.04
31 15.57 97.62 -3.48
32 29.75 117.63 -5.02
33 3.35 116.57 -2.95
34 281.5 73.74 17.76
35 240.2 133.67 9.18
36 155.6 131.0 1.04
37 5.12 95.25 -2.59
38 -0.01 109.56 -3.19
39 9.69 84.2 -2.44
40 286.37 141.03 19.57
41 24.33 120.06 -3.84
42 257.1 94.04 12.49
43 8.96 90.61 -2.72
44 180.61 131.23 1.33
45 22.38 126.07 -4.19
46 5.67 109.4 -2.93
47 297.51 150.71 21.48
48 18.11 130.88 -4.49
49 12.51 118.65 -2.77
50 233.07 123.17 7.21
51 255.84 98.54 12.54
52 247.13 135.08 11.24
53 276.58 143.63 17.22
54 253.58 124.42 11.92
55 187.09 105.87 1.47
56 246.06 92.75 10.77
57 232.94 133.1 7.79
58 263.4 82.41 13.73
59 260.31 89.78 12.94
60 265.0 141.0 8.05
61 12.0 91.0 -1.5
1 34.46 115.64 -10.47
2 30.21 119.98 -8.08
3 29.19 164.23 -10.55
4 131.11 95.4 -0.11
5 167.45 104.34 0.58
6 164.19 94.19 0.97
7 32.0 128.02 -9.43
8 29.77 134.06 -10.08
9 26.78 145.88 -10.46
10 21.38 146.89 -10.02
11 33.4 167.89 -10.51
12 26.83 132.12 -9.68
13 29.41 118.79 -7.97
14 33.53 111.84 -10.47
15 32.04 119.17 -8.8
16 20.19 100.0 -7.41
17 27.46 125.55 -8.94
18 30.61 126.22 -9.06
19 25.96 111.26 -8.23
20 29.9 111.61 -9.83
21 19.73 114.71 -6.5
22 268.3 136.81 16.19
23 16.98 108.15 -5.4
24 16.79 121.21 -6.28
25 -2.5 87.6 -2.05
26 9.75 113.22 -4.27
27 24.41 128.68 -9.06
28 15.82 141.18 -6.26
29 13.78 96.48 -4.48
30 27.44 116.67 -7.92
31 1.82 115.66 -4.47
32 290.91 69.68 21.48
33 244.97 133.87 10.27
34 155.99 130.6 0.72
35 3.24 93.97 -3.36
36 -1.84 108.36 -4.51
37 8.21 82.94 -3.92
38 296.65 141.94 25.0
39 22.38 119.39 -7.61
40 263.71 91.93 14.61
41 7.26 89.45 -4.08
42 181.34 130.83 1.21
43 20.21 125.41 -7.53
44 3.92 108.59 -4.21
45 15.84 130.18 -6.96
46 11.1 117.96 -4.45
47 236.74 122.63 7.9
48 262.51 96.59 14.37
49 253.07 135.4 12.5
50 285.66 144.18 20.76
51 259.92 124.25 13.75
52 187.87 105.53 1.01
53 251.79 90.68 12.28
54 236.87 132.78 8.56
55 270.51 80.03 16.51
56 267.18 87.5 15.01
57 266.61 141.0 15.79
58 11.85 90.65 -4.36
59 278.0 141.0 9.81
60 270.0 132.0 8.57
61 264.0 89.0 8.33
1 29.0 113.64 -12.91
2 27.1 119.72 -12.49
3 24.35 166.06 -12.82
4 131.12 95.39 -0.28
5 167.71 104.33 0.88
6 164.84 94.09 0.87
7 28.19 127.37 -13.0
8 25.28 134.32 -12.76
9 21.94 146.45 -12.66
10 16.7 147.38 -12.27
11 28.56 169.9 -12.8
12 22.61 132.24 -12.38
13 26.33 118.44 -12.1
14 27.92 110.51 -11.93
15 28.26 118.68 -12.46
16 16.68 98.84 -9.69
17 24.15 125.56 -12.88
18 27.23 125.81 -13.09
19 21.32 110.98 -9.06
20 24.65 110.99 -10.31
21 16.75 114.61 -9.01
22 276.11 137.93 20.04
23 14.96 108.1 -8.46
24 14.54 121.25 -9.94
25 -4.06 87.44 -2.12
26 7.68 113.15 -5.07
27 20.85 128.85 -11.86
28 13.06 141.53 -9.21
29 11.69 96.06 -7.33
30 23.56 116.35 -10.57
31 -0.49 115.52 -4.97
32 249.74 134.58 12.57
33 156.49 130.67 0.82
34 1.87 93.73 -4.5
35 6.32 82.53 -4.5
36 19.62 119.3 -11.29
37 270.71 90.03 18.1
38 5.29 89.07 -4.52
39 181.78 131.12 1.08
40 17.35 125.5 -10.56
41 1.93 108.44 -5.14
42 12.82 130.38 -9.44
43 9.14 117.91 -6.51
44 240.66 122.75 9.3
45 269.41 94.74 17.86
46 259.24 136.39 15.16
47 295.55 145.84 25.0
48 266.65 124.46 16.84
49 188.46 105.62 1.63
50 257.77 88.75 14.77
51 241.19 133.41 10.0
52 278.33 77.29 20.4
53 274.36 85.46 18.74
54 274.27 142.13 19.0
55 9.84 90.32 -6.38
56 279.41 140.94 20.24
57 271.31 131.9 17.29
58 265.12 88.31 17.07
59 281.0 148.0 10.54
60 14.0 138.0 -5.69
61 277.0 100.0 10.36
62 278.0 121.0 10.09
1 21.64 112.61 -14.13
2 19.79 119.79 -13.47
3 16.69 169.47 -12.87
4 131.38 95.44 -0.92
5 168.58 104.47 0.29
6 165.74 94.12 0.3
7 20.44 127.58 -13.4
8 17.75 135.0 -12.73
9 20.93 173.53 -12.78
10 15.17 132.71 -12.19
11 19.25 118.42 -13.1
12 20.72 109.97 -13.26
13 20.92 118.6 -13.62
14 11.21 97.36 -11.88
15 16.41 125.91 -12.45
16 19.41 126.15 -13.25
17 16.09 110.94 -11.86
18 18.22 110.88 -12.04
19 11.71 114.68 -11.55
20 288.5 139.83 21.5
21 10.08 108.01 -11.64
22 8.81 121.49 -11.69
23 13.42 129.51 -11.43
24 8.26 142.53 -11.17
25 8.33 95.68 -11.72
26 17.61 116.41 -12.46
27 257.45 135.99 13.08
28 157.34 131.19 0.61
29 -0.49 93.7 -4.99
30 12.72 119.42 -11.61
31 281.92 87.25 18.78
32 2.9 88.94 -7.58
33 182.84 131.39 0.8
34 11.22 126.15 -11.7
35 -0.61 108.59 -7.01
36 7.68 130.97 -11.57
37 6.29 118.23 -11.16
38 246.65 123.13 8.87
39 280.49 92.02 18.31
40 268.53 137.91 15.59
41 277.17 125.36 17.6
42 189.95 105.46 0.49
43 267.14 85.94 14.64
44 247.49 134.33 9.95
45 291.08 72.61 21.13
46 285.91 82.44 19.48
47 286.24 144.3 19.71
48 6.88 90.1 -11.03
49 291.88 142.88 21.7
50 282.06 133.25 18.38
51 275.68 85.6 17.45
52 284.72 148.4 19.08
53 12.74 138.19 -11.73
54 280.58 98.91 18.44
55 281.61 120.69 18.05
56 268.0 138.0 8.64
1 130.62 94.54 -0.16
2 168.51 103.81 0.61
3 165.68 93.48 0.6
4 264.6 136.45 14.49
5 157.32 130.79 0.78
6 292.44 83.27 21.5
7 182.89 131.28 1.58
8 251.41 122.27 10.87
9 290.68 88.2 20.85
10 277.1 138.36 17.81
11 286.87 125.09 20.22
12 190.12 104.72 1.42
13 275.36 82.1 16.47
14 252.75 134.36 11.44
15 296.82 78.26 22.87
16 297.0 145.46 22.68
17 292.1 133.31 21.18
18 285.41 81.7 19.71
19 295.23 149.61 21.74
20 290.82 95.28 21.09
21 291.55 120.21 21.01
22 270.44 138.54 15.44
23 276.0 81.0 9.47
24 295.0 131.0 12.2
25 293.0 85.0 12.22
26 298.0 74.0 12.63
27 303.0 139.0 14.34
28 290.0 74.0 11.61
29 290.0 103.0 11.34
30 305.0 156.0 13.6
31 262.0 88.0 7.32
32 273.0 162.0 8.88
1 130.55 94.28 -0.41
2 169.29 103.79 0.54
3 166.52 93.33 0.46
4 272.31 137.52 15.47
5 158.14 131.24 0.25
6 184.5 131.73 1.03
7 257.18 122.42 10.77
8 286.31 139.65 19.17
9 191.6 104.58 1.03
10 283.97 79.17 17.2
11 258.91 134.84 12.01
12 295.58 78.75 21.2
13 278.48 139.71 16.89
14 278.14 79.94 16.46
15 297.38 130.89 22.11
16 295.47 84.09 21.95
17 292.45 73.14 20.34
18 292.24 102.53 20.29
19 263.4 87.18 12.96
20 275.29 161.86 15.57
21 256.0 121.0 5.48
22 308.0 137.0 12.66
1 130.35 94.95 -0.61
2 169.15 104.37 0.69
3 166.44 93.96 0.45
4 280.67 139.5 17.14
5 158.19 132.09 0.14
6 184.56 132.64 1.0
7 263.2 123.03 12.26
8 191.9 104.88 0.97
9 293.41 76.39 18.95
10 265.27 136.28 13.49
11 287.68 141.86 18.73
12 287.16 77.35 18.21
13 270.49 85.15 14.41
14 283.63 165.75 17.49
15 256.98 121.28 11.54
16 284.0 146.0 9.89
17 290.0 150.0 10.45
18 164.0 107.0 -0.12
19 195.0 94.0 0.61
1 130.14 96.52 -1.19
2 170.29 105.99 -0.24
3 166.98 95.57 0.02
4 289.7 142.76 18.47
5 158.59 134.08 -0.15
6 185.65 134.84 0.16
7 269.65 124.84 13.19
8 192.99 106.17 0.64
9 272.48 139.0 14.28
10 297.37 145.26 20.26
11 296.64 75.61 20.21
12 278.26 84.59 15.46
13 292.7 170.66 18.53
14 263.28 123.2 12.1
15 285.88 146.83 18.15
16 291.91 150.85 18.99
17 164.22 107.39 -0.33
18 195.38 94.24 1.09
19 269.0 132.0 6.78
1 129.39 99.92 -1.57
2 169.51 109.62 0.24
3 166.8 99.17 0.09
4 158.3 137.71 0.04
5 185.3 138.6 0.39
6 276.36 129.26 16.37
7 192.7 109.84 1.01
8 279.85 144.43 17.67
9 286.19 86.39 19.89
10 269.34 127.51 15.21
11 295.54 153.01 22.19
12 163.72 111.01 -0.06
13 195.4 97.9 2.13
14 269.65 132.45 15.57
15 291.0 143.0 10.85
16 261.0 143.0 6.72
17 56.0 53.0 -5.94
1 129.09 98.63 -1.52
2 170.33 108.51 0.23
3 167.1 98.29 0.37
4 158.69 137.01 -0.13
5 186.17 138.25 0.44
6 284.5 128.0 20.98
7 193.95 107.69 1.32
8 289.06 144.21 22.39
9 277.1 126.27 19.41
10 164.14 109.73 -0.03
11 197.19 96.77 2.58
12 277.52 131.12 19.83
13 293.2 143.13 22.78
14 262.61 143.26 14.36
15 55.48 52.31 -10.9
16 296.0 137.0 14.01
17 298.0 148.0 14.1
1 127.58 94.57 -1.35
2 169.63 104.64 0.63
3 166.86 94.1 0.47
4 158.26 133.18 0.21
5 185.62 134.47 0.89
6 294.52 124.15 24.88
7 193.7 104.33 1.75
8 286.18 122.36 22.17
9 163.6 105.9 0.21
10 197.67 92.74 2.45
11 286.77 127.3 22.62
12 268.88 140.04 16.98
13 48.63 43.36 -10.41
14 295.0 112.0 11.83
15 255.0 142.0 5.71
16 149.0 97.0 -0.43
1 126.33 91.39 -0.14
2 170.12 102.16 1.34
3 167.17 91.64 1.6
4 158.46 131.04 1.48
5 186.19 132.65 1.86
6 194.78 101.21 1.93
7 299.57 119.58 21.91
8 163.69 103.3 1.13
9 199.6 90.27 3.18
10 300.46 124.57 22.69
11 279.19 139.1 16.63
12 42.17 35.16 -8.36
13 256.25 142.13 11.76
14 148.46 97.0 0.92
15 153.0 131.0 1.17
16 262.0 69.0 6.23
17 258.0 134.0 6.81
1 126.18 90.54 -0.58
2 170.77 101.5 0.92
3 167.65 91.14 1.52
4 158.7 130.75 1.48
5 186.67 132.28 1.82
6 195.88 100.28 2.24
7 164.08 102.5 0.69
8 200.83 89.42 3.37
9 288.03 139.41 19.7
10 37.41 30.38 -10.75
11 262.29 142.69 13.54
12 148.83 96.12 0.51
13 153.3 131.24 1.08
14 263.17 68.38 12.24
15 259.49 134.01 12.75
16 297.0 136.0 11.91
17 268.0 116.0 7.35
18 131.0 93.0 -0.59
1 126.0 92.04 -0.61
2 171.43 102.68 0.83
3 168.77 92.6 0.99
4 159.98 132.44 0.57
5 188.12 133.89 1.14
6 196.77 100.85 2.31
7 164.81 103.62 0.38
8 202.87 90.45 2.46
9 297.6 141.29 22.57
10 32.39 28.92 -11.95
11 269.36 144.44 14.37
12 149.35 97.42 0.17
13 154.16 132.92 0.79
14 269.13 66.35 13.85
15 266.04 135.48 13.62
16 298.74 136.2 22.68
17 268.82 115.92 14.04
18 130.87 93.15 -0.49
19 184.0 130.0 0.44
20 114.0 99.0 -0.64
21 260.0 65.0 5.65
22 168.0 74.0 0.45
23 284.0 150.0 8.63
24 249.0 128.0 5.06
25 199.0 92.0 0.96
26 82.0 71.0 -2.56
27 272.0 128.0 7.34
1 125.6 92.48 -1.18
2 171.87 103.14 0.33
3 169.33 93.17 0.28
4 160.26 133.34 0.06
5 188.59 134.76 0.6
6 198.3 100.82 0.97
7 164.87 103.98 0.13
8 204.45 90.93 1.62
9 25.57 24.83 -11.35
10 277.58 146.33 13.86
11 149.4 97.78 -0.04
12 154.48 133.84 -0.01
13 276.77 62.65 13.51
14 273.7 136.78 13.24
15 276.64 115.87 13.5
16 130.41 93.53 -0.94
17 184.19 130.29 0.11
18 113.96 99.11 -1.72
19 261.16 64.33 9.89
20 168.15 74.07 0.2
21 285.65 150.47 15.25
22 250.07 128.33 8.46
23 199.23 92.23 0.93
24 81.63 70.96 -4.9
25 273.46 128.17 13.07
26 180.0 104.0 -0.11
27 113.0 148.0 -1.21
28 158.0 138.0 -0.45
29 241.0 112.0 2.81
30 145.0 92.0 -0.2
31 88.0 73.0 -2.15
32 215.0 100.0 0.91
33 245.0 79.0 3.25
1 125.25 92.69 -0.7
2 172.29 103.66 0.6
3 169.73 93.66 0.82
4 160.5 134.08 0.89
5 189.29 135.45 1.08
6 199.13 101.23 1.39
7 165.19 104.53 0.62
8 205.53 91.27 2.21
9 19.29 21.18 -11.76
10 285.39 148.3 16.24
11 149.48 98.1 0.31
12 154.84 134.65 0.8
13 284.1 59.17 15.59
14 281.2 138.08 15.35
15 284.35 115.77 15.98
16 130.3 93.85 -0.42
17 184.46 130.98 1.15
18 113.02 99.64 -0.96
19 266.66 61.66 11.74
20 168.56 74.16 1.0
21 294.42 152.43 17.8
22 255.13 128.95 10.05
23 199.97 92.5 1.49
24 79.0 70.12 -4.51
25 280.68 129.16 15.41
26 180.01 104.51 1.24
27 112.76 148.7 -0.82
28 157.93 138.58 0.94
29 241.56 112.61 7.18
30 144.93 92.5 0.41
31 87.58 73.25 -3.4
32 215.31 100.53 2.38
33 245.57 79.22 7.69
34 287.0 135.0 9.62
35 28.0 73.0 -5.82
36 129.0 107.0 0.46
37 243.0 139.0 4.78
1 124.43 93.67 -1.65
2 172.32 104.72 0.03
3 169.7 94.68 0.26
4 160.42 135.3 0.13
5 189.44 136.76 0.74
6 199.48 102.5 0.81
7 165.12 105.58 0.16
8 206.3 92.41 1.96
9 12.82 17.24 -13.5
10 293.4 151.45 17.96
11 149.41 99.02 -0.04
12 154.63 135.84 0.18
13 291.86 56.92 17.18
14 288.7 140.56 16.85
15 292.22 116.73 17.35
16 129.57 94.79 -0.85
17 184.58 132.29 0.61
18 112.17 100.2 -1.92
19 272.35 60.28 12.88
20 168.44 74.81 0.37
21 259.82 130.67 10.68
22 200.28 93.71 1.19
23 76.3 69.45 -6.55
24 288.28 131.09 16.79
25 180.04 105.58 0.5
26 111.8 150.01 -1.64
27 157.69 139.76 0.25
28 244.69 113.58 7.4
29 144.84 93.37 -0.06
30 85.57 73.18 -4.88
31 216.25 101.66 2.47
32 249.05 79.16 8.29
33 288.75 135.24 16.9
34 26.86 72.67 -13.8
35 129.02 107.05 -0.82
36 244.06 139.28 6.83
37 270.0 132.0 5.56
38 289.0 127.0 8.34
39 251.0 117.0 3.32
40 296.0 153.0 9.49
1 124.16 92.72 -1.67
2 172.58 103.8 0.1
3 170.24 93.62 0.37
4 161.11 134.53 -0.04
5 190.3 135.88 0.45
6 200.33 101.27 1.56
7 165.57 104.68 0.08
8 207.69 90.86 2.47
9 149.61 97.91 -0.1
10 155.46 135.16 -0.09
11 298.07 139.93 19.52
12 129.47 93.92 -0.81
13 185.38 131.48 0.41
14 111.67 99.21 -2.14
15 279.57 54.39 14.77
16 169.37 73.39 0.23
17 266.32 129.54 11.68
18 201.36 92.31 1.25
19 73.54 67.17 -6.98
20 297.6 129.96 19.9
21 180.94 104.57 0.44
22 111.51 149.81 -2.47
23 158.61 139.05 -0.09
24 249.1 111.76 8.15
25 145.14 92.47 -0.14
26 83.44 71.28 -4.72
27 217.67 100.24 3.16
28 253.95 75.32 9.25
29 20.19 69.68 -14.44
30 129.17 106.18 -1.06
31 248.29 138.5 7.43
32 271.15 131.7 12.29
33 290.55 126.73 17.6
34 251.37 116.76 8.17
1 122.97 90.4 -1.07
2 172.56 101.93 0.12
3 170.24 91.52 0.49
4 160.82 132.88 0.09
5 190.34 134.34 0.54
6 200.89 99.47 1.38
7 165.47 102.83 0.15
8 209.11 88.96 1.64
9 149.5 95.79 -0.01
10 155.2 133.48 -0.04
11 128.84 91.52 -0.65
12 185.36 129.81 0.51
13 110.33 96.9 -2.41
14 287.21 48.25 16.27
15 169.42 70.71 0.25
16 272.25 128.19 12.64
17 201.87 90.47 1.27
18 69.47 62.46 -7.02
19 180.94 102.68 0.51
20 110.15 148.27 -2.36
21 158.31 137.42 -0.07
22 253.22 109.47 8.89
23 144.96 90.23 -0.04
24 80.56 67.26 -4.98
25 219.44 97.96 2.54
26 258.66 71.28 10.37
27 128.43 103.7 -0.94
28 251.83 137.43 8.5
29 277.46 130.43 13.37
30 299.61 125.59 19.55
31 255.47 114.67 8.96
32 220.0 70.0 1.74
33 196.0 87.0 0.51
34 222.0 87.0 1.57
35 174.0 137.0 -0.03
36 70.0 31.0 -3.88
37 186.0 90.0 0.21
38 194.0 97.0 0.23
1 122.5 89.15 -0.84
2 172.75 100.55 1.21
3 170.66 90.01 0.67
4 161.04 131.63 1.04
5 190.84 133.18 1.57
6 202.14 97.78 1.52
7 165.71 101.44 1.09
8 210.33 87.47 2.19
9 149.53 94.15 0.15
10 155.36 132.21 0.9
11 128.67 90.23 -0.55
12 185.84 128.65 1.17
13 109.24 94.89 -1.72
14 296.27 42.1 17.29
15 169.64 68.77 0.54
16 279.32 127.16 14.95
17 202.79 89.05 1.84
18 65.95 58.23 -7.46
19 181.46 101.34 0.93
20 108.67 147.46 -1.02
21 158.48 136.14 1.04
22 258.21 107.66 10.35
23 145.02 88.49 0.16
24 78.34 64.01 -5.42
25 221.32 96.34 3.46
26 264.38 67.35 11.24
27 128.07 102.22 -0.5
28 256.72 137.0 10.19
29 284.76 129.51 16.02
30 260.49 113.02 10.73
31 220.39 69.91 3.9
32 196.18 87.15 1.54
33 222.51 86.93 3.84
34 174.05 137.2 1.28
35 69.64 30.35 -7.2
36 186.1 90.1 0.97
37 194.17 97.16 1.25
38 261.0 120.0 6.27
39 112.0 94.0 -0.27
40 75.0 11.0 -2.59
41 72.0 18.0 -2.75
42 226.0 25.0 2.28
43 128.0 63.0 -0.02
1 121.68 87.37 -1.31
2 172.78 99.35 1.05
3 170.78 88.55 0.26
4 160.97 130.75 0.82
5 191.0 132.37 1.47
6 202.28 96.45 1.67
7 165.63 100.21 0.85
8 210.76 85.96 2.68
9 149.46 92.62 0.12
10 155.24 131.35 0.7
11 128.01 88.44 -0.81
12 185.96 127.82 0.99
13 107.73 93.33 -2.28
14 169.68 66.66 0.45
15 286.63 126.27 16.14
16 203.2 87.53 1.87
17 61.36 53.93 -8.22
18 181.5 100.12 0.83
19 107.63 146.75 -1.8
20 158.33 135.3 0.9
21 263.15 105.9 10.95
22 144.87 87.06 0.11
23 74.98 60.49 -5.94
24 222.56 94.48 3.09
25 270.09 62.86 11.92
26 127.36 100.41 -0.63
27 261.69 136.72 10.84
28 292.63 128.63 17.36
29 265.57 111.48 11.24
30 222.03 67.6 4.24
31 196.58 85.46 1.32
32 224.01 84.95 3.79
33 174.08 136.35 0.99
34 65.46 25.26 -7.95
35 186.25 88.71 0.85
36 194.26 95.85 1.26
37 262.12 120.25 10.23
38 111.82 94.0 -1.67
39 74.41 10.19 -6.01
40 71.37 17.13 -6.19
41 226.09 24.64 3.73
42 127.79 62.79 -0.54
43 157.0 101.0 -0.35
44 57.0 46.0 -5.42
45 189.0 95.0 -0.0
46 191.0 136.0 0.1
1 122.15 86.9 -2.64
2 174.49 98.87 -0.14
3 171.87 87.91 -0.12
4 162.44 130.43 -0.2
5 193.11 131.86 -0.37
6 204.49 95.6 0.03
7 167.31 99.7 -0.23
8 213.41 84.86 1.19
9 150.32 92.05 -0.71
10 156.65 131.07 -0.27
11 128.63 88.11 -1.53
12 187.69 127.4 0.09
13 107.7 92.6 -3.35
14 170.93 65.58 -0.42
15 296.56 125.3 17.07
16 205.44 86.55 0.55
17 58.25 51.53 -10.06
18 183.17 99.63 -0.02
19 107.86 147.22 -3.1
20 159.88 134.96 -0.24
21 270.42 104.05 10.87
22 145.66 86.67 -0.57
23 72.9 58.58 -7.19
24 225.35 93.27 2.99
25 277.69 58.31 12.38
26 127.99 99.5 -1.58
27 268.95 136.62 10.57
28 303.28 127.51 18.54
29 272.95 109.81 11.5
30 225.46 65.33 3.51
31 198.47 84.72 0.3
32 227.41 83.29 3.18
33 175.84 135.91 -0.08
34 62.21 21.41 -8.94
35 187.55 88.43 0.15
36 196.06 95.25 0.08
37 268.81 119.43 10.64
38 111.98 93.47 -3.03
39 72.23 6.83 -7.12
40 69.11 13.85 -7.18
41 229.34 21.19 3.37
42 128.32 61.5 -1.34
43 157.52 100.75 -0.46
44 56.71 45.66 -10.1
45 189.57 94.8 0.11
46 191.54 135.87 -0.14
47 64.0 53.0 -3.66
48 194.0 89.0 0.58
1 120.3 85.57 -1.67
2 173.98 97.43 0.4
3 171.25 86.21 0.43
4 161.87 129.24 0.44
5 192.6 130.67 1.01
6 204.01 94.08 0.81
7 166.59 98.29 0.53
8 213.61 83.41 1.56
9 149.6 90.65 -0.01
10 156.01 129.84 0.42
11 127.23 86.72 -1.01
12 187.11 126.19 1.01
13 105.41 90.55 -2.82
14 170.21 63.47 0.15
15 205.37 85.05 1.06
16 52.03 46.8 -9.8
17 182.39 98.28 0.87
18 105.57 146.46 -2.3
19 159.3 133.76 0.44
20 275.35 101.64 12.73
21 145.01 85.2 -0.04
22 68.28 54.93 -6.97
23 226.37 91.21 3.08
24 283.46 53.13 14.03
25 126.64 97.7 -1.01
26 274.0 135.82 12.73
27 278.35 107.75 13.71
28 226.86 61.99 3.67
29 198.14 83.03 0.97
30 228.44 80.85 3.86
31 175.21 134.69 0.86
32 56.75 16.0 -9.36
33 187.2 86.84 0.65
34 195.6 93.67 0.73
35 273.69 117.88 12.68
36 109.97 91.71 -2.05
37 64.39 8.51 -6.98
38 230.59 16.73 3.88
39 127.21 59.58 -1.15
40 156.76 99.58 0.31
41 50.5 40.73 -9.89
42 189.13 93.41 0.72
43 191.24 134.72 1.08
44 63.32 51.82 -7.81
45 194.11 88.59 0.63
46 140.0 85.0 -0.12
47 165.0 133.0 0.11
48 289.0 107.0 7.79
49 274.0 125.0 6.19
50 233.0 71.0 2.2
51 257.0 116.0 4.73
1 119.17 84.24 -2.34
2 174.3 96.31 -0.8
3 171.72 84.95 -0.89
4 162.2 128.2 -0.68
5 192.73 129.52 -0.04
6 204.47 92.52 0.14
7 167.01 97.1 -0.83
8 214.6 81.73 0.18
9 149.61 89.31 -1.01
10 156.32 128.78 -0.78
11 126.69 85.48 -2.05
12 187.76 125.08 -0.36
13 103.69 88.89 -3.21
14 170.42 61.64 -0.74
15 206.02 83.46 0.13
16 46.77 42.61 -10.61
17 183.12 97.15 -0.81
18 104.36 146.05 -3.85
19 159.57 132.72 -0.64
20 282.56 98.88 11.4
21 145.04 83.86 -1.11
22 64.54 51.74 -7.85
23 228.51 89.2 2.01
24 291.32 47.21 12.34
25 126.16 96.4 -2.1
26 281.09 135.16 12.13
27 285.84 105.44 12.6
28 229.19 59.24 2.06
29 198.79 81.58 -0.02
30 231.0 78.49 2.34
31 175.72 133.64 -0.41
32 51.77 10.69 -9.79
33 187.72 85.55 -0.53
34 196.1 92.57 -0.4
35 280.59 116.05 11.57
36 108.5 90.31 -2.57
37 232.9 13.17 2.2
38 126.74 57.58 -1.85
39 157.01 98.24 -1.02
40 45.18 36.32 -10.58
41 189.67 92.23 -0.58
42 191.41 133.59 0.15
43 59.15 48.37 -8.54
44 194.56 87.3 -0.36
45 139.94 84.57 -1.08
46 164.97 132.56 -0.51
47 290.6 105.96 13.07
48 275.14 124.29 10.3
49 233.41 70.21 3.05
50 257.99 115.07 7.61
51 168.0 126.0 -0.59
52 98.0 85.0 -2.19
53 237.0 1.0 0.73
1 118.62 87.59 -1.55
2 174.51 99.31 0.53
3 171.85 87.85 0.62
4 162.5 131.7 0.05
5 194.15 132.78 0.53
6 205.01 95.28 2.29
7 167.27 100.16 0.12
8 215.27 84.54 3.06
9 149.62 92.26 0.07
10 156.61 132.35 -0.01
11 126.31 88.57 -1.2
12 188.36 128.45 0.14
13 102.5 91.64 -1.21
14 170.35 64.05 1.12
15 206.53 86.28 2.39
16 41.37 43.05 -7.82
17 183.3 100.1 0.29
18 103.17 150.85 -2.21
19 160.0 136.31 0.14
20 289.43 99.93 15.09
21 145.03 86.82 0.05
22 60.64 53.02 -6.2
23 229.98 91.32 5.02
24 298.5 44.84 17.62
25 125.66 99.04 -0.77
26 288.59 138.98 15.29
27 293.44 107.21 16.18
28 230.55 60.35 5.26
29 199.15 84.48 2.08
30 232.52 80.26 5.54
31 176.39 137.12 0.09
32 46.45 9.44 -6.05
33 187.92 88.54 0.44
34 196.42 95.64 0.83
35 287.61 118.55 15.09
36 107.85 93.6 -1.51
37 234.34 12.32 5.43
38 125.97 59.87 -0.84
39 157.14 101.28 0.3
40 39.81 36.28 -7.77
41 189.96 95.15 0.38
42 192.84 136.92 0.34
43 54.82 49.44 -6.5
44 194.79 90.43 0.97
45 139.92 87.57 -0.0
46 165.37 136.09 -0.31
47 298.41 107.64 17.13
48 281.54 127.42 13.76
49 235.4 71.54 6.18
50 262.94 117.44 10.44
51 168.17 127.78 -0.07
52 97.92 87.12 -2.18
53 236.66 3.24 6.01
54 238.0 36.0 4.89
55 121.0 94.0 0.78
56 238.0 77.0 5.18
1 117.12 89.7 -0.1
2 174.14 102.36 2.36
3 171.44 91.15 2.87
4 162.03 134.76 2.39
5 193.81 136.16 2.85
6 205.24 98.13 4.3
7 166.72 103.16 2.04
8 215.86 87.76 4.73
9 149.2 95.05 1.95
10 156.09 135.37 2.41
11 124.88 90.87 0.83
12 187.9 131.72 2.73
13 101.01 93.73 0.4
14 170.07 66.62 2.37
15 206.78 89.59 4.14
16 36.08 42.32 -8.05
17 183.0 103.15 2.5
18 101.03 154.06 0.44
19 159.48 139.37 2.44
20 296.22 102.92 18.49
21 144.47 89.78 1.83
22 56.62 53.16 -6.3
23 231.65 93.95 6.59
24 124.48 101.49 0.9
25 295.63 144.02 20.19
26 300.87 110.88 20.45
27 232.15 62.64 6.59
28 199.25 87.29 3.77
29 234.45 82.89 6.91
30 175.85 140.37 2.73
31 42.05 8.02 -6.88
32 187.5 92.09 2.48
33 196.2 98.67 3.1
34 294.52 122.48 18.63
35 106.29 95.78 0.07
36 235.87 13.88 6.09
37 124.98 61.76 0.08
38 156.63 104.06 2.22
39 34.55 35.37 -8.06
40 189.53 98.42 2.68
41 192.46 140.35 2.97
42 50.55 49.34 -6.49
43 194.54 93.57 3.08
44 139.38 90.41 1.79
45 164.79 139.23 2.14
46 287.75 131.52 17.49
47 237.56 74.14 7.82
48 267.41 121.07 13.23
49 167.65 130.87 2.26
50 96.11 89.08 -1.38
51 238.57 4.53 6.45
52 238.88 37.67 7.36
53 121.4 95.32 0.93
54 239.17 78.48 7.89
55 279.0 125.0 7.95
56 50.0 20.0 -4.33
57 201.0 136.0 1.97
58 238.0 55.0 2.76
59 156.0 86.0 1.48
60 137.0 104.0 0.94
61 28.0 26.0 -5.48
1 117.5 89.92 -2.72
2 175.85 103.05 0.19
3 173.35 92.08 0.18
4 163.54 136.03 -0.03
5 196.23 137.44 0.14
6 208.2 98.12 1.32
7 168.14 103.71 -0.13
8 218.92 88.1 2.08
9 150.3 95.29 -0.49
10 157.64 136.7 -0.17
11 125.76 91.4 -1.79
12 189.95 132.89 0.24
13 101.69 93.76 -2.86
14 171.76 66.23 0.21
15 209.69 89.93 1.47
16 32.46 38.93 -13.49
17 184.47 103.77 0.28
18 101.98 156.06 -2.88
19 161.36 140.66 -0.19
20 145.49 90.29 -0.26
21 53.86 50.37 -10.4
22 236.1 93.28 4.14
23 125.38 101.58 -1.79
24 236.74 60.9 4.45
25 201.95 87.06 1.06
26 238.92 82.22 4.62
27 177.71 141.55 0.01
28 189.32 93.1 0.25
29 198.32 99.01 0.76
30 106.76 95.88 -2.78
31 240.47 11.28 3.42
32 125.34 60.26 -1.59
33 158.05 104.04 0.01
34 31.01 31.92 -13.66
35 191.33 99.22 0.32
36 194.77 141.65 0.27
37 47.75 46.59 -11.34
38 196.66 93.92 0.68
39 140.39 91.03 -0.36
40 166.23 140.43 -0.31
41 297.73 132.66 16.54
42 242.28 73.28 6.16
43 275.23 121.59 11.48
44 169.33 132.03 -0.24
45 96.05 88.62 -4.54
46 243.53 35.33 6.0
47 122.31 95.61 -1.74
48 243.77 77.62 6.35
49 280.97 124.59 12.76
50 49.26 20.7 -10.64
51 202.57 136.65 0.12
52 238.87 54.42 4.72
53 156.72 86.82 -0.03
54 137.36 104.83 -0.19
55 27.08 26.97 -13.65
56 283.0 67.0 6.58
57 248.0 24.0 3.41
58 237.0 22.0 2.02
59 245.0 61.0 3.2
1 116.54 92.08 -3.39
2 176.34 105.37 -0.85
3 173.95 94.61 -0.59
4 164.18 138.65 -1.12
5 196.54 139.97 -0.39
6 209.46 100.4 0.26
7 168.61 106.11 -0.88
8 220.5 89.86 0.96
9 150.67 97.62 -0.99
10 158.28 139.38 -1.27
11 125.29 93.61 -2.22
12 190.55 135.43 -0.81
13 100.85 96.1 -3.94
14 172.29 68.13 -0.31
15 210.85 91.85 0.62
16 26.48 38.96 -14.67
17 185.23 105.91 -0.8
18 100.63 159.52 -4.43
19 161.71 143.36 -0.99
20 145.84 92.91 -0.82
21 49.28 50.98 -10.98
22 238.33 94.66 3.35
23 125.13 103.82 -2.53
24 238.99 61.15 4.3
25 202.96 88.77 0.22
26 241.46 83.06 4.27
27 178.26 144.22 -0.94
28 189.76 95.51 -0.27
29 199.15 101.05 -0.06
30 105.82 98.33 -3.74
31 242.01 11.12 3.42
32 124.65 61.67 -1.49
33 158.54 106.45 -0.72
34 24.84 31.84 -14.53
35 191.92 101.37 -0.38
36 195.23 144.23 -0.35
37 42.77 47.16 -11.95
38 197.43 95.94 -0.14
39 140.69 93.55 -0.91
40 166.58 143.09 -1.11
41 245.48 73.59 6.21
42 281.59 123.55 11.86
43 169.62 134.59 -1.32
44 94.53 91.0 -4.6
45 246.39 34.53 6.14
46 122.06 98.0 -2.48
47 247.17 77.95 6.29
48 288.1 126.65 13.1
49 44.37 20.31 -10.88
50 202.76 139.31 -0.16
51 241.0 54.52 5.08
52 157.22 89.65 -1.01
53 137.41 106.75 -1.04
54 20.82 26.74 -14.36
55 284.01 67.79 12.55
56 248.23 24.29 6.36
57 236.98 22.4 3.79
58 245.24 61.39 6.27
59 112.0 62.0 -1.23
60 245.0 72.0 2.77
1 114.93 87.53 -3.63
2 176.22 101.98 -0.72
3 173.91 90.92 -0.43
4 163.78 135.47 -0.72
5 196.51 136.84 -0.13
6 209.76 96.79 0.29
7 168.35 102.66 -0.61
8 221.5 86.58 1.09
9 150.09 93.63 -0.5
10 157.78 136.21 -0.76
11 124.1 89.66 -1.89
12 190.51 132.3 -0.37
13 98.91 91.61 -3.55
14 172.45 63.58 -0.35
15 211.55 88.52 0.75
16 18.23 29.08 -14.12
17 185.15 102.6 -0.65
18 98.93 156.36 -4.57
19 161.46 140.15 -0.75
20 145.4 89.44 -0.53
21 43.14 42.79 -10.67
22 241.13 90.56 3.19
23 123.76 99.78 -1.99
24 242.12 55.5 3.8
25 203.34 85.26 0.38
26 244.51 78.22 4.06
27 177.97 141.1 -0.53
28 189.85 92.03 -0.3
29 199.25 97.68 -0.15
30 104.1 93.64 -3.75
31 244.6 4.94 2.43
32 123.96 56.67 -1.5
33 158.25 103.08 -0.47
34 16.56 21.41 -14.17
35 192.0 98.0 -0.4
36 195.2 141.14 -0.24
37 36.05 38.39 -11.65
38 197.54 92.43 -0.21
39 140.24 89.97 -0.59
40 166.25 139.88 -0.78
41 249.34 68.22 5.74
42 288.52 120.19 12.73
43 169.4 131.41 -1.1
44 91.52 86.93 -3.32
45 250.4 27.25 5.33
46 120.7 94.04 -2.04
47 251.04 72.67 5.84
48 295.68 123.26 13.97
49 38.16 9.95 -10.33
50 202.8 136.27 0.03
51 244.28 48.52 4.22
52 156.9 85.81 -0.78
53 137.02 102.94 -0.93
54 12.56 16.11 -13.99
55 291.66 60.98 12.48
56 252.38 16.55 5.33
57 239.78 15.93 2.94
58 248.87 55.29 5.97
59 112.06 62.62 -2.78
60 246.13 72.57 4.52
61 296.0 126.0 8.2
62 247.0 43.0 2.42
1 113.02 88.26 -2.89
2 175.66 103.55 -0.08
3 173.55 92.28 0.02
4 163.2 137.16 -0.17
5 196.26 138.63 0.87
6 209.91 97.97 0.85
7 167.81 104.2 -0.09
8 222.04 87.87 1.78
9 149.73 95.11 -0.38
10 157.16 137.86 -0.24
11 123.03 91.73 -1.69
12 190.12 134.08 0.38
13 96.69 92.51 -3.27
14 172.08 64.41 -0.04
15 211.88 89.87 1.47
16 184.58 104.21 0.06
17 96.0 159.1 -3.83
18 160.87 141.83 -0.17
19 145.06 90.74 -0.48
20 37.17 40.86 -11.28
21 242.56 91.83 4.34
22 122.61 101.25 -1.63
23 243.8 55.66 4.9
24 203.48 86.34 0.94
25 246.53 78.62 4.97
26 177.52 142.88 -0.03
27 189.58 93.49 0.18
28 199.13 98.85 -0.05
29 101.91 94.46 -3.17
30 245.78 5.36 2.87
31 123.06 57.44 -1.49
32 157.93 104.34 -0.23
33 191.62 99.51 0.16
34 195.02 142.92 0.27
35 29.57 36.02 -12.53
36 197.37 93.69 -0.02
37 139.82 91.27 -0.43
38 165.64 141.61 -0.18
39 252.42 67.97 6.67
40 295.29 121.97 14.6
41 168.54 133.12 -0.27
42 89.61 88.24 -2.65
43 253.27 25.85 6.51
44 119.59 95.46 -1.68
45 254.18 72.44 6.83
46 303.14 125.18 17.17
47 32.12 6.3 -11.12
48 202.64 138.11 1.1
49 246.47 48.19 5.13
50 156.35 87.17 -0.33
51 136.51 104.28 -0.63
52 297.93 59.48 14.84
53 255.26 15.0 6.47
54 240.96 16.44 3.99
55 252.15 54.41 6.77
56 110.59 63.34 -2.65
57 248.45 72.74 5.5
58 297.88 126.37 15.63
59 247.35 43.03 5.45
60 105.0 94.0 -1.54
1 111.21 89.79 -3.82
2 175.48 105.81 -0.13
3 173.5 94.6 -0.23
4 163.03 139.71 -0.21
5 196.48 141.46 0.78
6 210.08 99.97 1.32
7 167.75 106.49 -0.3
8 222.58 90.19 2.51
9 149.55 97.35 -0.87
10 156.97 140.42 -0.29
11 122.09 93.68 -1.97
12 190.21 136.76 0.15
13 95.12 94.44 -4.36
14 172.18 66.22 -0.04
15 212.37 92.13 1.82
16 184.54 106.48 0.06
17 93.84 162.47 -3.8
18 160.67 144.42 -0.22
19 144.84 92.92 -0.94
20 31.6 39.73 -13.79
21 244.73 93.66 4.84
22 121.64 102.97 -1.98
23 246.37 56.16 5.78
24 203.82 88.47 1.16
25 249.06 79.85 6.17
26 177.41 145.56 -0.1
27 189.58 95.79 0.33
28 199.1 101.32 0.34
29 100.23 96.2 -4.16
30 247.33 6.46 3.65
31 122.42 58.85 -1.91
32 157.78 106.67 -0.35
33 191.62 101.89 0.29
34 195.04 145.73 0.16
35 23.4 34.52 -15.45
36 197.34 96.11 0.24
37 139.62 93.44 -1.02
38 165.44 144.21 -0.25
39 255.8 68.6 7.73
40 302.79 124.56 18.05
41 168.28 135.63 -0.17
42 88.0 90.57 -3.04
43 256.48 24.89 7.84
44 118.58 97.2 -2.0
45 257.62 73.14 8.01
46 203.0 140.83 1.06
47 249.03 48.38 6.18
48 156.07 89.37 -0.47
49 136.08 106.18 -1.38
50 258.52 13.86 8.07
51 243.21 16.24 4.8
52 255.53 54.4 7.75
53 109.07 65.13 -3.85
54 251.32 73.7 6.53
55 250.1 42.97 6.39
56 104.85 94.62 -4.15
57 140.0 86.0 -0.66
58 155.0 144.0 -0.33
1 109.37 88.19 -3.82
2 175.23 104.42 0.19
3 173.27 93.01 0.19
4 162.76 138.45 0.05
5 196.56 140.14 1.0
6 210.61 98.56 1.65
7 167.45 105.09 0.01
8 223.84 88.37 2.62
9 148.81 95.75 -0.43
10 156.64 139.12 0.01
11 120.66 92.05 -1.63
12 189.98 135.47 0.56
13 92.33 92.25 -4.43
14 172.0 64.1 0.22
15 213.19 90.38 2.1
16 184.42 105.07 0.33
17 91.54 161.56 -3.66
18 160.31 143.12 0.13
19 144.07 91.28 -0.57
20 24.27 34.23 -14.86
21 247.2 91.17 5.64
22 120.39 101.44 -1.89
23 249.25 52.32 6.79
24 204.22 86.83 1.58
25 252.05 76.66 7.43
26 177.17 144.27 0.22
27 189.56 94.25 0.68
28 198.99 99.84 1.18
29 97.76 93.91 -4.23
30 121.16 56.1 -1.61
31 157.47 105.41 -0.16
32 191.56 100.44 0.6
33 195.0 144.47 0.42
34 197.24 94.69 1.1
35 138.8 91.8 -0.58
36 165.12 142.89 0.05
37 259.79 64.75 9.4
38 168.08 134.4 0.03
39 86.26 88.77 -3.14
40 260.39 19.23 10.18
41 117.26 95.59 -1.85
42 261.78 69.36 9.7
43 203.3 139.68 1.31
44 251.92 44.44 7.66
45 155.76 87.76 -0.6
46 135.14 104.68 -0.82
47 259.45 49.68 9.11
48 107.25 63.09 -4.14
49 254.65 70.33 8.24
50 253.05 38.88 7.77
51 102.55 92.73 -4.11
52 139.55 85.36 -0.71
53 154.6 143.61 0.03
54 268.0 55.0 6.34
1 107.27 84.71 -3.88
2 175.38 100.98 -0.05
3 173.28 89.28 0.15
4 162.8 135.14 -0.11
5 197.28 136.73 0.55
6 211.5 94.79 1.64
7 167.4 101.63 -0.11
8 225.32 84.22 2.82
9 148.56 92.22 -0.58
10 156.67 135.79 -0.17
11 119.81 88.75 -1.94
12 190.34 132.09 0.24
13 90.18 88.08 -4.65
14 172.14 59.34 0.23
15 214.29 86.42 1.85
16 184.54 101.67 0.19
17 89.57 158.87 -4.82
18 160.4 139.78 -0.16
19 143.76 87.63 -0.68
20 16.02 25.82 -14.45
21 250.22 86.57 5.42
22 119.37 97.58 -2.04
23 252.79 45.45 6.88
24 205.07 82.93 1.3
25 255.56 70.84 7.85
26 177.25 140.96 -0.04
27 189.9 90.65 0.48
28 199.48 96.33 1.07
29 95.68 89.72 -4.44
30 120.23 51.5 -1.81
31 157.34 101.98 -0.28
32 191.88 97.0 0.39
33 195.17 141.05 0.27
34 197.63 91.06 1.0
35 138.48 88.07 -0.79
36 165.13 139.58 -0.19
37 264.63 57.97 9.5
38 168.1 131.05 -0.05
39 84.45 84.84 -3.94
40 116.31 91.79 -2.06
41 266.8 62.58 9.84
42 204.1 136.39 0.79
43 255.84 37.13 7.96
44 155.39 83.91 -0.64
45 134.57 101.02 -1.17
46 264.31 42.11 9.42
47 104.64 59.17 -3.72
48 258.77 64.09 8.67
49 257.05 31.25 8.01
50 100.47 89.03 -4.14
51 139.21 81.36 -0.82
52 154.64 140.35 -0.41
53 269.29 53.18 10.61
54 220.0 82.0 1.49
1 105.19 81.28 -3.85
2 175.51 98.28 -0.08
3 173.48 86.15 0.07
4 162.77 132.76 -0.04
5 197.6 134.51 0.71
6 212.36 91.75 1.66
7 167.45 98.94 -0.11
8 226.77 81.27 2.94
9 148.38 89.4 -0.6
10 156.62 133.49 -0.12
11 118.82 85.77 -2.11
12 190.52 129.78 0.4
13 87.69 84.32 -4.8
14 172.36 55.21 0.1
15 215.48 83.39 1.63
16 184.77 98.94 0.15
17 87.38 156.96 -4.62
18 160.35 137.47 -0.08
19 143.51 84.35 -0.69
20 253.64 82.71 5.54
21 118.34 94.47 -1.98
22 257.25 38.72 6.65
23 205.96 79.38 1.12
24 260.26 65.34 7.67
25 177.31 138.68 0.08
26 190.3 87.77 0.41
27 200.16 93.56 0.88
28 93.29 85.79 -4.74
29 119.54 46.82 -2.07
30 157.3 99.24 -0.29
31 192.21 94.38 0.4
32 195.37 138.84 0.34
33 198.35 88.2 0.79
34 138.22 84.76 -0.74
35 165.1 137.24 -0.09
36 270.32 51.71 9.47
37 168.11 128.64 -0.04
38 82.59 81.39 -4.42
39 115.26 88.61 -2.1
40 272.71 56.42 9.98
41 204.74 134.17 1.15
42 260.76 29.67 7.65
43 155.21 80.55 -0.66
44 134.3 98.29 -1.53
45 269.96 34.55 9.51
46 102.82 55.63 -3.79
47 263.91 58.24 8.67
48 261.91 23.88 7.63
49 98.1 84.99 -3.93
50 138.83 77.82 -0.72
51 154.48 138.03 -0.31
52 275.66 46.25 11.02
53 220.37 81.69 2.47
54 183.0 103.0 0.16
55 280.0 50.0 6.64
56 261.0 58.0 4.53
57 155.0 105.0 -0.06
1 102.65 81.5 -3.36
2 175.22 97.98 0.43
3 173.18 85.73 0.76
4 162.57 132.67 0.21
5 197.71 134.46 0.85
6 213.09 91.13 2.04
7 167.09 98.62 0.44
8 228.12 80.52 2.96
9 147.76 88.77 0.02
10 156.34 133.37 0.17
11 117.19 84.64 -1.21
12 190.4 129.69 0.76
13 84.31 82.97 -4.18
14 172.21 53.55 0.76
15 216.1 82.8 2.38
16 184.57 98.61 0.71
17 84.36 157.69 -4.33
18 160.04 137.4 0.31
19 142.81 83.73 -0.01
20 256.43 81.18 6.74
21 116.65 93.4 -1.17
22 260.46 35.37 8.27
23 206.33 78.72 1.87
24 263.73 62.83 9.49
25 177.06 138.6 0.52
26 190.22 87.27 0.75
27 200.41 92.51 0.83
28 90.11 84.5 -4.33
29 118.13 44.78 -1.3
30 156.81 98.88 0.32
31 192.07 93.89 0.7
32 195.37 138.81 0.67
33 198.49 87.57 0.9
34 137.48 84.28 0.01
35 164.78 137.13 0.3
36 274.65 48.57 11.44
37 167.87 128.57 0.28
38 79.46 80.27 -4.03
39 113.51 87.59 -1.18
40 277.31 53.3 11.7
41 204.87 134.03 1.11
42 264.4 25.63 9.16
43 154.35 79.96 0.3
44 132.86 97.52 -0.42
45 274.48 30.28 11.23
46 100.46 54.3 -3.42
47 267.95 55.26 10.28
48 265.49 19.6 9.19
49 95.55 83.84 -3.44
50 138.14 77.35 -0.0
51 153.91 137.87 0.34
52 280.76 42.2 12.96
53 221.45 81.07 2.82
54 182.77 102.64 0.64
55 280.75 49.06 12.71
56 261.43 57.31 9.17
57 154.72 104.55 0.37
58 121.0 84.0 -0.55
59 277.0 51.0 6.22
60 154.0 110.0 0.12
1 100.7 81.12 -4.14
2 175.5 97.85 0.37
3 173.67 85.2 0.45
4 162.67 132.67 0.14
5 198.29 134.51 0.64
6 214.29 90.65 1.97
7 167.34 98.45 0.23
8 230.01 80.19 2.49
9 147.78 88.32 -0.22
10 156.41 133.37 0.12
11 116.56 84.04 -1.74
12 190.91 129.73 0.46
13 82.39 81.94 -5.87
14 172.58 52.51 0.52
15 217.4 82.57 2.09
16 184.98 98.45 0.41
17 81.86 158.41 -5.08
18 160.16 137.39 0.31
19 142.81 83.12 -0.19
20 259.93 79.97 7.1
21 116.21 92.88 -1.86
22 264.99 31.56 8.22
23 207.32 78.18 1.55
24 269.22 59.93 9.11
25 177.24 138.68 0.53
26 190.71 87.02 0.55
27 201.08 91.62 0.64
28 87.98 83.27 -5.76
29 117.36 42.86 -1.86
30 156.97 98.68 0.11
31 192.63 93.66 0.42
32 195.67 138.82 0.91
33 199.17 87.24 0.57
34 137.47 83.79 -0.2
35 164.9 137.14 0.35
36 281.13 44.53 11.35
37 168.05 128.54 0.16
38 77.55 79.28 -5.75
39 112.93 87.06 -1.83
40 283.89 49.36 11.82
41 205.9 134.37 1.53
42 269.53 21.04 8.91
43 154.55 79.36 -0.09
44 132.7 97.05 -0.27
45 280.48 25.69 11.3
46 98.65 52.33 -4.15
47 273.78 51.6 10.03
48 270.64 14.84 8.94
49 93.57 82.55 -4.12
50 138.11 76.64 -0.22
51 154.0 137.92 0.26
52 287.77 37.74 13.23
53 223.18 80.72 2.46
54 183.21 102.53 0.31
55 287.78 44.77 12.91
56 266.62 54.29 9.18
57 154.9 104.32 0.17
58 120.74 84.22 -1.22
59 278.31 50.46 10.95
60 153.95 110.11 0.12
1 98.69 80.69 -4.2
2 175.68 97.33 0.17
3 173.88 84.6 0.58
4 162.74 132.44 0.24
5 198.49 134.32 1.09
6 215.35 89.78 1.94
7 167.48 97.97 0.28
8 231.14 79.61 3.41
9 147.69 87.69 -0.18
10 156.49 133.15 0.22
11 115.7 82.91 -1.98
12 191.12 129.51 0.55
13 79.57 80.73 -5.65
14 172.9 50.84 0.5
15 218.65 81.92 1.91
16 185.26 97.98 0.47
17 79.23 159.09 -5.81
18 160.3 137.17 0.37
19 142.74 82.51 -0.17
20 264.0 78.11 6.89
21 115.2 91.99 -1.93
22 269.58 27.1 8.18
23 208.3 77.21 1.53
24 274.16 56.58 9.63
25 177.47 138.59 0.67
26 190.98 86.5 0.67
27 201.23 91.59 1.23
28 85.22 81.69 -5.69
29 116.56 41.13 -1.71
30 157.04 98.18 0.19
31 192.77 93.34 0.68
32 196.08 138.81 1.37
33 199.39 86.76 0.95
34 137.43 83.33 -0.24
35 165.04 136.89 0.37
36 287.42 40.12 12.1
37 168.11 128.29 0.2
38 74.78 78.16 -5.54
39 112.01 86.15 -2.19
40 290.44 44.97 12.31
41 206.16 133.8 2.17
42 274.47 15.95 9.16
43 154.55 78.65 0.05
44 132.43 96.41 -0.34
45 286.75 20.07 11.84
46 96.52 49.63 -4.02
47 279.23 47.8 10.7
48 275.66 9.58 9.24
49 91.5 80.7 -4.21
50 138.05 75.94 -0.28
51 154.13 137.68 0.37
52 295.05 32.22 13.83
53 224.38 80.09 3.16
54 183.4 102.01 0.46
55 294.91 39.92 13.53
56 271.64 50.55 9.73
57 154.98 103.79 0.28
58 120.13 83.42 -1.47
59 284.27 46.35 11.52
60 154.0 109.93 0.34
1 96.13 80.29 -4.48
2 175.82 97.53 0.31
3 174.25 84.42 0.23
4 162.85 132.97 0.1
5 199.1 134.66 0.66
6 216.58 89.52 1.65
7 167.67 98.13 0.04
8 233.04 79.2 2.9
9 147.63 87.63 -0.58
10 156.6 133.68 0.04
11 114.73 82.74 -2.11
12 191.45 129.96 0.6
13 76.28 80.35 -6.13
14 173.22 49.68 0.12
15 219.74 81.73 1.61
16 185.48 98.16 0.42
17 76.31 160.8 -6.1
18 160.56 137.7 0.11
19 142.69 82.5 -0.68
20 267.76 76.44 7.22
21 114.31 91.83 -1.88
22 274.19 22.95 8.3
23 209.11 76.93 1.29
24 279.5 53.41 9.71
25 177.92 139.0 0.34
26 191.48 86.5 0.37
27 201.94 90.55 0.97
28 81.86 80.75 -6.09
29 115.43 39.08 -1.8
30 157.2 98.27 -0.13
31 193.25 93.52 0.37
32 196.83 139.18 0.9
33 200.04 86.35 0.56
34 137.34 83.44 -0.77
35 165.28 137.45 0.09
36 293.96 35.68 12.9
37 168.25 128.75 0.07
38 71.57 77.75 -6.19
39 110.94 85.86 -2.15
40 297.04 40.81 13.37
41 207.54 134.2 1.15
42 279.5 10.86 9.37
43 154.58 78.41 -0.23
44 132.43 96.12 -1.26
45 293.31 14.42 11.77
46 93.93 46.52 -4.22
47 285.29 43.74 11.23
48 280.7 4.16 9.12
49 88.97 79.7 -4.61
50 137.94 75.77 -0.73
51 154.42 138.29 -0.01
52 302.52 26.74 15.41
53 226.13 79.83 2.5
54 183.61 102.28 0.41
55 302.13 35.33 14.65
56 277.09 46.94 9.64
57 155.21 103.93 -0.11
58 119.4 83.43 -1.98
59 290.74 42.17 12.08
60 154.27 110.05 -0.13
61 132.0 85.0 -0.82
62 105.0 91.0 -1.29
1 94.12 84.11 -5.84
2 176.0 98.73 0.16
3 174.49 85.51 0.02
4 163.05 134.49 -0.2
5 199.72 136.14 0.22
6 217.46 90.05 1.97
7 167.79 99.34 -0.12
8 234.63 79.98 3.04
9 147.5 88.64 -1.09
10 156.76 135.26 -0.33
11 113.51 83.22 -2.22
12 191.85 131.41 0.35
13 72.96 81.41 -6.85
14 173.38 50.11 0.05
15 220.72 82.61 1.8
16 185.82 99.36 0.22
17 72.87 163.99 -6.58
18 160.73 139.27 -0.2
19 142.55 83.62 -1.12
20 271.65 76.14 7.36
21 113.1 92.42 -1.7
22 278.69 20.04 8.9
23 209.97 77.49 1.35
24 284.63 51.64 11.14
25 178.22 140.75 0.02
26 191.72 87.75 0.38
27 202.57 91.81 0.79
28 78.69 81.18 -6.71
29 114.57 39.13 -2.24
30 157.27 99.31 -0.33
31 193.52 94.75 0.22
32 197.54 140.81 0.54
33 200.44 87.59 0.36
34 137.16 84.53 -1.2
35 165.46 138.98 -0.22
36 300.75 32.44 14.06
37 168.35 130.25 -0.05
38 68.17 78.81 -6.96
39 109.61 86.45 -1.98
40 304.05 37.61 15.15
41 208.42 135.45 0.99
42 284.52 7.31 10.03
43 154.58 79.43 -0.31
44 131.99 97.24 -1.27
45 299.66 10.31 12.9
46 91.92 46.21 -5.45
47 291.08 41.14 12.36
48 285.69 0.35 9.55
49 86.83 80.09 -5.91
50 137.71 76.74 -1.1
51 154.57 139.81 -0.47
52 227.62 80.66 2.43
53 183.97 103.48 0.2
54 282.24 44.79 10.97
55 155.32 104.88 -0.3
56 118.4 84.65 -2.13
57 297.05 39.46 13.18
58 154.43 110.83 -0.44
59 131.85 85.12 -1.3
60 104.74 91.03 -2.61
61 291.0 36.0 6.47
62 233.0 88.0 1.63
63 281.0 50.0 6.4
64 108.0 36.0 -1.43
65 287.0 11.0 5.8
66 101.0 84.0 -1.91
67 89.0 161.0 -3.39
68 68.0 24.0 -3.86
69 155.0 85.0 -0.18
70 138.0 140.0 -0.69
71 213.0 139.0 0.44
72 77.0 75.0 -3.58
73 212.0 82.0 0.84
1 91.38 83.49 -6.95
2 176.22 99.15 -0.35
3 174.54 85.87 -0.22
4 163.24 135.29 -0.51
5 199.96 136.82 0.21
6 218.69 90.36 1.63
7 167.82 99.85 -0.34
8 236.35 80.06 3.13
9 147.23 89.03 -1.1
10 156.91 136.04 -0.69
11 112.52 83.29 -2.75
12 192.3 132.2 -0.13
13 69.57 81.81 -7.98
14 173.44 49.61 -0.11
15 221.8 82.69 1.69
16 186.2 99.85 -0.31
17 69.61 166.02 -7.43
18 160.89 140.07 -0.48
19 142.17 83.87 -1.04
20 112.34 92.5 -2.07
21 283.42 16.27 9.79
22 210.78 77.59 1.02
23 290.83 48.41 11.46
24 178.48 141.64 -0.32
25 192.08 88.08 0.05
26 203.29 91.87 0.14
27 75.29 80.26 -7.77
28 113.48 38.14 -2.82
29 157.26 99.8 -0.6
30 193.78 95.11 -0.09
31 198.13 141.64 0.15
32 200.78 88.0 0.05
33 136.7 84.84 -1.07
34 165.58 139.79 -0.5
35 308.4 27.68 14.32
36 168.56 130.99 -0.4
37 64.71 79.13 -8.09
38 108.68 86.48 -2.39
39 209.19 136.03 0.21
40 154.5 79.7 -0.3
41 131.24 97.65 -1.59
42 306.72 4.64 13.6
43 89.31 45.17 -6.31
44 297.83 36.92 13.22
45 291.39 -6.72 7.63
46 83.98 79.32 -6.79
47 137.32 76.82 -0.99
48 154.63 140.64 -0.87
49 229.08 80.67 2.28
50 184.33 103.88 -0.3
51 288.27 41.3 11.39
52 155.33 105.5 -0.71
53 117.3 84.36 -2.49
54 304.25 35.37 13.95
55 154.43 111.52 -0.81
56 131.19 85.46 -1.64
57 103.53 90.92 -3.71
58 292.36 35.12 12.17
59 233.51 87.82 2.7
60 282.66 49.06 10.84
61 107.79 35.61 -2.89
62 288.17 9.96 10.35
63 100.76 83.77 -4.2
64 88.58 161.41 -6.42
65 67.73 23.67 -8.43
66 155.2 84.95 -0.6
67 138.23 140.1 -1.4
68 213.32 139.04 0.38
69 76.55 74.72 -7.5
70 212.39 82.02 1.08
1 175.73 98.91 0.41
2 174.29 85.39 0.27
3 162.72 135.23 0.08
4 199.76 136.81 1.06
5 219.36 89.78 2.89
6 167.45 99.6 0.17
7 237.7 78.46 5.18
8 146.14 88.5 -0.13
9 156.27 135.93 -0.07
10 110.6 82.52 -2.18
11 191.97 132.17 0.9
12 64.62 80.46 -9.37
13 173.26 48.07 0.32
14 222.44 82.27 2.93
15 185.64 99.61 0.8
16 65.25 167.29 -9.38
17 160.39 140.0 0.08
18 141.16 83.3 -0.21
19 110.86 91.74 -2.03
20 288.33 11.17 13.69
21 211.18 76.9 1.99
22 296.56 44.49 16.59
23 178.06 141.7 0.38
24 191.88 87.62 0.89
25 203.21 91.19 0.93
26 70.73 78.16 -9.11
27 111.61 35.97 -3.04
28 156.67 99.82 0.05
29 193.62 94.84 0.81
30 197.9 141.7 1.04
31 200.63 87.63 0.97
32 135.67 84.39 -0.17
33 165.06 139.74 0.1
34 168.14 130.9 0.13
35 59.7 77.35 -9.24
36 107.02 85.59 -2.2
37 209.38 136.16 1.79
38 154.24 79.28 -0.03
39 130.14 96.95 -1.34
40 85.83 41.9 -7.46
41 80.18 77.41 -7.78
42 136.42 76.24 -0.35
43 153.85 140.56 -0.15
44 230.0 80.17 3.95
45 183.79 103.69 0.76
46 294.01 36.95 16.71
47 154.65 105.51 -0.0
48 115.86 83.51 -2.55
49 153.67 111.19 -0.05
50 129.95 85.09 -1.31
51 101.32 89.81 -4.12
52 298.57 30.26 17.72
53 234.67 86.55 4.67
54 288.01 45.28 15.73
55 105.9 33.37 -3.14
56 98.26 82.82 -4.71
57 84.91 162.3 -7.83
58 62.79 19.5 -10.15
59 154.64 84.52 -0.01
60 136.97 140.33 -0.28
61 213.42 139.2 2.05
62 72.19 72.69 -8.94
63 212.74 81.42 2.07
64 133.0 89.0 -0.6
65 60.0 20.0 -6.62
66 105.0 51.0 -2.17
67 297.0 37.0 10.7
68 97.0 12.0 -2.58
69 60.0 29.0 -6.76
70 203.0 107.0 0.69
71 109.0 58.0 -1.75
1 175.99 98.8 0.26
2 174.48 84.98 0.23
3 162.72 135.41 0.06
4 200.3 137.04 1.02
5 220.71 89.12 2.8
6 167.54 99.41 0.11
7 240.67 77.09 4.81
8 146.09 87.92 -0.43
9 156.2 136.16 -0.05
10 109.14 81.6 -1.74
11 192.23 132.34 1.08
12 59.43 78.7 -9.37
13 173.45 46.34 0.34
14 223.81 81.56 3.01
15 186.09 99.48 0.48
16 59.53 169.66 -8.44
17 160.38 140.26 0.06
18 141.09 82.63 -0.61
19 109.84 91.11 -1.91
20 212.15 76.11 2.05
21 305.34 39.25 16.09
22 178.15 141.97 0.3
23 192.35 87.34 0.71
24 203.65 91.11 0.94
25 65.96 75.5 -9.1
26 110.01 33.02 -2.85
27 156.67 99.6 0.09
28 193.92 94.74 0.79
29 198.44 141.9 0.8
30 201.14 87.35 0.76
31 135.61 84.07 -0.57
32 165.05 139.97 0.09
33 168.14 131.04 0.1
34 54.87 75.38 -9.8
35 105.66 84.66 -1.7
36 209.68 136.11 2.25
37 154.22 78.74 -0.09
38 129.57 96.42 -1.58
39 76.17 75.03 -7.77
40 136.31 75.49 -0.71
41 153.72 140.82 -0.08
42 232.15 79.46 3.43
43 184.2 103.6 0.53
44 302.82 31.12 16.79
45 154.63 105.15 0.05
46 114.03 82.64 -1.85
47 153.62 110.86 -0.0
48 129.46 84.75 -1.67
49 99.39 88.5 -3.98
50 237.28 85.25 4.51
51 296.27 40.3 15.71
52 104.24 30.3 -3.0
53 96.09 81.76 -4.66
54 80.73 163.75 -7.82
55 57.58 13.74 -9.89
56 154.64 84.11 -0.02
57 136.8 140.68 -0.41
58 214.19 138.98 2.08
59 67.49 70.11 -8.91
60 213.81 80.66 2.33
61 132.84 88.94 -1.31
62 58.32 17.84 -10.06
63 104.49 50.2 -3.29
64 300.0 35.27 16.1
65 96.52 10.82 -3.75
66 57.98 26.96 -10.19
67 203.33 106.25 0.99
68 108.49 57.3 -2.63
69 208.0 77.0 0.75
70 237.0 90.0 1.89
71 223.0 63.0 1.42
1 176.24 98.82 8.27
2 174.61 84.69 9.35
3 162.8 135.8 6.7
4 200.96 137.59 6.91
5 222.5 88.48 11.74
6 167.64 99.47 7.66
7 243.58 75.71 13.91
8 156.23 136.56 6.74
9 108.4 81.37 6.57
10 193.04 132.71 7.11
11 225.68 81.07 12.17
12 186.5 99.51 7.92
13 160.49 140.68 6.59
14 140.93 82.19 7.46
15 108.72 90.68 6.54
16 213.32 75.63 11.16
17 178.46 142.5 6.31
18 192.89 87.3 9.41
19 108.43 30.54 8.86
20 156.71 99.53 7.56
21 194.52 94.96 8.69
22 199.03 142.51 7.04
23 201.67 87.52 9.29
24 135.49 83.78 7.41
25 165.19 140.41 6.25
26 168.28 131.32 6.55
27 211.31 136.68 9.07
28 154.21 78.31 8.14
29 128.66 95.95 7.32
30 136.08 74.91 7.7
31 153.72 141.31 6.9
32 234.57 78.62 12.31
33 184.64 103.63 7.37
34 154.65 105.14 7.32
35 113.24 82.32 6.36
36 153.64 110.88 7.27
37 128.52 84.59 7.56
38 96.85 87.09 6.52
39 240.07 84.01 12.87
40 102.61 27.71 8.6
41 93.16 80.24 5.79
42 76.28 166.12 3.91
43 154.64 83.7 8.18
44 136.67 141.2 5.26
45 215.64 139.49 8.88
46 215.1 80.15 11.41
47 132.35 88.73 7.14
48 102.63 48.0 7.33
49 107.09 55.68 8.08
50 208.18 77.18 10.7
51 237.57 90.02 12.23
52 223.3 63.14 12.33
53 189.0 128.0 6.58
1 175.99 96.61 7.71
2 174.52 82.62 8.09
3 162.37 132.82 7.56
4 200.29 134.91 8.43
5 223.44 85.56 10.2
6 167.1 96.88 8.13
7 245.69 71.52 10.78
8 155.8 133.65 7.64
9 106.66 78.03 8.29
10 192.32 129.82 8.22
11 226.71 78.42 10.49
12 185.91 97.06 8.61
13 159.94 137.81 7.65
14 139.86 79.67 8.01
15 107.16 87.72 7.73
16 213.87 71.93 9.77
17 177.74 140.09 7.7
18 192.64 85.19 9.34
19 106.32 26.7 8.44
20 156.19 97.11 7.95
21 194.16 92.8 9.15
22 198.6 140.11 8.35
23 201.43 85.88 9.27
24 134.4 81.23 7.97
25 164.55 137.56 7.45
26 167.82 128.07 7.61
27 211.21 134.11 8.68
28 153.51 75.59 8.09
29 127.37 93.15 7.73
30 135.04 71.89 8.24
31 153.33 138.55 7.73
32 235.54 75.98 10.92
33 184.1 101.47 8.04
34 154.13 102.83 7.87
35 110.98 78.78 7.42
36 153.06 108.93 7.8
37 127.09 81.89 8.27
38 94.33 83.58 8.43
39 241.87 80.41 10.47
40 100.44 24.01 8.25
41 89.93 76.24 8.6
42 71.11 164.29 9.28
43 154.14 81.27 8.18
44 135.56 138.14 7.89
45 215.56 136.77 8.59
46 215.75 76.52 9.75
47 130.91 86.15 7.85
48 100.18 44.12 8.14
49 104.85 52.1 8.26
50 208.41 73.53 9.69
51 238.87 87.32 10.29
52 224.35 59.75 10.15
53 187.85 124.89 8.27
54 184.0 27.0 -1.24
55 109.0 71.0 -0.26
1 184.56 94.0 -1.45
2 183.83 78.96 -1.62
3 170.47 131.41 -0.7
4 209.28 133.96 -0.77
5 234.54 82.15 -1.16
6 176.2 94.63 -1.35
7 257.89 70.8 -1.54
8 163.85 132.09 -0.57
9 117.08 73.53 -3.19
10 201.48 129.3 -1.15
11 238.26 75.13 -1.39
12 195.36 94.78 -1.15
13 168.04 136.28 -0.55
14 149.13 77.7 -1.86
15 116.16 83.47 -2.09
16 225.09 69.27 -1.71
17 185.93 138.89 -0.57
18 202.87 81.88 -1.36
19 117.65 16.66 -4.99
20 165.13 94.56 -1.49
21 204.0 90.8 -1.27
22 207.6 139.17 -0.77
23 211.68 81.96 -1.24
24 143.56 77.78 -1.94
25 172.45 136.07 -0.51
26 175.88 126.94 -0.57
27 220.99 133.52 -1.26
28 163.17 71.8 -2.35
29 136.52 89.53 -2.43
30 144.58 68.95 -2.07
31 161.44 137.02 -0.42
32 247.51 73.39 -1.36
33 193.03 99.05 -1.26
34 162.89 101.13 -1.25
35 120.38 73.87 -2.92
36 161.72 106.53 -1.12
37 136.72 78.24 -2.2
38 104.54 77.23 -3.37
39 253.54 78.85 -1.39
40 111.91 14.01 -4.97
41 100.48 70.67 -3.57
42 80.84 162.66 -0.36
43 163.69 77.81 -2.14
44 143.85 135.39 -0.47
45 225.15 136.19 -1.19
46 226.95 73.46 -1.68
47 139.98 81.86 -2.05
48 111.14 37.29 -4.66
49 115.63 44.01 -3.72
50 219.49 70.39 -1.74
51 250.25 85.52 -1.51
52 236.02 56.38 -2.02
53 197.07 124.36 -1.35
54 184.35 32.35 -2.89
55 110.09 78.62 -2.18
1 183.0 87.45 0.02
2 182.06 72.09 0.04
3 169.34 124.23 0.43
4 207.97 126.25 0.47
5 233.06 74.68 0.28
6 174.53 88.03 0.28
7 255.9 63.44 0.44
8 162.81 124.88 0.48
9 113.82 68.93 0.07
10 199.64 121.63 0.61
11 236.36 68.04 0.45
12 193.58 88.35 0.6
13 167.03 128.97 0.45
14 147.23 71.49 0.01
15 114.05 77.83 -0.05
16 223.03 62.32 0.34
17 184.84 131.29 0.5
18 201.17 75.29 0.29
19 113.75 12.53 -1.05
20 163.39 88.59 0.24
21 202.23 84.37 0.47
22 206.3 131.36 0.5
23 209.99 75.25 0.42
24 141.63 71.76 -0.04
25 171.42 128.74 0.5
26 174.82 119.7 0.48
27 219.1 125.58 0.61
28 160.98 65.64 -0.21
29 134.13 82.71 -0.08
30 142.53 64.04 -0.05
31 160.44 129.64 0.54
32 245.64 66.13 0.52
33 191.27 92.56 0.53
34 161.27 94.4 0.36
35 117.38 69.37 0.13
36 160.14 99.74 0.45
37 134.56 72.28 -0.1
38 101.41 71.5 -0.27
39 251.48 71.54 0.72
40 107.96 10.2 -0.98
41 97.18 66.12 -0.3
42 79.37 154.55 1.09
43 161.57 71.39 -0.06
44 142.87 128.29 0.49
45 223.36 128.1 0.57
46 224.8 66.52 0.41
47 138.02 75.24 -0.11
48 107.42 33.13 -0.96
49 112.45 40.05 -0.5
50 217.52 63.44 0.24
51 248.31 78.05 0.4
52 233.75 49.48 0.22
53 195.19 116.74 0.47
54 181.77 25.38 -0.35
55 107.86 73.59 0.01
56 206.0 76.0 -0.03
57 105.0 22.0 -0.02
58 110.0 16.0 0.06
1 183.05 84.37 -0.03
2 182.19 68.57 0.0
3 169.73 121.71 0.02
4 208.38 123.45 0.04
5 233.29 70.95 0.04
6 174.78 85.08 -0.01
7 256.31 59.54 0.0
8 163.26 122.43 0.02
9 113.83 66.06 0.02
10 200.19 118.88 0.03
11 236.74 64.35 0.03
12 194.09 85.22 0.01
13 167.46 126.51 0.01
14 147.18 68.31 0.03
15 114.02 74.84 -0.06
16 223.34 58.77 0.01
17 185.33 128.64 0.01
18 201.4 71.92 0.04
19 112.68 8.43 -0.02
20 163.59 85.82 0.01
21 202.6 81.13 0.04
22 206.75 128.57 0.03
23 210.37 71.71 0.04
24 141.54 68.7 0.03
25 171.92 126.26 -0.02
26 175.27 117.25 0.01
27 219.67 122.78 0.04
28 160.74 61.98 0.01
29 134.0 79.57 -0.02
30 142.43 61.0 0.02
31 160.94 127.17 0.02
32 246.01 62.47 0.11
33 191.66 89.41 0.05
34 161.55 91.51 0.04
35 117.47 66.56 -0.04
36 160.51 96.66 0.07
37 134.46 69.3 -0.01
38 101.12 68.43 0.01
39 252.07 67.65 0.08
40 106.91 5.97 0.09
41 96.86 63.03 0.02
42 80.44 152.47 0.0
43 161.48 67.92 0.02
44 143.31 125.18 0.04
45 223.91 125.33 0.03
46 225.16 62.9 0.04
47 137.86 72.26 0.01
48 106.51 29.37 -0.05
49 111.94 36.73 -0.05
50 217.74 60.0 0.0
51 248.64 74.5 0.03
52 233.92 45.36 0.03
53 195.57 114.01 0.04
54 181.43 21.14 -0.03
55 107.88 70.63 -0.01
56 205.9 76.11 0.05
57 105.02 22.06 -0.07
58 110.04 15.86 -0.03
59 180.0 25.0 -0.01
1 183.04 84.26 -0.06
2 182.23 68.45 -0.1
3 169.77 121.59 -0.02
4 208.43 123.25 -0.01
5 233.3 70.88 0.01
6 174.79 84.91 0.0
7 256.33 59.47 -0.01
8 163.3 122.31 -0.02
9 113.86 65.88 -0.01
10 200.26 118.71 -0.05
11 236.76 64.25 0.03
12 194.16 85.05 -0.05
13 167.49 126.39 -0.03
14 147.24 68.18 -0.02
15 114.0 74.67 -0.03
16 223.37 58.69 -0.02
17 185.36 128.47 -0.01
18 201.44 71.81 -0.01
19 112.66 8.38 0.01
20 163.61 85.74 -0.03
21 202.67 81.06 -0.01
22 206.78 128.39 0.01
23 210.4 71.69 0.01
24 141.58 68.58 -0.01
25 171.93 126.13 -0.04
26 175.3 117.15 -0.01
27 219.72 122.68 -0.0
28 160.81 61.86 -0.04
29 134.06 79.47 0.0
30 142.48 60.88 -0.02
31 160.99 127.08 -0.05
32 246.12 62.39 0.0
33 191.76 89.25 -0.06
34 161.6 91.43 -0.01
35 117.44 66.4 -0.02
36 160.57 96.82 0.0
37 134.47 69.19 -0.03
38 101.14 68.31 0.01
39 252.12 67.57 0.04
40 106.96 6.09 0.01
41 96.88 62.91 0.02
42 80.43 152.25 0.01
43 161.53 67.83 -0.02
44 143.36 125.1 -0.01
45 223.94 125.16 0.0
46 225.2 62.8 0.02
47 137.92 72.12 -0.06
48 106.47 29.31 0.01
49 111.9 36.65 -0.01
50 217.75 59.89 -0.02
51 248.64 74.47 0.04
52 233.97 45.32 0.01
53 195.63 113.87 -0.03
54 181.42 21.07 -0.01
55 107.87 70.49 -0.01
56 205.94 76.04 -0.02
57 105.0 21.97 -0.02
58 110.03 15.86 0.03
59 180.0 25.13 -0.02
1 182.99 84.13 -0.01
2 182.14 68.33 0.05
3 169.77 121.53 -0.03
4 208.43 123.15 0.02
5 233.31 70.81 0.02
6 174.82 84.84 -0.04
7 256.32 59.41 -0.01
8 163.32 122.27 -0.01
9 113.91 65.8 -0.06
10 200.26 118.65 0.0
11 236.79 64.18 0.03
12 194.13 84.98 0.02
13 167.45 126.34 0.03
14 147.23 68.06 -0.01
15 113.95 74.59 0.03
16 223.35 58.61 0.0
17 185.32 128.41 0.05
18 201.44 71.74 -0.01
19 112.68 8.3 -0.07
20 163.62 85.7 -0.04
21 202.68 81.0 -0.01
22 206.79 128.29 -0.0
23 210.41 71.58 -0.03
24 141.59 68.53 -0.01
25 171.9 126.09 0.02
26 175.31 117.05 -0.04
27 219.72 122.55 -0.0
28 160.75 61.75 0.04
29 134.03 79.41 0.03
30 142.46 60.82 0.0
31 160.95 126.99 0.05
32 246.15 62.32 0.02
33 191.72 89.13 0.03
34 161.62 91.43 -0.03
35 117.5 66.33 -0.11
36 160.6 96.83 -0.0
37 134.46 69.17 -0.03
38 101.14 68.26 0.02
39 252.16 67.49 0.0
40 107.0 6.02 -0.08
41 96.88 62.83 0.03
42 80.47 152.22 -0.05
43 161.52 67.71 0.01
44 143.36 125.06 0.0
45 223.93 125.01 -0.0
46 225.21 62.75 0.01
47 137.88 72.09 0.01
48 106.48 29.24 -0.04
49 111.93 36.61 -0.07
50 217.72 59.82 0.01
51 248.67 74.37 -0.0
52 233.94 45.23 0.04
53 195.65 113.81 0.0
54 181.46 20.95 -0.03
55 107.85 70.45 -0.0
56 205.96 75.93 -0.01
57 104.96 21.88 -0.06
58 110.01 15.8 -0.06
59 180.08 25.02 -0.08
1 183.0 84.16 0.0
2 182.11 68.34 0.02
3 169.77 121.56 -0.01
4 208.45 123.2 -0.02
5 233.31 70.91 0.01
6 174.81 84.9 0.0
7 256.29 59.45 0.0
8 163.3 122.27 0.01
9 113.87 65.82 -0.03
10 200.26 118.69 -0.04
11 236.79 64.23 0.0
12 194.13 84.94 0.03
13 167.46 126.35 0.03
14 147.22 68.09 0.01
15 114.02 74.64 -0.04
16 223.35 58.6 0.01
17 185.38 128.44 -0.06
18 201.47 71.72 -0.03
19 112.64 8.26 -0.0
20 163.61 85.74 0.01
21 202.66 80.95 0.02
22 206.8 128.35 -0.01
23 210.43 71.56 -0.03
24 141.59 68.55 0.01
25 171.92 126.11 -0.01
26 175.3 117.09 -0.02
27 219.73 122.58 -0.01
28 160.77 61.72 0.03
29 134.11 79.44 -0.05
30 142.46 60.87 0.01
31 160.95 127.0 0.02
32 246.14 62.32 -0.01
33 191.73 89.12 0.05
34 161.62 91.45 0.0
35 117.42 66.34 -0.03
36 160.59 96.74 0.02
37 134.48 69.18 -0.03
38 101.15 68.27 -0.02
39 252.17 67.46 -0.02
40 106.93 5.92 0.11
41 96.89 62.83 -0.01
42 80.47 152.3 -0.09
43 161.5 67.71 0.01
44 143.35 125.01 0.01
45 223.95 125.06 -0.01
46 225.22 62.76 0.03
47 137.91 72.1 -0.03
48 106.47 29.24 -0.01
49 111.92 36.56 -0.04
50 217.74 59.82 0.0
51 248.7 74.32 -0.03
52 233.97 45.26 -0.02
53 195.64 113.81 -0.03
54 181.44 20.94 0.0
55 107.88 70.48 -0.05
56 205.99 75.85 -0.05
57 104.94 21.81 -0.02
58 109.98 15.71 -0.02
59 179.99 25.02 0.02
1 182.99 84.18 0.06
2 182.09 68.34 0.03
3 169.77 121.56 -0.02
4 208.39 123.21 0.03
5 233.3 70.91 0.01
6 174.79 84.9 0.01
7 256.29 59.44 0.03
8 163.32 122.28 -0.02
9 113.85 65.83 -0.02
10 200.23 118.7 -0.01
11 236.76 64.22 0.02
12 194.12 85.01 0.02
13 167.48 126.35 -0.01
14 147.23 68.08 -0.01
15 114.0 74.65 0.02
16 223.35 58.59 0.0
17 185.38 128.43 -0.01
18 201.43 71.8 -0.0
19 112.62 8.28 0.04
20 163.61 85.74 -0.01
21 202.67 81.02 -0.01
22 206.77 128.35 0.01
23 210.4 71.61 -0.01
24 141.59 68.55 -0.01
25 171.91 126.12 -0.02
26 175.3 117.08 -0.04
27 219.73 122.64 -0.03
28 160.79 61.87 -0.01
29 134.06 79.43 0.03
30 142.46 60.86 0.02
31 161.0 127.03 -0.01
32 246.17 62.28 -0.01
33 191.74 89.17 0.0
34 161.61 91.43 -0.01
35 117.44 66.34 -0.01
36 160.61 96.75 0.01
37 134.43 69.17 0.06
38 101.15 68.28 -0.04
39 252.14 67.45 0.05
40 106.93 5.97 0.1
41 96.89 62.84 -0.04
42 80.43 152.34 0.03
43 161.5 67.82 -0.0
44 143.35 125.04 -0.01
45 223.96 125.1 -0.03
46 225.21 62.77 0.0
47 137.88 72.1 0.02
48 106.44 29.19 0.02
49 111.85 36.48 0.0
50 217.74 59.8 0.02
51 248.66 74.36 0.02
52 233.98 45.17 -0.02
53 195.63 113.83 -0.01
54 181.42 20.99 0.04
55 107.87 70.49 0.0
56 205.94 75.96 -0.01
57 104.95 21.82 -0.02
58 110.03 15.77 -0.01
59 179.99 25.07 0.02
60 102.0 5.0 -0.03
1 183.04 84.16 -0.1
2 182.16 68.33 -0.04
3 169.76 121.55 0.02
4 208.43 123.18 0.01
5 233.28 70.95 0.02
6 174.81 84.9 -0.01
7 256.32 59.41 -0.02
8 163.32 122.27 -0.0
9 113.82 65.82 -0.01
10 200.25 118.7 -0.0
11 236.79 64.17 -0.01
12 194.12 85.02 -0.0
13 167.47 126.34 0.01
14 147.22 68.1 0.01
15 114.03 74.68 -0.06
16 223.36 58.59 -0.01
17 185.33 128.44 0.01
18 201.43 71.78 0.0
19 112.62 8.27 0.03
20 163.6 85.76 -0.02
21 202.66 81.02 -0.0
22 206.78 128.33 -0.01
23 210.39 71.6 0.01
24 141.58 68.56 0.01
25 171.91 126.09 -0.0
26 175.27 117.07 0.02
27 219.71 122.67 0.01
28 160.8 61.79 -0.01
29 134.07 79.41 0.01
30 142.47 60.86 0.0
31 160.95 127.04 0.02
32 246.15 62.28 -0.01
33 191.72 89.16 0.01
34 161.61 91.4 -0.02
35 117.39 66.34 0.02
36 160.6 96.8 0.0
37 134.47 69.18 0.02
38 101.15 68.31 -0.04
39 252.16 67.44 -0.01
40 107.0 6.08 0.01
41 96.9 62.89 -0.04
42 80.43 152.27 0.03
43 161.51 67.78 -0.0
44 143.35 124.98 0.01
45 223.93 125.13 0.01
46 225.23 62.77 -0.02
47 137.87 72.11 0.02
48 106.45 29.23 -0.0
49 111.84 36.5 0.03
50 217.75 59.8 0.02
51 248.67 74.34 -0.01
52 233.97 45.21 -0.02
53 195.65 113.82 0.01
54 181.44 20.98 0.02
55 107.88 70.5 -0.04
56 205.94 75.93 -0.01
57 104.95 21.77 -0.03
58 109.96 15.76 0.03
59 180.01 25.05 -0.02
60 101.92 5.0 -0.01
[INFO] [WallTime: 1432308138.885096] Stop TurtleBot
1 183.04 84.16 -0.03
2 182.13 68.39 0.01
3 169.75 121.58 0.02
4 208.41 123.21 0.03
5 233.33 70.86 -0.01
6 174.8 84.91 0.01
7 256.33 59.37 0.06
8 163.31 122.29 0.01
9 113.86 65.82 -0.0
10 200.24 118.71 0.02
11 236.79 64.21 -0.02
12 194.14 85.01 -0.02
13 167.43 126.36 0.03
14 147.22 68.07 0.0
15 113.99 74.67 0.02
16 223.35 58.59 -0.01
17 185.35 128.43 0.03
18 201.43 71.85 -0.01
19 112.63 8.26 -0.02
20 163.6 85.79 -0.03
21 202.66 81.11 -0.0
22 206.75 128.34 0.03
23 210.4 71.68 -0.02
24 141.59 68.53 0.0
25 171.87 126.11 0.02
26 175.26 117.09 0.03
27 219.71 122.74 0.02
28 160.77 61.88 0.01
29 134.04 79.41 0.02
30 142.46 60.83 0.02
31 160.95 127.02 0.01
32 246.17 62.27 -0.04
33 191.76 89.17 -0.04
34 161.6 91.42 -0.02
35 117.44 66.37 0.03
36 160.61 96.82 -0.02
37 134.49 69.17 0.0
38 101.13 68.27 -0.01
39 252.18 67.42 -0.01
40 107.02 6.05 0.01
41 96.88 62.83 -0.0
42 80.44 152.29 -0.02
43 161.51 67.81 0.01
44 143.34 124.93 0.02
45 223.95 125.14 0.01
46 225.24 62.78 0.01
47 137.9 72.09 0.01
48 106.43 29.24 -0.01
49 111.84 36.5 -0.02
50 217.76 59.83 -0.0
51 248.66 74.37 0.02
52 233.97 45.18 -0.01
53 195.67 113.84 -0.02
54 181.42 21.0 0.09
55 107.86 70.5 -0.0
56 205.94 75.97 -0.02
57 104.93 21.77 -0.0
58 109.98 15.75 0.02
59 179.94 25.08 0.11
60 101.97 5.05 -0.03
1 182.99 84.16 -0.01
2 182.14 68.34 0.01
3 169.77 121.6 -0.01
4 208.44 123.21 -0.07
5 233.31 70.82 -0.02
6 174.81 84.88 -0.01
7 256.34 59.41 0.0
8 163.31 122.31 0.0
9 113.84 65.79 -0.02
10 200.25 118.71 -0.03
11 236.76 64.15 0.0
12 194.14 85.01 -0.01
13 167.48 126.39 -0.01
14 147.22 68.08 0.0
15 114.01 74.7 0.08
16 223.35 58.61 -0.01
17 185.34 128.44 0.02
18 201.44 71.82 -0.03
19 112.65 8.18 -0.0
20 163.58 85.73 0.01
21 202.67 81.09 -0.01
22 206.77 128.33 0.0
23 210.4 71.69 -0.01
24 141.58 68.55 -0.0
25 171.91 126.14 -0.01
26 175.28 117.1 0.02
27 219.69 122.74 0.02
28 160.78 61.81 -0.02
29 134.06 79.43 -0.0
30 142.47 60.82 0.0
31 160.99 127.06 -0.03
32 246.16 62.24 -0.03
33 191.76 89.17 -0.0
34 161.59 91.42 0.02
35 117.42 66.29 0.02
36 160.6 96.88 0.01
37 134.5 69.19 -0.01
38 101.13 68.26 0.01
39 252.12 67.48 0.04
40 107.03 6.04 0.02
41 96.87 62.8 0.02
42 80.47 152.23 -0.02
43 161.5 67.76 0.03
44 143.34 124.9 0.01
45 223.92 125.13 -0.01
46 225.22 62.83 0.01
47 137.89 72.1 -0.01
48 106.47 29.25 -0.01
49 111.89 36.54 0.02
50 217.75 59.87 0.04
51 248.66 74.36 0.06
52 233.97 45.32 -0.01
53 195.66 113.83 -0.05
54 181.43 21.01 0.04
55 107.87 70.49 0.02
56 205.93 75.99 -0.02
57 104.94 21.74 -0.02
58 110.01 15.75 0.04
59 179.95 25.09 0.06
60 101.99 5.08 -0.06
1 182.99 84.19 0.02
2 182.19 68.35 -0.07
3 169.76 121.59 -0.0
4 208.42 123.22 -0.03
5 233.33 70.81 -0.02
6 174.8 84.91 0.0
7 256.36 59.44 -0.0
8 163.31 122.3 0.0
9 113.82 65.84 0.02
10 200.23 118.74 -0.0
11 236.78 64.19 -0.01
12 194.15 84.98 -0.06
13 167.47 126.38 0.0
14 147.23 68.1 -0.02
15 114.0 74.69 -0.03
16 223.34 58.59 -0.0
17 185.34 128.42 0.03
18 201.41 71.84 0.01
19 112.64 8.33 -0.02
20 163.58 85.76 -0.0
21 202.67 81.09 -0.03
22 206.79 128.35 0.02
23 210.38 71.71 0.01
24 141.59 68.57 -0.03
25 171.91 126.13 -0.01
26 175.28 117.1 0.01
27 219.71 122.69 0.0
28 160.76 61.74 -0.0
29 134.08 79.43 -0.01
30 142.48 60.88 -0.02
31 160.97 127.05 -0.01
32 246.15 62.33 -0.01
33 191.75 89.17 -0.05
34 161.59 91.38 -0.02
35 117.44 66.37 -0.03
36 160.6 96.81 -0.02
37 134.5 69.19 -0.05
38 101.13 68.29 0.01
39 252.14 67.52 0.01
40 107.03 6.18 -0.01
41 96.88 62.84 0.01
42 80.5 152.33 -0.02
43 161.52 67.74 0.01
44 143.35 124.9 -0.0
45 223.93 125.07 -0.01
46 225.24 62.82 0.0
47 137.9 72.11 -0.03
48 106.49 29.31 -0.02
49 111.89 36.52 0.0
50 217.77 59.88 0.0
51 248.68 74.37 0.0
52 233.95 45.21 -0.0
53 195.66 113.85 -0.0
54 181.44 21.03 0.07
55 107.85 70.48 -0.03
56 205.93 76.03 -0.01
57 104.94 21.77 -0.05
58 110.05 15.87 -0.06
59 179.95 25.1 0.09
60 101.92 5.13 0.01
1 182.96 84.18 0.05
2 182.16 68.36 -0.05
3 169.77 121.61 -0.02
4 208.4 123.21 0.01
5 233.33 70.88 -0.04
6 174.79 84.9 0.06
7 256.34 59.4 0.01
8 163.31 122.3 -0.01
9 113.82 65.86 -0.01
10 200.25 118.71 -0.02
11 236.79 64.24 -0.0
12 194.12 85.01 0.0
13 167.45 126.39 0.02
14 147.22 68.07 0.01
15 114.02 74.74 -0.02
16 223.33 58.55 0.01
17 185.37 128.43 0.01
18 201.42 71.87 -0.0
19 112.63 8.29 0.01
20 163.58 85.78 0.02
21 202.64 81.09 0.03
22 206.82 128.33 -0.02
23 210.38 71.68 0.01
24 141.58 68.56 0.01
25 171.91 126.15 0.02
26 175.3 117.12 -0.0
27 219.72 122.63 0.0
28 160.75 61.78 0.02
29 134.06 79.41 0.03
30 142.48 60.86 -0.02
31 160.94 127.05 0.01
32 246.16 62.32 -0.03
33 191.74 89.19 -0.03
34 161.58 91.41 0.01
35 117.43 66.42 -0.05
36 160.6 96.83 -0.01
37 134.48 69.21 -0.01
38 101.13 68.31 0.01
39 252.14 67.52 0.01
40 107.03 6.14 -0.02
41 96.88 62.86 0.01
42 80.44 152.3 0.02
43 161.52 67.78 0.01
44 143.35 124.84 0.01
45 223.94 125.02 -0.02
46 225.24 62.82 0.0
47 137.89 72.12 -0.01
48 106.45 29.27 0.03
49 111.87 36.48 0.04
50 217.76 59.86 -0.02
51 248.69 74.33 0.02
52 233.96 45.3 0.01
53 195.64 113.84 -0.02
54 181.46 21.01 0.02
55 107.85 70.52 -0.03
56 205.92 75.98 0.0
57 104.92 21.75 0.0
58 110.01 15.83 -0.0
59 179.97 25.09 -0.0
60 101.96 5.05 -0.05
1 182.99 84.2 0.04
2 182.14 68.37 0.03
3 169.77 121.59 0.0
4 208.42 123.19 -0.02
5 233.3 70.93 0.03
6 174.81 84.91 -0.01
7 256.35 59.45 -0.02
8 163.32 122.3 0.01
9 113.86 65.84 -0.03
10 200.26 118.73 -0.01
11 236.78 64.27 0.02
12 194.1 85.04 -0.01
13 167.46 126.37 0.02
14 147.22 68.11 -0.01
15 114.06 74.72 -0.04
16 223.33 58.56 0.0
17 185.32 128.42 0.05
18 201.4 71.88 0.03
19 112.65 8.28 -0.01
20 163.57 85.81 0.01
21 202.65 81.08 0.01
22 206.79 128.32 -0.0
23 210.37 71.7 0.02
24 141.59 68.54 -0.01
25 171.89 126.11 0.02
26 175.3 117.09 -0.01
27 219.73 122.64 -0.02
28 160.76 61.77 -0.0
29 134.07 79.41 0.01
30 142.47 60.85 -0.0
31 160.95 127.05 0.04
32 246.12 62.36 0.01
33 191.71 89.21 -0.01
34 161.59 91.47 -0.0
35 117.45 66.41 -0.05
36 160.6 96.82 0.0
37 134.45 69.17 -0.0
38 101.12 68.29 0.01
39 252.14 67.53 -0.0
40 107.01 6.12 0.03
41 96.88 62.85 0.01
42 80.49 152.26 -0.08
43 161.53 67.81 0.02
44 143.36 124.82 -0.0
45 223.95 124.99 -0.03
46 225.23 62.82 0.0
47 137.86 72.09 -0.01
48 106.47 29.29 -0.03
49 111.88 36.54 0.01
50 217.76 59.88 -0.03
51 248.68 74.34 0.01
52 233.99 45.22 -0.01
53 195.65 113.84 0.0
54 181.49 21.02 0.01
55 107.88 70.5 -0.03
56 205.92 75.98 0.01
57 104.95 21.77 -0.06
58 110.03 15.87 -0.05
59 179.99 25.09 -0.02
60 101.9 5.08 0.01
1 182.99 84.17 0.03
2 182.12 68.38 -0.04
3 169.75 121.6 -0.02
4 208.41 123.2 0.0
5 233.31 70.91 0.0
6 174.82 84.9 -0.01
7 256.4 59.4 -0.08
8 163.32 122.31 -0.03
9 113.82 65.83 0.01
10 200.26 118.73 -0.03
11 236.78 64.25 0.01
12 194.1 84.98 0.05
13 167.47 126.38 -0.02
14 147.23 68.09 -0.0
15 114.0 74.71 0.01
16 223.33 58.52 0.01
17 185.35 128.49 0.03
18 201.39 71.88 0.04
19 112.63 8.26 -0.0
20 163.58 85.76 0.01
21 202.67 80.97 0.02
22 206.77 128.32 0.02
23 210.37 71.69 0.03
24 141.59 68.55 -0.0
25 171.9 126.13 -0.03
26 175.28 117.11 -0.02
27 219.72 122.66 -0.01
28 160.76 61.75 -0.0
29 134.05 79.4 0.02
30 142.47 60.86 -0.0
31 160.99 127.07 -0.01
32 246.1 62.33 -0.01
33 191.69 89.2 0.08
34 161.58 91.46 0.02
35 117.4 66.46 -0.01
36 160.58 96.84 0.01
37 134.47 69.2 -0.01
38 101.12 68.3 0.02
39 252.18 67.45 -0.01
40 107.07 6.2 -0.02
41 96.87 62.89 0.02
42 80.44 152.28 0.02
43 161.53 67.8 0.0
44 143.37 124.89 0.01
45 223.96 125.01 -0.02
46 225.24 62.79 0.0
47 137.86 72.11 0.0
48 106.44 29.25 0.01
49 111.89 36.47 0.01
50 217.75 59.8 -0.01
51 248.71 74.32 0.0
52 233.99 45.35 -0.0
53 195.67 113.84 -0.03
54 181.49 21.02 0.02
55 107.85 70.49 -0.01
56 205.92 75.96 0.04
57 104.86 21.69 0.02
58 109.93 15.81 0.06
59 179.97 25.09 -0.02
60 101.99 5.15 0.0
1 183.05 84.2 -0.02
2 182.14 68.36 0.02
3 169.76 121.59 -0.02
4 208.4 123.22 -0.02
5 233.34 70.79 -0.03
6 174.82 84.91 0.02
7 256.38 59.48 -0.03
8 163.32 122.28 -0.02
9 113.87 65.88 -0.05
10 200.22 118.73 0.02
11 236.8 64.22 -0.01
12 194.08 85.05 -0.02
13 167.48 126.37 -0.04
14 147.22 68.08 0.0
15 114.07 74.77 -0.05
16 223.34 58.56 -0.0
17 185.41 128.39 0.0
18 201.42 71.85 -0.0
19 112.62 8.19 -0.03
20 163.61 85.74 -0.04
21 202.66 81.01 0.01
22 206.8 128.35 0.01
23 210.38 71.72 0.03
24 141.58 68.57 -0.0
25 171.92 126.12 -0.04
26 175.31 117.11 0.01
27 219.71 122.74 -0.01
28 160.73 61.84 0.04
29 134.11 79.39 -0.04
30 142.46 60.86 0.0
31 160.98 127.03 0.01
32 246.14 62.32 -0.03
33 191.71 89.22 -0.03
34 161.61 91.42 -0.02
35 117.46 66.47 -0.07
36 160.59 96.8 -0.01
37 134.46 69.2 0.01
38 101.14 68.28 -0.01
39 252.16 67.45 0.01
40 106.98 6.04 0.05
41 96.9 62.88 -0.01
42 80.45 152.28 -0.01
43 161.53 67.85 0.02
44 143.38 124.82 -0.02
45 223.94 125.06 -0.0
46 225.26 62.8 -0.01
47 137.86 72.12 -0.0
48 106.44 29.24 0.02
49 111.88 36.44 -0.01
50 217.75 59.84 -0.0
51 248.72 74.34 -0.01
52 233.96 45.28 0.03
53 195.62 113.83 0.03
54 181.54 21.02 -0.01
55 107.9 70.54 -0.07
56 205.93 75.99 0.01
57 104.88 21.72 0.0
58 110.03 15.86 0.05
59 180.03 25.09 -0.04
60 101.91 4.98 0.03
1 182.95 84.2 0.08
2 182.14 68.38 0.03
3 169.77 121.62 -0.01
4 208.44 123.26 -0.05
5 233.35 70.77 -0.06
6 174.81 84.9 0.02
7 256.35 59.42 0.05
8 163.31 122.31 -0.02
9 113.82 65.84 -0.02
10 200.25 118.75 -0.04
11 236.8 64.23 -0.02
12 194.1 85.0 0.01
13 167.49 126.4 -0.05
14 147.22 68.11 0.01
15 114.01 74.73 -0.01
16 223.35 58.54 -0.02
17 185.39 128.43 -0.02
18 201.4 71.85 0.01
19 112.64 8.25 -0.0
20 163.6 85.73 -0.02
21 202.65 81.0 0.04
22 206.8 128.36 0.0
23 210.39 71.74 0.03
24 141.59 68.58 0.0
25 171.93 126.16 -0.03
26 175.29 117.13 0.0
27 219.72 122.62 0.01
28 160.77 61.84 -0.0
29 134.09 79.36 0.04
30 142.47 60.9 0.0
31 161.03 127.07 -0.07
32 246.08 62.34 0.08
33 191.73 89.2 0.01
34 161.61 91.41 -0.02
35 117.41 66.43 -0.03
36 160.6 96.78 -0.01
37 134.48 69.21 -0.02
38 101.14 68.28 -0.02
39 252.16 67.41 0.01
40 107.04 6.13 -0.03
41 96.9 62.87 -0.01
42 80.39 152.27 0.13
43 161.55 67.85 0.01
44 143.37 124.79 -0.01
45 223.95 124.96 -0.0
46 225.27 62.81 -0.06
47 137.87 72.14 0.01
48 106.46 29.32 0.01
49 111.88 36.49 0.03
50 217.75 59.84 -0.03
51 248.7 74.33 0.02
52 233.99 45.29 0.01
53 195.64 113.83 0.02
54 181.54 21.04 -0.01
55 107.85 70.51 -0.02
56 205.93 75.97 0.03
57 104.87 21.73 -0.0
58 110.03 15.85 0.03
59 180.01 25.11 0.01
60 101.93 4.97 -0.07
61 234.0 50.0 -0.03
1 183.04 84.19 0.01
2 182.15 68.37 -0.05
3 169.75 121.6 0.01
4 208.36 123.23 0.04
5 233.33 70.83 0.01
6 174.81 84.86 0.03
7 256.36 59.45 0.05
8 163.3 122.29 0.01
9 113.8 65.84 -0.01
10 200.23 118.74 -0.02
11 236.77 64.23 0.01
12 194.12 85.03 -0.02
13 167.45 126.39 -0.01
14 147.21 68.1 -0.0
15 113.98 74.75 0.01
16 223.34 58.55 -0.01
17 185.33 128.47 0.04
18 201.42 71.86 -0.03
19 112.59 8.23 0.05
20 163.59 85.73 -0.01
21 202.69 80.99 -0.01
22 206.79 128.36 0.04
23 210.41 71.74 -0.02
24 141.59 68.55 -0.0
25 171.89 126.14 0.01
26 175.29 117.12 0.0
27 219.72 122.66 -0.0
28 160.76 61.78 -0.0
29 134.03 79.38 0.05
30 142.46 60.86 0.0
31 160.98 127.05 0.03
32 246.11 62.31 0.04
33 191.75 89.21 -0.0
34 161.6 91.43 -0.0
35 117.34 66.4 0.04
36 160.6 96.82 0.01
37 134.45 69.19 0.02
38 101.14 68.27 0.01
39 252.09 67.43 0.08
40 107.01 6.09 -0.03
41 96.89 62.83 0.04
42 80.43 152.24 0.09
43 161.54 67.85 0.01
44 143.36 124.74 -0.01
45 223.97 125.04 -0.03
46 225.21 62.81 0.01
47 137.87 72.12 -0.02
48 106.48 29.25 -0.02
49 111.89 36.45 -0.01
50 217.74 59.84 -0.0
51 248.66 74.35 0.06
52 234.01 45.33 -0.02
53 195.66 113.84 -0.01
54 181.51 21.04 -0.0
55 107.81 70.52 0.0
56 205.94 75.94 -0.0
57 104.91 21.75 -0.04
58 110.04 15.91 0.01
59 179.96 25.11 0.01
60 101.92 4.99 -0.11
61 233.99 50.04 -0.01
1 183.01 84.21 0.05
2 182.12 68.38 0.02
3 169.77 121.6 -0.01
4 208.4 123.22 0.01
5 233.34 70.79 0.01
6 174.82 84.89 0.01
7 256.36 59.54 0.05
8 163.31 122.32 0.01
9 113.82 65.86 0.0
10 200.21 118.74 0.01
11 236.78 64.2 0.02
12 194.1 85.04 -0.02
13 167.46 126.4 0.02
14 147.21 68.11 0.01
15 114.04 74.76 -0.02
16 223.33 58.53 0.0
17 185.4 128.43 -0.02
18 201.41 71.9 -0.01
19 112.65 8.25 -0.05
20 163.59 85.71 0.0
21 202.66 81.02 -0.02
22 206.82 128.34 -0.01
23 210.41 71.74 -0.01
24 141.58 68.57 0.0
25 171.91 126.15 0.0
26 175.3 117.12 -0.03
27 219.71 122.7 -0.0
28 160.75 61.83 -0.01
29 134.1 79.4 -0.02
30 142.47 60.93 0.0
31 160.97 127.08 0.05
32 246.12 62.33 0.03
33 191.73 89.2 -0.03
34 161.6 91.4 0.0
35 117.39 66.45 -0.03
36 160.57 96.8 0.03
37 134.45 69.18 0.01
38 101.16 68.31 -0.02
39 252.14 67.42 0.03
40 107.05 6.1 -0.06
41 96.92 62.88 -0.02
42 80.47 152.11 -0.01
43 161.55 67.9 -0.01
44 143.37 124.79 -0.02
45 223.94 125.09 -0.01
46 225.25 62.8 -0.01
47 137.87 72.14 -0.01
48 106.48 29.3 -0.01
49 111.89 36.53 -0.02
50 217.72 59.85 0.04
51 248.7 74.32 0.0
52 233.98 45.34 0.01
53 195.65 113.85 -0.02
54 181.53 21.02 0.03
55 107.83 70.48 -0.0
56 205.93 75.95 -0.01
57 104.87 21.71 -0.02
58 110.07 15.75 -0.05
59 179.99 25.1 0.04
60 101.9 4.96 -0.07
61 233.97 50.07 -0.01
1 183.08 84.18 -0.05
2 182.11 68.38 0.01
3 169.75 121.6 0.02
4 208.42 123.25 -0.01
5 233.31 70.86 -0.01
6 174.84 84.91 -0.02
7 256.35 59.45 0.08
8 163.3 122.29 0.02
9 113.83 65.87 0.03
10 200.23 118.74 -0.03
11 236.79 64.27 0.0
12 194.08 85.0 -0.01
13 167.45 126.38 0.05
14 147.23 68.09 -0.01
15 114.02 74.74 0.02
16 223.34 58.54 -0.05
17 185.43 128.46 -0.02
18 201.43 71.8 -0.02
19 112.6 8.23 0.02
20 163.59 85.78 -0.01
21 202.65 80.97 0.03
22 206.79 128.37 0.02
23 210.42 71.7 -0.02
24 141.6 68.58 -0.01
25 171.9 126.13 0.04
26 175.28 117.12 0.01
27 219.7 122.68 0.02
28 160.77 61.76 -0.0
29 134.07 79.39 0.04
30 142.48 60.87 -0.01
31 160.96 127.04 0.04
32 246.07 62.35 0.03
33 191.7 89.19 -0.02
34 161.6 91.37 -0.01
35 117.4 66.46 0.01
36 160.6 96.79 -0.0
37 134.43 69.2 0.03
38 101.11 68.31 0.04
39 252.15 67.47 0.04
40 106.99 6.09 0.01
41 96.87 62.88 0.05
42 80.49 152.15 0.04
43 161.57 67.87 -0.02
44 143.35 124.78 0.01
45 223.93 125.02 0.02
46 225.24 62.81 -0.02
47 137.85 72.15 0.02
48 106.45 29.29 0.04
49 111.88 36.5 0.06
50 217.76 59.85 -0.04
51 248.69 74.39 0.01
52 233.96 45.39 0.03
53 195.64 113.82 -0.01
54 181.54 21.04 -0.0
55 107.84 70.49 0.02
56 205.93 75.91 0.01
57 104.84 21.72 -0.02
58 110.01 15.86 -0.02
59 180.04 25.11 -0.06
60 101.84 4.96 0.01
61 233.95 50.15 0.06
1 183.04 84.19 -0.01
2 182.1 68.37 0.03
3 169.74 121.59 -0.01
4 208.38 123.24 0.02
5 233.31 70.82 0.04
6 174.83 84.89 0.01
7 256.4 59.48 0.02
8 163.29 122.29 0.03
9 113.82 65.86 0.06
10 200.2 118.75 -0.02
11 236.79 64.25 0.01
12 194.08 85.01 -0.01
13 167.47 126.38 0.01
14 147.23 68.12 -0.0
15 114.04 74.75 0.02
16 223.31 58.5 -0.0
17 185.38 128.44 0.04
18 201.4 71.86 0.01
19 112.61 8.21 -0.0
20 163.59 85.77 -0.01
21 202.67 80.99 -0.01
22 206.8 128.35 0.01
23 210.4 71.73 0.01
24 141.59 68.56 -0.0
25 171.92 126.12 -0.04
26 175.28 117.12 -0.01
27 219.71 122.66 0.01
28 160.75 61.82 -0.0
29 134.12 79.36 0.01
30 142.47 60.88 0.01
31 160.97 127.03 0.05
32 246.12 62.4 0.01
33 191.7 89.22 0.02
34 161.61 91.4 0.01
35 117.38 66.41 0.01
36 160.6 96.81 0.02
37 134.45 69.15 -0.01
38 101.11 68.27 0.03
39 252.14 67.5 0.02
40 107.03 6.1 -0.03
41 96.87 62.85 0.04
42 80.49 152.11 -0.03
43 161.56 67.87 -0.0
44 143.36 124.78 -0.01
45 223.93 124.96 0.02
46 225.22 62.82 0.02
47 137.85 72.09 -0.01
48 106.46 29.3 -0.01
49 111.87 36.48 0.02
50 217.73 59.83 -0.01
51 248.68 74.4 0.03
52 233.97 45.38 0.04
53 195.64 113.84 0.03
54 181.54 21.01 -0.0
55 107.83 70.47 0.04
56 205.93 75.92 -0.01
57 104.84 21.72 -0.07
58 110.02 15.82 -0.1
59 179.99 25.09 -0.0
60 101.88 5.02 -0.03
61 233.99 50.07 0.02
